#   index    LocalEnergy         LocalEnergy_sq      LocalPotential      Kinetic             ElecElec            IonIon              LocalECP            NonLocalECP         MPC                 BlockWeight         BlockCPU            AcceptRatio         
         0   -4.5109199169e+01    2.0358624658e+03   -8.1316692450e+01    3.6207493280e+01   -1.0764572482e+01   -5.1102678377e+01   -2.3640245199e+01    4.1908036085e+00   -1.0448591601e+01    5.1200000000e+02    1.3244396800e-01    5.5742797852e-01
         1   -4.5186160092e+01    2.0428976065e+03   -8.1896803664e+01    3.6710643571e+01   -1.0809269991e+01   -5.1102678377e+01   -2.4293882978e+01    4.3090276815e+00   -1.0513433898e+01    5.1200000000e+02    1.8757845663e-01    5.6372070312e-01
         2   -4.5046533160e+01    2.0302796152e+03   -8.1479419073e+01    3.6432885913e+01   -1.0619200889e+01   -5.1102678377e+01   -2.4459315365e+01    4.7017755571e+00   -1.0303045659e+01    5.1200000000e+02    1.8539808912e-01    5.5892333984e-01
         3   -4.5007209922e+01    2.0266711972e+03   -8.1854142347e+01    3.6846932425e+01   -1.0370291498e+01   -5.1102678377e+01   -2.4465316230e+01    4.0841437577e+00   -1.0050563879e+01    5.1200000000e+02    1.9082491013e-01    5.6166992187e-01
         4   -4.5009297758e+01    2.0271980162e+03   -8.1937317416e+01    3.6928019658e+01   -1.0625485549e+01   -5.1102678377e+01   -2.4561350904e+01    4.3521974140e+00   -1.0307235691e+01    5.1200000000e+02    1.8765568850e-01    5.6052246094e-01
         5   -4.5101075577e+01    2.0350938169e+03   -8.1841574652e+01    3.6740499075e+01   -1.0636485745e+01   -5.1102678377e+01   -2.4867719097e+01    4.7653085672e+00   -1.0364363592e+01    5.1200000000e+02    1.9653424988e-01    5.5966186523e-01
         6   -4.5121922403e+01    2.0371123854e+03   -8.1830089779e+01    3.6708167376e+01   -1.0837883688e+01   -5.1102678377e+01   -2.4136838375e+01    4.2473106613e+00   -1.0532413106e+01    5.1200000000e+02    1.8682591106e-01    5.5913085937e-01
         7   -4.5104252926e+01    2.0353502335e+03   -8.1833268238e+01    3.6729015312e+01   -1.0948189351e+01   -5.1102678377e+01   -2.4365313878e+01    4.5829133681e+00   -1.0667487093e+01    5.1200000000e+02    1.8837628050e-01    5.5854492188e-01
         8   -4.5038476645e+01    2.0296450399e+03   -8.2230738064e+01    3.7192261420e+01   -1.0650561776e+01   -5.1102678377e+01   -2.4642427859e+01    4.1649299468e+00   -1.0343907353e+01    5.1200000000e+02    1.9165114750e-01    5.6162109375e-01
         9   -4.5078946791e+01    2.0331813821e+03   -8.1178486379e+01    3.6099539588e+01   -1.0888225438e+01   -5.1102678377e+01   -2.3598291782e+01    4.4107092176e+00   -1.0594637484e+01    5.1200000000e+02    1.8991556688e-01    5.5993041992e-01
        10   -4.5103272233e+01    2.0353189581e+03   -8.2078279009e+01    3.6975006776e+01   -1.0868872634e+01   -5.1102678377e+01   -2.4686093109e+01    4.5793651114e+00   -1.0556811193e+01    5.1200000000e+02    1.8690673338e-01    5.6133422852e-01
        11   -4.5055536639e+01    2.0310574393e+03   -8.1537245521e+01    3.6481708882e+01   -1.0652665214e+01   -5.1102678377e+01   -2.4258867459e+01    4.4769655283e+00   -1.0348244883e+01    5.1200000000e+02    1.9438035925e-01    5.6046142578e-01
        12   -4.5049915256e+01    2.0305901571e+03   -8.1317196706e+01    3.6267281449e+01   -1.0687143006e+01   -5.1102678377e+01   -2.3846895923e+01    4.3195206000e+00   -1.0369717515e+01    5.1200000000e+02    1.8546370281e-01    5.5963134766e-01
        13   -4.5101769501e+01    2.0352187608e+03   -8.1705166329e+01    3.6603396828e+01   -1.0925556758e+01   -5.1102678377e+01   -2.3814135143e+01    4.1372039476e+00   -1.0633003946e+01    5.1200000000e+02    1.9139954906e-01    5.6165161133e-01
        14   -4.5059047068e+01    2.0312850863e+03   -8.1103709878e+01    3.6044662810e+01   -1.0923394514e+01   -5.1102678377e+01   -2.3159645095e+01    4.0820081072e+00   -1.0599413472e+01    5.1200000000e+02    1.9060607013e-01    5.6189575195e-01
        15   -4.5042727630e+01    2.0298857097e+03   -8.1237729473e+01    3.6195001843e+01   -1.0768909011e+01   -5.1102678377e+01   -2.3746650648e+01    4.3805085634e+00   -1.0456164579e+01    5.1200000000e+02    1.8584859206e-01    5.5980834961e-01
        16   -4.5058701381e+01    2.0314121382e+03   -8.1710563483e+01    3.6651862102e+01   -1.0856807304e+01   -5.1102678377e+01   -2.4163472734e+01    4.4123949313e+00   -1.0559313748e+01    5.1200000000e+02    1.9016980919e-01    5.6043090820e-01
        17   -4.5056987417e+01    2.0312069555e+03   -8.1689031652e+01    3.6632044234e+01   -1.0781947370e+01   -5.1102678377e+01   -2.4049631050e+01    4.2452251444e+00   -1.0470519903e+01    5.1200000000e+02    1.9185367637e-01    5.6083984375e-01
        18   -4.5090994181e+01    2.0342130981e+03   -8.1738478795e+01    3.6647484614e+01   -1.0744770694e+01   -5.1102678377e+01   -2.3809889319e+01    3.9188595941e+00   -1.0446445959e+01    5.1200000000e+02    1.8739427963e-01    5.6088867188e-01
        19   -4.5090395023e+01    2.0341045920e+03   -8.1575356761e+01    3.6484961738e+01   -1.0574704052e+01   -5.1102678377e+01   -2.4403700067e+01    4.5057257344e+00   -1.0251832745e+01    5.1200000000e+02    1.9297899694e-01    5.6107177734e-01
        20   -4.5081654317e+01    2.0333861665e+03   -8.2304796978e+01    3.7223142661e+01   -1.0880542290e+01   -5.1102678377e+01   -2.4690414097e+01    4.3688377847e+00   -1.0552275276e+01    5.1200000000e+02    1.9125976306e-01    5.6049804688e-01
        21   -4.5090118659e+01    2.0342082240e+03   -8.2206553064e+01    3.7116434405e+01   -1.0705391665e+01   -5.1102678377e+01   -2.4965735752e+01    4.5672527302e+00   -1.0400779790e+01    5.1200000000e+02    1.9336523813e-01    5.6051635742e-01
        22   -4.5200570905e+01    2.0442010829e+03   -8.0876835198e+01    3.5676264293e+01   -1.0590292412e+01   -5.1102678377e+01   -2.3523797379e+01    4.3399329703e+00   -1.0284907222e+01    5.1200000000e+02    1.8674557575e-01    5.6019897461e-01
        23   -4.5120468248e+01    2.0367891900e+03   -8.1367636911e+01    3.6247168663e+01   -1.0797708751e+01   -5.1102678377e+01   -2.4048263844e+01    4.5810140599e+00   -1.0480537281e+01    5.1200000000e+02    1.9280014919e-01    5.6174926758e-01
        24   -4.4945919614e+01    2.0212022776e+03   -8.1458550629e+01    3.6512631015e+01   -1.0513126538e+01   -5.1102678377e+01   -2.4390287984e+01    4.5475422696e+00   -1.0204664458e+01    5.1200000000e+02    1.9186953956e-01    5.6190185547e-01
        25   -4.5110661313e+01    2.0362839627e+03   -8.2027205373e+01    3.6916544060e+01   -1.0814185138e+01   -5.1102678377e+01   -2.4439431184e+01    4.3290893259e+00   -1.0502934044e+01    5.1200000000e+02    1.9175332069e-01    5.6138305664e-01
        26   -4.5103850205e+01    2.0354497538e+03   -8.2220841734e+01    3.7116991529e+01   -1.0667800812e+01   -5.1102678377e+01   -2.5047219736e+01    4.5968571913e+00   -1.0364544619e+01    5.1200000000e+02    1.9473122794e-01    5.6006469727e-01
        27   -4.5068791113e+01    2.0324259836e+03   -8.1497113191e+01    3.6428322078e+01   -1.0910286031e+01   -5.1102678377e+01   -2.3937807913e+01    4.4536591305e+00   -1.0587833264e+01    5.1200000000e+02    1.8844898469e-01    5.6085815430e-01
        28   -4.5144527097e+01    2.0390317294e+03   -8.1898204324e+01    3.6753677227e+01   -1.0785462155e+01   -5.1102678377e+01   -2.4720724537e+01    4.7106607446e+00   -1.0489526712e+01    5.1200000000e+02    1.9368780344e-01    5.6217651367e-01
        29   -4.5029790574e+01    2.0287381737e+03   -8.1734584159e+01    3.6704793585e+01   -1.0746203478e+01   -5.1102678377e+01   -2.4094887255e+01    4.2091849515e+00   -1.0434742179e+01    5.1200000000e+02    1.8620478494e-01    5.5974121094e-01
        30   -4.5117446447e+01    2.0366314257e+03   -8.1373887182e+01    3.6256440735e+01   -1.0898044058e+01   -5.1102678377e+01   -2.4149721003e+01    4.7765562557e+00   -1.0596600848e+01    5.1200000000e+02    1.9183299337e-01    5.5834960938e-01
        31   -4.5111575931e+01    2.0360579351e+03   -8.1722960073e+01    3.6611384143e+01   -1.0662565322e+01   -5.1102678377e+01   -2.4724305737e+01    4.7665893621e+00   -1.0348312295e+01    5.1200000000e+02    1.9085209187e-01    5.5773925781e-01
        32   -4.5079047210e+01    2.0331554625e+03   -8.2431564488e+01    3.7352517278e+01   -1.0876243687e+01   -5.1102678377e+01   -2.4343401408e+01    3.8907589831e+00   -1.0599207450e+01    5.1200000000e+02    1.8636644081e-01    5.5934448242e-01
        33   -4.5140939511e+01    2.0387349346e+03   -8.1157687747e+01    3.6016748236e+01   -1.0751514690e+01   -5.1102678377e+01   -2.3796938677e+01    4.4934439963e+00   -1.0446878581e+01    5.1200000000e+02    1.9307903525e-01    5.6117553711e-01
        34   -4.5152700617e+01    2.0399591799e+03   -8.2015180401e+01    3.6862479784e+01   -1.0782435500e+01   -5.1102678377e+01   -2.4496176315e+01    4.3661097908e+00   -1.0487289010e+01    5.1200000000e+02    1.9415100594e-01    5.5900878906e-01
        35   -4.5120738298e+01    2.0368685596e+03   -8.1517479950e+01    3.6396741652e+01   -1.0912245383e+01   -5.1102678377e+01   -2.3738295080e+01    4.2357388894e+00   -1.0656338368e+01    5.1200000000e+02    1.8693486444e-01    5.6190185547e-01
        36   -4.5088807790e+01    2.0340761999e+03   -8.2218313669e+01    3.7129505879e+01   -1.0707842837e+01   -5.1102678377e+01   -2.4618492559e+01    4.2107001034e+00   -1.0417171522e+01    5.1200000000e+02    1.9494837694e-01    5.5869140625e-01
        37   -4.5137316531e+01    2.0386508600e+03   -8.1454355771e+01    3.6317039240e+01   -1.0692855452e+01   -5.1102678377e+01   -2.4124470917e+01    4.4656489747e+00   -1.0393769475e+01    5.1200000000e+02    1.8712945994e-01    5.6062011719e-01
        38   -4.5123309421e+01    2.0370958610e+03   -8.2032426758e+01    3.6909117337e+01   -1.0811788983e+01   -5.1102678377e+01   -2.4547319801e+01    4.4293604030e+00   -1.0519512541e+01    5.1200000000e+02    1.9081724794e-01    5.5868530273e-01
        39   -4.5076666377e+01    2.0329215860e+03   -8.1859692234e+01    3.6783025857e+01   -1.0853145093e+01   -5.1102678377e+01   -2.4309757643e+01    4.4058888792e+00   -1.0550450093e+01    5.1200000000e+02    1.8644908025e-01    5.6014404297e-01
        40   -4.5221700692e+01    2.0458871319e+03   -8.1660637721e+01    3.6438937029e+01   -1.0876532189e+01   -5.1102678377e+01   -2.3847155114e+01    4.1657279589e+00   -1.0614423438e+01    5.1200000000e+02    1.8947339763e-01    5.6215209961e-01
        41   -4.5103149887e+01    2.0352426095e+03   -8.1781566927e+01    3.6678417040e+01   -1.0809757301e+01   -5.1102678377e+01   -2.4552019459e+01    4.6828882100e+00   -1.0512441691e+01    5.1200000000e+02    1.8930783650e-01    5.5996704102e-01
        42   -4.5084057216e+01    2.0335112176e+03   -8.1892008452e+01    3.6807951236e+01   -1.0876721069e+01   -5.1102678377e+01   -2.4635343533e+01    4.7227345258e+00   -1.0580717619e+01    5.1200000000e+02    1.9181045894e-01    5.6004028320e-01
        43   -4.5161584661e+01    2.0405552114e+03   -8.1509548157e+01    3.6347963496e+01   -1.0660111967e+01   -5.1102678377e+01   -2.4769744890e+01    5.0229870769e+00   -1.0373821262e+01    5.1200000000e+02    1.9083618987e-01    5.5911865234e-01
        44   -4.5078460146e+01    2.0329927856e+03   -8.1537519733e+01    3.6459059587e+01   -1.0679522899e+01   -5.1102678377e+01   -2.4005317323e+01    4.2499988654e+00   -1.0377427279e+01    5.1200000000e+02    1.9024818719e-01    5.6118164063e-01
        45   -4.5169428874e+01    2.0418106698e+03   -8.1108623944e+01    3.5939195070e+01   -1.0656896145e+01   -5.1102678377e+01   -2.4447659257e+01    5.0986098341e+00   -1.0365360881e+01    5.1200000000e+02    1.9002773081e-01    5.6053466797e-01
        46   -4.5041034812e+01    2.0300220765e+03   -8.2158854321e+01    3.7117819510e+01   -1.0687772218e+01   -5.1102678377e+01   -2.4929733406e+01    4.5613296800e+00   -1.0385283937e+01    5.1200000000e+02    1.9112922275e-01    5.6257934570e-01
        47   -4.5145323892e+01    2.0390411231e+03   -8.1984865679e+01    3.6839541787e+01   -1.0999187393e+01   -5.1102678377e+01   -2.4436611047e+01    4.5536111364e+00   -1.0691621237e+01    5.1200000000e+02    1.8602264175e-01    5.5911254883e-01
        48   -4.5113823933e+01    2.0365544664e+03   -8.2414747849e+01    3.7300923917e+01   -1.0582384544e+01   -5.1102678377e+01   -2.4811055499e+01    4.0813705702e+00   -1.0269739132e+01    5.1200000000e+02    1.9070335531e-01    5.6066894531e-01
        49   -4.5040409833e+01    2.0296844868e+03   -8.1829863347e+01    3.6789453513e+01   -1.0844219798e+01   -5.1102678377e+01   -2.4255376201e+01    4.3724110291e+00   -1.0533201542e+01    5.1200000000e+02    1.9487501300e-01    5.5927124023e-01
        50   -4.5027334606e+01    2.0284165429e+03   -8.1885254288e+01    3.6857919681e+01   -1.0502407778e+01   -5.1102678377e+01   -2.4863713113e+01    4.5835449798e+00   -1.0181248798e+01    5.1200000000e+02    1.8772966050e-01    5.5968017578e-01
        51   -4.5108906755e+01    2.0358835763e+03   -8.2692593159e+01    3.7583686404e+01   -1.0697705827e+01   -5.1102678377e+01   -2.5159136343e+01    4.2669273884e+00   -1.0382161330e+01    5.1200000000e+02    1.9017400544e-01    5.5853271484e-01
        52   -4.5163924523e+01    2.0409874781e+03   -8.1878751920e+01    3.6714827397e+01   -1.0709850511e+01   -5.1102678377e+01   -2.4299314142e+01    4.2330911101e+00   -1.0405547646e+01    5.1200000000e+02    1.9025738437e-01    5.6347045898e-01
        53   -4.5147793391e+01    2.0393039057e+03   -8.1843459370e+01    3.6695665979e+01   -1.0667205967e+01   -5.1102678377e+01   -2.4722773465e+01    4.6491984390e+00   -1.0380289084e+01    5.1200000000e+02    1.8968494831e-01    5.6077270508e-01
        54   -4.5118706869e+01    2.0372511898e+03   -8.1437281067e+01    3.6318574198e+01   -1.0571546074e+01   -5.1102678377e+01   -2.4068010753e+01    4.3049541367e+00   -1.0257781429e+01    5.1200000000e+02    1.9308858194e-01    5.6090087891e-01
        55   -4.5162466175e+01    2.0407302186e+03   -8.1973226129e+01    3.6810759954e+01   -1.0766780581e+01   -5.1102678377e+01   -2.4568509528e+01    4.4647423569e+00   -1.0483729569e+01    5.1200000000e+02    1.8977093075e-01    5.5988159180e-01
        56   -4.5045749849e+01    2.0301597158e+03   -8.1298793270e+01    3.6253043421e+01   -1.0590613372e+01   -5.1102678377e+01   -2.4169699607e+01    4.5641980862e+00   -1.0287658130e+01    5.1200000000e+02    1.8782509343e-01    5.6112060547e-01
        57   -4.5001523486e+01    2.0261643159e+03   -8.1188254119e+01    3.6186730633e+01   -1.0699797340e+01   -5.1102678377e+01   -2.3551707442e+01    4.1659290399e+00   -1.0401006029e+01    5.1200000000e+02    1.9272547819e-01    5.6339111328e-01
        58   -4.5012886292e+01    2.0271447969e+03   -8.1043524190e+01    3.6030637898e+01   -1.0724006864e+01   -5.1102678377e+01   -2.3429498377e+01    4.2126594274e+00   -1.0386206179e+01    5.1200000000e+02    1.8823143600e-01    5.6079711914e-01
        59   -4.5036406457e+01    2.0294442392e+03   -8.2122119213e+01    3.7085712756e+01   -1.0735272873e+01   -5.1102678377e+01   -2.5054416621e+01    4.7702486571e+00   -1.0438089229e+01    5.1200000000e+02    1.9192956869e-01    5.6190795898e-01
        60   -4.5076868747e+01    2.0330103496e+03   -8.1318743227e+01    3.6241874480e+01   -1.0839630470e+01   -5.1102678377e+01   -2.4283218194e+01    4.9067838139e+00   -1.0524904252e+01    5.1200000000e+02    1.8526109294e-01    5.6043701172e-01
        61   -4.5080580913e+01    2.0334126326e+03   -8.1975936193e+01    3.6895355280e+01   -1.0849328802e+01   -5.1102678377e+01   -2.4548884698e+01    4.5249556831e+00   -1.0558232063e+01    5.1200000000e+02    1.9122441525e-01    5.6116333008e-01
        62   -4.5119097108e+01    2.0368595298e+03   -8.1098159399e+01    3.5979062291e+01   -1.0844383991e+01   -5.1102678377e+01   -2.3662826554e+01    4.5117295227e+00   -1.0532526343e+01    5.1200000000e+02    1.8960611075e-01    5.6091308594e-01
        63   -4.5111592561e+01    2.0360502116e+03   -8.2217225898e+01    3.7105633337e+01   -1.0791279858e+01   -5.1102678377e+01   -2.4735138535e+01    4.4118708720e+00   -1.0486927775e+01    5.1200000000e+02    1.9251120419e-01    5.6157836914e-01
        64   -4.5125782630e+01    2.0374211269e+03   -8.0838026545e+01    3.5712243915e+01   -1.0796860708e+01   -5.1102678377e+01   -2.3081805426e+01    4.1433179651e+00   -1.0486844997e+01    5.1200000000e+02    1.9133447675e-01    5.6289062500e-01
        65   -4.5018338006e+01    2.0278709141e+03   -8.2678501731e+01    3.7660163725e+01   -1.0667936195e+01   -5.1102678377e+01   -2.4990558875e+01    4.0826717153e+00   -1.0341416687e+01    5.1200000000e+02    1.8828286906e-01    5.6132812500e-01
        66   -4.5167423217e+01    2.0429091055e+03   -8.1384464229e+01    3.6217041012e+01   -1.0840066703e+01   -5.1102678377e+01   -2.4331724410e+01    4.8900052600e+00   -1.0547251291e+01    5.1200000000e+02    1.9078078906e-01    5.6084594727e-01
        67   -4.5056346123e+01    2.0310811958e+03   -8.1868259259e+01    3.6811913136e+01   -1.0782084265e+01   -5.1102678377e+01   -2.4614339466e+01    4.6308428482e+00   -1.0485212815e+01    5.1200000000e+02    1.8834898500e-01    5.5981445312e-01
        68   -4.5097072866e+01    2.0346901272e+03   -8.1700697884e+01    3.6603625018e+01   -1.0917751039e+01   -5.1102678377e+01   -2.4317276853e+01    4.6370083841e+00   -1.0621727920e+01    5.1200000000e+02    1.8971542931e-01    5.6055908203e-01
        69   -4.5094566045e+01    2.0345477736e+03   -8.1897505224e+01    3.6802939180e+01   -1.0666188680e+01   -5.1102678377e+01   -2.4524765024e+01    4.3961268569e+00   -1.0380123942e+01    5.1200000000e+02    1.9595363531e-01    5.6010742187e-01
        70   -4.5104592718e+01    2.0356129431e+03   -8.2347276774e+01    3.7242684057e+01   -1.0855735332e+01   -5.1102678377e+01   -2.4896016882e+01    4.5071538172e+00   -1.0565847365e+01    5.1200000000e+02    1.9334437350e-01    5.5842895508e-01
        71   -4.5097015466e+01    2.0347242376e+03   -8.2051705667e+01    3.6954690202e+01   -1.0815929131e+01   -5.1102678377e+01   -2.4589143468e+01    4.4560453086e+00   -1.0504518780e+01    5.1200000000e+02    1.9343646881e-01    5.5961303711e-01
        72   -4.5057711081e+01    2.0313865183e+03   -8.1855415445e+01    3.6797704364e+01   -1.0764524191e+01   -5.1102678377e+01   -2.4499437104e+01    4.5112242273e+00   -1.0458210028e+01    5.1200000000e+02    1.8988620125e-01    5.6192016602e-01
        73   -4.5025542618e+01    2.0282958301e+03   -8.1699794863e+01    3.6674252245e+01   -1.0633625513e+01   -5.1102678377e+01   -2.4465936774e+01    4.5024458000e+00   -1.0323985658e+01    5.1200000000e+02    1.9154754206e-01    5.6099243164e-01
        74   -4.5034568450e+01    2.0290666250e+03   -8.1279151316e+01    3.6244582866e+01   -1.0816071394e+01   -5.1102678377e+01   -2.3885607183e+01    4.5252056378e+00   -1.0534946330e+01    5.1200000000e+02    1.8620695319e-01    5.6191406250e-01
        75   -4.5148801613e+01    2.0395038880e+03   -8.1369347062e+01    3.6220545449e+01   -1.1001780293e+01   -5.1102678377e+01   -2.3793880370e+01    4.5289919774e+00   -1.0710614001e+01    5.1200000000e+02    1.8580874425e-01    5.5844116211e-01
        76   -4.5061794459e+01    2.0316184135e+03   -8.1925215806e+01    3.6863421347e+01   -1.0728724428e+01   -5.1102678377e+01   -2.4742394077e+01    4.6485810754e+00   -1.0438772237e+01    5.1200000000e+02    1.8764705181e-01    5.5983886719e-01
        77   -4.5101734199e+01    2.0351186679e+03   -8.2252223727e+01    3.7150489528e+01   -1.0850571860e+01   -5.1102678377e+01   -2.4765000988e+01    4.4660274986e+00   -1.0576729635e+01    5.1200000000e+02    1.9351642131e-01    5.5898437500e-01
        78   -4.5036029102e+01    2.0293452149e+03   -8.2029271729e+01    3.6993242627e+01   -1.0696156536e+01   -5.1102678377e+01   -2.5055302907e+01    4.8248660900e+00   -1.0408703157e+01    5.1200000000e+02    1.9009817406e-01    5.6451416016e-01
        79   -4.5028740009e+01    2.0285647684e+03   -8.1751114015e+01    3.6722374007e+01   -1.0781673693e+01   -5.1102678377e+01   -2.4519794644e+01    4.6530326978e+00   -1.0480055126e+01    5.1200000000e+02    1.8988143544e-01    5.6070556641e-01
        80   -4.4984405343e+01    2.0246991973e+03   -8.2072472161e+01    3.7088066818e+01   -1.0798091139e+01   -5.1102678377e+01   -2.4822935351e+01    4.6512327053e+00   -1.0495193963e+01    5.1200000000e+02    1.8678289300e-01    5.6204833984e-01
        81   -4.5091748472e+01    2.0343886373e+03   -8.1198341319e+01    3.6106592847e+01   -1.0759817237e+01   -5.1102678377e+01   -2.3899096914e+01    4.5632512086e+00   -1.0450771930e+01    5.1200000000e+02    1.8789438125e-01    5.6087646484e-01
        82   -4.5041977076e+01    2.0298324345e+03   -8.2213842368e+01    3.7171865292e+01   -1.0608548542e+01   -5.1102678377e+01   -2.4760602622e+01    4.2579871733e+00   -1.0322949033e+01    5.1200000000e+02    1.9356373500e-01    5.6154785156e-01
        83   -4.5085364550e+01    2.0337783619e+03   -8.2276636836e+01    3.7191272285e+01   -1.0658618633e+01   -5.1102678377e+01   -2.4792205177e+01    4.2768653514e+00   -1.0366278453e+01    5.1200000000e+02    1.9071748194e-01    5.5901489258e-01
        84   -4.5004245770e+01    2.0264692944e+03   -8.1219319179e+01    3.6215073408e+01   -1.0726104628e+01   -5.1102678377e+01   -2.3960290779e+01    4.5697546055e+00   -1.0416038871e+01    5.1200000000e+02    1.8732776294e-01    5.5940551758e-01
        85   -4.5106807536e+01    2.0357601600e+03   -8.1901934872e+01    3.6795127336e+01   -1.0686282358e+01   -5.1102678377e+01   -2.4348467551e+01    4.2354934143e+00   -1.0388670089e+01    5.1200000000e+02    1.9588872893e-01    5.6270751953e-01
        86   -4.5098507729e+01    2.0348980465e+03   -8.2001807651e+01    3.6903299922e+01   -1.0789802713e+01   -5.1102678377e+01   -2.4542967673e+01    4.4336411120e+00   -1.0500244868e+01    5.1200000000e+02    1.8872136388e-01    5.6192016602e-01
        87   -4.5087784831e+01    2.0339842915e+03   -8.2015006195e+01    3.6927221364e+01   -1.0682985299e+01   -5.1102678377e+01   -2.4697968401e+01    4.4686258820e+00   -1.0380295235e+01    5.1200000000e+02    1.9327675612e-01    5.6088867188e-01
        88   -4.5161610204e+01    2.0411356001e+03   -8.1730586229e+01    3.6568976025e+01   -1.0717443265e+01   -5.1102678377e+01   -2.4423659354e+01    4.5131947673e+00   -1.0409352355e+01    5.1200000000e+02    1.9280833819e-01    5.6373291016e-01
        89   -4.5097973572e+01    2.0348044697e+03   -8.2067674433e+01    3.6969700860e+01   -1.0633270670e+01   -5.1102678377e+01   -2.4529478477e+01    4.1977530906e+00   -1.0340561416e+01    5.1200000000e+02    1.9194173950e-01    5.6123046875e-01
        90   -4.5092885935e+01    2.0344236162e+03   -8.2438313196e+01    3.7345427261e+01   -1.0494313328e+01   -5.1102678377e+01   -2.5167947775e+01    4.3266262838e+00   -1.0194804134e+01    5.1200000000e+02    1.8945676350e-01    5.5859375000e-01
        91   -4.5160986936e+01    2.0407502029e+03   -8.2524502871e+01    3.7363515935e+01   -1.0712429296e+01   -5.1102678377e+01   -2.4977124277e+01    4.2677290792e+00   -1.0430465813e+01    5.1200000000e+02    1.9017418781e-01    5.5893554688e-01
        92   -4.5069322298e+01    2.0322537269e+03   -8.1467871462e+01    3.6398549163e+01   -1.0914735204e+01   -5.1102678377e+01   -2.3482201997e+01    4.0317441161e+00   -1.0606265353e+01    5.1200000000e+02    1.9066778044e-01    5.6101074219e-01
        93   -4.5017577621e+01    2.0277362039e+03   -8.0996655618e+01    3.5979077997e+01   -1.0715115752e+01   -5.1102678377e+01   -2.3508582088e+01    4.3297205988e+00   -1.0410031942e+01    5.1200000000e+02    1.9109732713e-01    5.6273803711e-01
        94   -4.5085425446e+01    2.0338670349e+03   -8.1616245591e+01    3.6530820145e+01   -1.0781162926e+01   -5.1102678377e+01   -2.4157652912e+01    4.4252486242e+00   -1.0486972039e+01    5.1200000000e+02    1.8893768775e-01    5.5909423828e-01
        95   -4.4996073605e+01    2.0255772268e+03   -8.1492839657e+01    3.6496766052e+01   -1.0853412784e+01   -5.1102678377e+01   -2.3917770700e+01    4.3810222043e+00   -1.0545170641e+01    5.1200000000e+02    1.8892407400e-01    5.5883178711e-01
        96   -4.5124847104e+01    2.0373906050e+03   -8.1671285722e+01    3.6546438618e+01   -1.0717393164e+01   -5.1102678377e+01   -2.4507422316e+01    4.6562081352e+00   -1.0436048461e+01    5.1200000000e+02    1.9806864913e-01    5.5930175781e-01
        97   -4.5122171469e+01    2.0368993535e+03   -8.2086831822e+01    3.6964660353e+01   -1.0803970005e+01   -5.1102678377e+01   -2.4982284007e+01    4.8021005659e+00   -1.0491598687e+01    5.1200000000e+02    1.8880235444e-01    5.5877685547e-01
        98   -4.5091126519e+01    2.0342096179e+03   -8.1881418454e+01    3.6790291935e+01   -1.0674028166e+01   -5.1102678377e+01   -2.4336663956e+01    4.2319520446e+00   -1.0362330382e+01    5.1200000000e+02    1.9080467719e-01    5.6105346680e-01
        99   -4.5068155859e+01    2.0321006580e+03   -8.1618797966e+01    3.6550642108e+01   -1.0756400808e+01   -5.1102678377e+01   -2.4654097279e+01    4.8943784973e+00   -1.0459124516e+01    5.1200000000e+02    1.9320369319e-01    5.5905151367e-01
