#   index    LocalEnergy         LocalEnergy_sq      LocalPotential      Kinetic             ElecElec            IonIon              IonElec             BlockWeight         BlockCPU            AcceptRatio         
         0   -7.6400632721e+01    5.8394865397e+03   -1.3896993669e+02    6.2569303965e+01    3.6873832089e+01    9.1895337630e+00   -1.8503330254e+02    2.0000000000e+03    8.9315533638e-02    3.0910000000e-01
         1   -7.6372907419e+01    5.8345990563e+03   -1.3707896430e+02    6.0706056877e+01    3.7047145009e+01    9.1895337630e+00   -1.8331564307e+02    2.0000000000e+03    9.0397804976e-02    3.1263000000e-01
         2   -7.6389598384e+01    5.8371934174e+03   -1.2322894201e+02    4.6839343629e+01    3.6504947575e+01    9.1895337630e+00   -1.6892342335e+02    2.0000000000e+03    9.0548992157e-02    3.1344000000e-01
         3   -7.6268383301e+01    5.8189133252e+03   -1.4065480117e+02    6.4386417865e+01    3.6954457142e+01    9.1895337630e+00   -1.8679879207e+02    2.0000000000e+03    8.9616239071e-02    3.1145000000e-01
         4   -7.6514870448e+01    5.8564708571e+03   -1.4508665280e+02    6.8571782354e+01    3.7020693616e+01    9.1895337630e+00   -1.9129688018e+02    2.0000000000e+03    9.1271191835e-02    3.1100000000e-01
         5   -7.6280240509e+01    5.8206813280e+03   -1.7148918876e+02    9.5208948248e+01    3.7215734517e+01    9.1895337630e+00   -2.1789445704e+02    2.0000000000e+03    9.0440958738e-02    3.0989000000e-01
         6   -7.6272288453e+01    5.8193899976e+03   -1.3317727190e+02    5.6904983447e+01    3.6697668480e+01    9.1895337630e+00   -1.7906447414e+02    2.0000000000e+03    9.1805815697e-02    3.1010000000e-01
         7   -7.6316931521e+01    5.8266148465e+03   -1.6378513254e+02    8.7468201023e+01    3.6847767953e+01    9.1895337630e+00   -2.0982243426e+02    2.0000000000e+03    9.6500724554e-02    3.1198000000e-01
         8   -7.6359410127e+01    5.8323107167e+03   -1.4392380145e+02    6.7564391328e+01    3.6591134954e+01    9.1895337630e+00   -1.8970447017e+02    2.0000000000e+03    9.6245288849e-02    3.1127000000e-01
         9   -7.6421979061e+01    5.8423026067e+03   -1.4127525682e+02    6.4853277759e+01    3.7468322288e+01    9.1895337630e+00   -1.8793311287e+02    2.0000000000e+03    9.2770189047e-02    3.1166000000e-01
        10   -7.6383586489e+01    5.8364993138e+03   -1.4840688325e+02    7.2023296766e+01    3.6848315821e+01    9.1895337630e+00   -1.9444473284e+02    2.0000000000e+03    9.3640148640e-02    3.1332000000e-01
        11   -7.6364743986e+01    5.8334875653e+03   -1.4129426911e+02    6.4929525128e+01    3.7018131099e+01    9.1895337630e+00   -1.8750193398e+02    2.0000000000e+03    9.5003724098e-02    3.1258000000e-01
        12   -7.6327951974e+01    5.8281396142e+03   -1.2899655074e+02    5.2668598767e+01    3.6671138769e+01    9.1895337630e+00   -1.7485722327e+02    2.0000000000e+03    9.3456476927e-02    3.1327000000e-01
        13   -7.6461283385e+01    5.8484146376e+03   -1.4532904457e+02    6.8867761180e+01    3.7396380609e+01    9.1895337630e+00   -1.9191495894e+02    2.0000000000e+03    9.4533145428e-02    3.1018000000e-01
        14   -7.6330738453e+01    5.8281747744e+03   -1.3449066123e+02    5.8159922779e+01    3.7059308840e+01    9.1895337630e+00   -1.8073950383e+02    2.0000000000e+03    9.3136787415e-02    3.0971000000e-01
        15   -7.6354228304e+01    5.8323113847e+03   -1.6839308209e+02    9.2038853785e+01    3.7656586318e+01    9.1895337630e+00   -2.1523920217e+02    2.0000000000e+03    9.3509525061e-02    3.0675000000e-01
        16   -7.6286438206e+01    5.8218957777e+03   -1.4346193164e+02    6.7175493436e+01    3.6755147789e+01    9.1895337630e+00   -1.8940661319e+02    2.0000000000e+03    9.2950582504e-02    3.1039000000e-01
        17   -7.6407988207e+01    5.8403879082e+03   -1.7120823507e+02    9.4800246859e+01    3.7250119370e+01    9.1895337630e+00   -2.1764788820e+02    2.0000000000e+03    9.4946980476e-02    3.1024000000e-01
        18   -7.6237116723e+01    5.8142640024e+03   -1.4898004613e+02    7.2742929409e+01    3.6766883882e+01    9.1895337630e+00   -1.9493646378e+02    2.0000000000e+03    9.2369288206e-02    3.0960000000e-01
        19   -7.6422437152e+01    5.8428358041e+03   -1.3889007061e+02    6.2467633457e+01    3.7111700179e+01    9.1895337630e+00   -1.8519130455e+02    2.0000000000e+03    9.4128072262e-02    3.1279000000e-01
        20   -7.6415078106e+01    5.8422389209e+03   -1.5924128027e+02    8.2826202164e+01    3.8137598849e+01    9.1895337630e+00   -2.0656841288e+02    2.0000000000e+03    9.3799948692e-02    3.0965000000e-01
        21   -7.6399707283e+01    5.8392570409e+03   -1.4378219641e+02    6.7382489124e+01    3.7581940994e+01    9.1895337630e+00   -1.9055367116e+02    2.0000000000e+03    9.4270944595e-02    3.1163000000e-01
        22   -7.6383090455e+01    5.8363170918e+03   -1.4251194829e+02    6.6128857833e+01    3.7179578187e+01    9.1895337630e+00   -1.8888106024e+02    2.0000000000e+03    9.4530820847e-02    3.1162000000e-01
        23   -7.6305279442e+01    5.8246429259e+03   -1.3883179521e+02    6.2526515764e+01    3.7449168239e+01    9.1895337630e+00   -1.8547049721e+02    2.0000000000e+03    9.2664301395e-02    3.1054000000e-01
        24   -7.6368529048e+01    5.8338992339e+03   -1.5398631811e+02    7.7617789067e+01    3.7279801052e+01    9.1895337630e+00   -2.0045565293e+02    2.0000000000e+03    9.3427360058e-02    3.1148000000e-01
        25   -7.6328489891e+01    5.8282399053e+03   -1.6406963789e+02    8.7741147998e+01    3.7189488915e+01    9.1895337630e+00   -2.1044866057e+02    2.0000000000e+03    9.6545100212e-02    3.1222000000e-01
        26   -7.6461589986e+01    5.8482510696e+03   -1.5151953763e+02    7.5057947649e+01    3.6872858911e+01    9.1895337630e+00   -1.9758193031e+02    2.0000000000e+03    9.4062000513e-02    3.0882000000e-01
        27   -7.6353529793e+01    5.8318052113e+03   -1.5019936126e+02    7.3845831468e+01    3.7318555202e+01    9.1895337630e+00   -1.9670745023e+02    2.0000000000e+03    9.4812840223e-02    3.0954000000e-01
        28   -7.6448298910e+01    5.8465267900e+03   -1.4003326488e+02    6.3584965973e+01    3.6964400266e+01    9.1895337630e+00   -1.8618719891e+02    2.0000000000e+03    9.4494998455e-02    3.1325000000e-01
        29   -7.6450270316e+01    5.8463972844e+03   -1.3384567200e+02    5.7395401684e+01    3.6848888132e+01    9.1895337630e+00   -1.7988409390e+02    2.0000000000e+03    9.4021618366e-02    3.1211000000e-01
        30   -7.6427173811e+01    5.8426041066e+03   -1.3417276323e+02    5.7745589423e+01    3.6420279562e+01    9.1895337630e+00   -1.7978257656e+02    2.0000000000e+03    9.2681646347e-02    3.1231000000e-01
        31   -7.6411073202e+01    5.8418584972e+03   -1.4303790465e+02    6.6626831449e+01    3.6869845905e+01    9.1895337630e+00   -1.8909728432e+02    2.0000000000e+03    1.0387632251e-01    3.1299000000e-01
        32   -7.6435695492e+01    5.8441850478e+03   -1.4942488150e+02    7.2989186007e+01    3.7396114387e+01    9.1895337630e+00   -1.9601052965e+02    2.0000000000e+03    9.0401083231e-02    3.1005000000e-01
        33   -7.6533259783e+01    5.8595807342e+03   -1.4891016336e+02    7.2376903579e+01    3.6837571068e+01    9.1895337630e+00   -1.9493726819e+02    2.0000000000e+03    9.0659111738e-02    3.1013000000e-01
        34   -7.6333566068e+01    5.8291734748e+03   -2.0887810764e+02    1.3254454158e+02    3.7161042985e+01    9.1895337630e+00   -2.5522868439e+02    2.0000000000e+03    9.3133270741e-02    3.1015000000e-01
        35   -7.6523235027e+01    5.8582708980e+03   -1.8788497013e+02    1.1136173511e+02    3.7289849636e+01    9.1895337630e+00   -2.3436435353e+02    2.0000000000e+03    9.3081533909e-02    3.1153000000e-01
        36   -7.6493171759e+01    5.8530941196e+03   -1.5138836150e+02    7.4895189737e+01    3.6884398869e+01    9.1895337630e+00   -1.9746229413e+02    2.0000000000e+03    9.7294211388e-02    3.1174000000e-01
        37   -7.6350741427e+01    5.8342969481e+03   -1.7503469963e+02    9.8683958200e+01    3.7067397265e+01    9.1895337630e+00   -2.2129163066e+02    2.0000000000e+03    9.7400933504e-02    3.1462000000e-01
        38   -7.6427773764e+01    5.8427545445e+03   -1.4175142044e+02    6.5323646680e+01    3.7472570123e+01    9.1895337630e+00   -1.8841352433e+02    2.0000000000e+03    9.5770657063e-02    3.1167000000e-01
        39   -7.6269967760e+01    5.8191850568e+03   -1.6043336210e+02    8.4163394344e+01    3.7745343802e+01    9.1895337630e+00   -2.0736823967e+02    2.0000000000e+03    9.5762938261e-02    3.0962000000e-01
        40   -7.6377766776e+01    5.8352185791e+03   -1.5060132251e+02    7.4223555736e+01    3.8111118774e+01    9.1895337630e+00   -1.9790197505e+02    2.0000000000e+03    9.6278548241e-02    3.0894000000e-01
        41   -7.6306675035e+01    5.8245024439e+03   -1.3817293648e+02    6.1866261447e+01    3.7179008964e+01    9.1895337630e+00   -1.8454147921e+02    2.0000000000e+03    9.7361564636e-02    3.1155000000e-01
        42   -7.6410167170e+01    5.8401795301e+03   -1.4454514490e+02    6.8134977734e+01    3.6719292851e+01    9.1895337630e+00   -1.9045397152e+02    2.0000000000e+03    9.9945366383e-02    3.1323000000e-01
        43   -7.6281544475e+01    5.8214151176e+03   -1.7445381332e+02    9.8172268842e+01    3.7463747917e+01    9.1895337630e+00   -2.2110709500e+02    2.0000000000e+03    9.0161681175e-02    3.0996000000e-01
        44   -7.6342602331e+01    5.8303268814e+03   -1.4911454925e+02    7.2771946915e+01    3.7108712514e+01    9.1895337630e+00   -1.9541279552e+02    2.0000000000e+03    9.4821959734e-02    3.1260000000e-01
        45   -7.6314864303e+01    5.8258042365e+03   -1.5045923768e+02    7.4144373379e+01    3.6860748428e+01    9.1895337630e+00   -1.9650951987e+02    2.0000000000e+03    9.2455267906e-02    3.1108000000e-01
        46   -7.6523373334e+01    5.8575542100e+03   -1.3303914679e+02    5.6515773456e+01    3.6373879302e+01    9.1895337630e+00   -1.7860255986e+02    2.0000000000e+03    9.2875510454e-02    3.1299000000e-01
        47   -7.6241911123e+01    5.8155018478e+03   -1.4716123585e+02    7.0919324727e+01    3.7142722129e+01    9.1895337630e+00   -1.9349349174e+02    2.0000000000e+03    9.4825178385e-02    3.0925000000e-01
        48   -7.6460725252e+01    5.8480157725e+03   -1.5066232977e+02    7.4201604521e+01    3.7198435489e+01    9.1895337630e+00   -1.9705029902e+02    2.0000000000e+03    9.4748735428e-02    3.1163000000e-01
        49   -7.6522878846e+01    5.8582370997e+03   -1.7820715231e+02    1.0168427346e+02    3.8573262836e+01    9.1895337630e+00   -2.2596994891e+02    2.0000000000e+03    9.3874305487e-02    3.0782000000e-01
        50   -7.6461178181e+01    5.8481391591e+03   -1.5409507788e+02    7.7633899702e+01    3.7842764549e+01    9.1895337630e+00   -2.0112737619e+02    2.0000000000e+03    9.3930602074e-02    3.1128000000e-01
        51   -7.6499005439e+01    5.8538253489e+03   -1.5083491457e+02    7.4335909135e+01    3.6967542286e+01    9.1895337630e+00   -1.9699199062e+02    2.0000000000e+03    9.4363987446e-02    3.1391000000e-01
        52   -7.6314195906e+01    5.8261891474e+03   -1.6723731848e+02    9.0923122572e+01    3.7175164301e+01    9.1895337630e+00   -2.1360201654e+02    2.0000000000e+03    9.3039751053e-02    3.1045000000e-01
        53   -7.6311499923e+01    5.8249527886e+03   -1.4099701512e+02    6.4685515198e+01    3.6754695139e+01    9.1895337630e+00   -1.8694124402e+02    2.0000000000e+03    9.3269586563e-02    3.1110000000e-01
        54   -7.6368422338e+01    5.8342576443e+03   -1.3967037386e+02    6.3301951522e+01    3.7036136579e+01    9.1895337630e+00   -1.8589604420e+02    2.0000000000e+03    9.4652682543e-02    3.1282000000e-01
        55   -7.6499781966e+01    5.8540755605e+03   -1.5046687618e+02    7.3967094213e+01    3.7211291247e+01    9.1895337630e+00   -1.9686770119e+02    2.0000000000e+03    9.4568043947e-02    3.1083000000e-01
        56   -7.6402848089e+01    5.8425731966e+03   -1.5660163820e+02    8.0198790114e+01    3.6811111500e+01    9.1895337630e+00   -2.0260228347e+02    2.0000000000e+03    9.4530791044e-02    3.1241000000e-01
        57   -7.6357615872e+01    5.8320558942e+03   -1.2975447407e+02    5.3396858199e+01    3.7546018030e+01    9.1895337630e+00   -1.7649002586e+02    2.0000000000e+03    9.3406021595e-02    3.0933000000e-01
        58   -7.6359918926e+01    5.8431113934e+03   -1.7154301069e+02    9.5183091764e+01    3.7502106745e+01    9.1895337630e+00   -2.1823465120e+02    2.0000000000e+03    9.4449430704e-02    3.1218000000e-01
        59   -7.6370192235e+01    5.8339871862e+03   -1.5127224528e+02    7.4902053043e+01    3.7170735646e+01    9.1895337630e+00   -1.9763251469e+02    2.0000000000e+03    9.4912081957e-02    3.1001000000e-01
        60   -7.6252781304e+01    5.8158431822e+03   -1.4870432135e+02    7.2451540047e+01    3.7627402185e+01    9.1895337630e+00   -1.9552125730e+02    2.0000000000e+03    9.3431115150e-02    3.0899000000e-01
        61   -7.6376727702e+01    5.8361207024e+03   -1.6652383850e+02    9.0147110798e+01    3.6883231973e+01    9.1895337630e+00   -2.1259660424e+02    2.0000000000e+03    9.4726294279e-02    3.1005000000e-01
        62   -7.6415660175e+01    5.8411767400e+03   -1.5905681050e+02    8.2641150324e+01    3.6969066383e+01    9.1895337630e+00   -2.0521541064e+02    2.0000000000e+03    9.7845941782e-02    3.1054000000e-01
        63   -7.6199012193e+01    5.8108389334e+03   -1.5021722174e+02    7.4018209549e+01    3.6801190796e+01    9.1895337630e+00   -1.9620794630e+02    2.0000000000e+03    9.4222992659e-02    3.1256000000e-01
        64   -7.6353791130e+01    5.8337496190e+03   -1.4906640539e+02    7.2712614265e+01    3.6913197194e+01    9.1895337630e+00   -1.9516913635e+02    2.0000000000e+03    9.5539540052e-02    3.1463000000e-01
        65   -7.6474578273e+01    5.8503464266e+03   -1.4294292376e+02    6.6468345483e+01    3.7202208184e+01    9.1895337630e+00   -1.8933466570e+02    2.0000000000e+03    9.5787525177e-02    3.1151000000e-01
        66   -7.6389160749e+01    5.8376748016e+03   -1.2678660036e+02    5.0397439616e+01    3.6744894613e+01    9.1895337630e+00   -1.7272102874e+02    2.0000000000e+03    9.4591200352e-02    3.1181000000e-01
        67   -7.6312843100e+01    5.8255686158e+03   -1.6436944670e+02    8.8056603604e+01    3.7875528435e+01    9.1895337630e+00   -2.1143450890e+02    2.0000000000e+03    9.4959795475e-02    3.1212000000e-01
        68   -7.6404339936e+01    5.8395782769e+03   -1.5686358116e+02    8.0459241220e+01    3.6818325900e+01    9.1895337630e+00   -2.0287144082e+02    2.0000000000e+03    9.5283508301e-02    3.1110000000e-01
        69   -7.6443653686e+01    5.8456977394e+03   -1.5737549335e+02    8.0931839667e+01    3.7708661582e+01    9.1895337630e+00   -2.0427368870e+02    2.0000000000e+03    9.4418644905e-02    3.0929000000e-01
        70   -7.6344538081e+01    5.8311943027e+03   -1.3777346715e+02    6.1428929069e+01    3.6604189463e+01    9.1895337630e+00   -1.8356719038e+02    2.0000000000e+03    9.3065530062e-02    3.1276000000e-01
        71   -7.6264466236e+01    5.8182299158e+03   -1.3678502750e+02    6.0520561260e+01    3.6806996323e+01    9.1895337630e+00   -1.8278155758e+02    2.0000000000e+03    9.4939649105e-02    3.0911000000e-01
        72   -7.6256345922e+01    5.8172396549e+03   -1.4805763052e+02    7.1801284599e+01    3.6960935589e+01    9.1895337630e+00   -1.9420809987e+02    2.0000000000e+03    9.4105720520e-02    3.1164000000e-01
        73   -7.6392034302e+01    5.8383880838e+03   -1.5847421064e+02    8.2082176342e+01    3.6452367756e+01    9.1895337630e+00   -2.0411611216e+02    2.0000000000e+03    9.3737721443e-02    3.1204000000e-01
        74   -7.6389390545e+01    5.8370193862e+03   -1.2972929989e+02    5.3339909347e+01    3.6620291853e+01    9.1895337630e+00   -1.7553912551e+02    2.0000000000e+03    9.3841195107e-02    3.1157000000e-01
        75   -7.6415173404e+01    5.8413228698e+03   -1.6021332828e+02    8.3798154875e+01    3.7626504759e+01    9.1895337630e+00   -2.0702936680e+02    2.0000000000e+03    9.4591766596e-02    3.1174000000e-01
        76   -7.6449986818e+01    5.8465917882e+03   -1.4841015175e+02    7.1960164936e+01    3.7113758266e+01    9.1895337630e+00   -1.9471344378e+02    2.0000000000e+03    9.4183623791e-02    3.0916000000e-01
        77   -7.6427611550e+01    5.8441639251e+03   -1.5759057709e+02    8.1162965539e+01    3.7303182150e+01    9.1895337630e+00   -2.0408329300e+02    2.0000000000e+03    9.4659179449e-02    3.1105000000e-01
        78   -7.6329755939e+01    5.8286084999e+03   -2.1621189147e+02    1.3988213553e+02    3.8368429563e+01    9.1895337630e+00   -2.6376985480e+02    2.0000000000e+03    9.3315005302e-02    3.0944000000e-01
        79   -7.6360500209e+01    5.8332384692e+03   -1.8491228287e+02    1.0855178267e+02    3.8278900524e+01    9.1895337630e+00   -2.3238071716e+02    2.0000000000e+03    9.3878656626e-02    3.0892000000e-01
