#   index    LocalEnergy         LocalEnergy_sq      LocalPotential      Kinetic             ElecElec            IonIon              LocalECP            NonLocalECP         MPC                 BlockWeight         BlockCPU            AcceptRatio         
         0   -4.5259954191e+01    2.0494298310e+03   -8.1579441218e+01    3.6319487027e+01   -1.1148609833e+01   -5.1102678377e+01   -2.3545052518e+01    4.2168995099e+00   -1.0898405672e+01    8.0140000000e+03    2.4487291092e+00    9.9635040579e-01
         1   -4.5239506734e+01    2.0475748969e+03   -8.1450338503e+01    3.6210831769e+01   -1.1037011059e+01   -5.1102678377e+01   -2.3704749034e+01    4.3940999667e+00   -1.0771276672e+01    7.9970000000e+03    2.4137590925e+00    9.9618163108e-01
         2   -4.5250437974e+01    2.0485353622e+03   -8.1338803901e+01    3.6088365926e+01   -1.1034509429e+01   -5.1102678377e+01   -2.3468482160e+01    4.2668660644e+00   -1.0759374476e+01    8.0480000000e+03    2.4448137830e+00    9.9604641945e-01
         3   -4.5285770840e+01    2.0517525936e+03   -8.1464354465e+01    3.6178583625e+01   -1.1117048594e+01   -5.1102678377e+01   -2.3463520440e+01    4.2188929455e+00   -1.0839258749e+01    7.9390000000e+03    2.3970165780e+00    9.9608433311e-01
         4   -4.5291811833e+01    2.0523219380e+03   -8.1993850396e+01    3.6702038563e+01   -1.1038443540e+01   -5.1102678377e+01   -2.4065182597e+01    4.2124541180e+00   -1.0756843583e+01    7.7460000000e+03    2.3610831485e+00    9.9605978009e-01
         5   -4.5310611525e+01    2.0540036380e+03   -8.2073663383e+01    3.6763051858e+01   -1.1161550721e+01   -5.1102678377e+01   -2.4094043892e+01    4.2846096076e+00   -1.0895358782e+01    7.8000000000e+03    2.3823354967e+00    9.9590480713e-01
         6   -4.5283927692e+01    2.0515608686e+03   -8.1890575145e+01    3.6606647453e+01   -1.1078902997e+01   -5.1102678377e+01   -2.4043272556e+01    4.3342787849e+00   -1.0803031076e+01    7.9730000000e+03    2.4021975175e+00    9.9615052508e-01
         7   -4.5289870534e+01    2.0521221207e+03   -8.1676189296e+01    3.6386318762e+01   -1.1126246986e+01   -5.1102678377e+01   -2.3752307434e+01    4.3050434997e+00   -1.0859202761e+01    8.0310000000e+03    2.4445712780e+00    9.9621444286e-01
         8   -4.5325640943e+01    2.0553642587e+03   -8.1250809544e+01    3.5925168601e+01   -1.1184707221e+01   -5.1102678377e+01   -2.3291648035e+01    4.3282240889e+00   -1.0923609115e+01    7.9230000000e+03    2.4239898178e+00    9.9622236129e-01
         9   -4.5299970568e+01    2.0531544376e+03   -8.1505112854e+01    3.6205142286e+01   -1.1254734274e+01   -5.1102678377e+01   -2.3341354143e+01    4.1936539396e+00   -1.1005642522e+01    7.9260000000e+03    2.3978591490e+00    9.9646149056e-01
        10   -4.5325266349e+01    2.0553654861e+03   -8.1657565948e+01    3.6332299599e+01   -1.1195917807e+01   -5.1102678377e+01   -2.4001481982e+01    4.6425122174e+00   -1.0942314389e+01    7.9110000000e+03    2.4523316683e+00    9.9625758615e-01
        11   -4.5278205524e+01    2.0511451149e+03   -8.1968698256e+01    3.6690492732e+01   -1.1093341667e+01   -5.1102678377e+01   -2.4279313779e+01    4.5066355667e+00   -1.0834296603e+01    8.0510000000e+03    2.4571534963e+00    9.9617685082e-01
        12   -4.5262163400e+01    2.0497383703e+03   -8.1945429318e+01    3.6683265919e+01   -1.0887099154e+01   -5.1102678377e+01   -2.4481353536e+01    4.5257017489e+00   -1.0632922567e+01    8.2010000000e+03    2.4682830493e+00    9.9586975980e-01
        13   -4.5296250037e+01    2.0527556866e+03   -8.1975512382e+01    3.6679262346e+01   -1.1009842058e+01   -5.1102678377e+01   -2.4412789051e+01    4.5497971041e+00   -1.0740904755e+01    8.1000000000e+03    2.4816688420e+00    9.9600477913e-01
        14   -4.5257765387e+01    2.0492646906e+03   -8.1155879518e+01    3.5898114131e+01   -1.1001910229e+01   -5.1102678377e+01   -2.3677931050e+01    4.6266401379e+00   -1.0732810134e+01    7.9650000000e+03    2.4545360048e+00    9.9607661325e-01
        15   -4.5248714310e+01    2.0485152787e+03   -8.1063746012e+01    3.5815031702e+01   -1.1052879809e+01   -5.1102678377e+01   -2.3451557424e+01    4.5433695977e+00   -1.0779611154e+01    7.8990000000e+03    2.4679066652e+00    9.9592785463e-01
        16   -4.5278493409e+01    2.0511787419e+03   -8.0848336239e+01    3.5569842831e+01   -1.1075376281e+01   -5.1102678377e+01   -2.3253237017e+01    4.5829554354e+00   -1.0817975306e+01    7.8560000000e+03    2.4325694817e+00    9.9615736505e-01
        17   -4.5300089091e+01    2.0530826774e+03   -8.1487225916e+01    3.6187136825e+01   -1.1197790375e+01   -5.1102678377e+01   -2.3943451112e+01    4.7566939473e+00   -1.0952553247e+01    7.9370000000e+03    2.4301617185e+00    9.9622192887e-01
        18   -4.5223553781e+01    2.0461458212e+03   -8.1849605330e+01    3.6626051549e+01   -1.1020385037e+01   -5.1102678377e+01   -2.4633604477e+01    4.9070625609e+00   -1.0756640554e+01    8.0040000000e+03    2.4662874293e+00    9.9612679857e-01
        19   -4.5222311956e+01    2.0461083730e+03   -8.2157714821e+01    3.6935402865e+01   -1.0952026856e+01   -5.1102678377e+01   -2.4735908258e+01    4.6328986690e+00   -1.0700484575e+01    8.1130000000e+03    2.4920546795e+00    9.9623280295e-01
        20   -4.5221956558e+01    2.0460920666e+03   -8.2099543201e+01    3.6877586643e+01   -1.0851556656e+01   -5.1102678377e+01   -2.4753552440e+01    4.6082442715e+00   -1.0584903683e+01    7.9970000000e+03    2.4645005568e+00    9.9596849834e-01
        21   -4.5203592328e+01    2.0443997334e+03   -8.2529012666e+01    3.7325420337e+01   -1.0892413758e+01   -5.1102678377e+01   -2.4845109287e+01    4.3111887558e+00   -1.0655053356e+01    7.8810000000e+03    2.3958576555e+00    9.9571674678e-01
        22   -4.5241405650e+01    2.0477816942e+03   -8.2340256733e+01    3.7098851083e+01   -1.0950918152e+01   -5.1102678377e+01   -2.4690511456e+01    4.4038512521e+00   -1.0700649801e+01    7.7510000000e+03    2.3817623657e+00    9.9581606575e-01
        23   -4.5229759386e+01    2.0466871789e+03   -8.2475886253e+01    3.7246126867e+01   -1.1003807504e+01   -5.1102678377e+01   -2.4923257327e+01    4.5538569554e+00   -1.0754199117e+01    7.7320000000e+03    2.3957110067e+00    9.9610696155e-01
        24   -4.5288782337e+01    2.0520915594e+03   -8.2112828227e+01    3.6824045890e+01   -1.1013839197e+01   -5.1102678377e+01   -2.4519534110e+01    4.5232234567e+00   -1.0763040531e+01    7.8350000000e+03    2.3996515922e+00    9.9592771189e-01
        25   -4.5254261938e+01    2.0489687503e+03   -8.2230967214e+01    3.6976705276e+01   -1.0920567986e+01   -5.1102678377e+01   -2.4668252198e+01    4.4605313458e+00   -1.0646966708e+01    7.7360000000e+03    2.3815800732e+00    9.9618263843e-01
        26   -4.5275507676e+01    2.0508403212e+03   -8.2048230030e+01    3.6772722354e+01   -1.1043021913e+01   -5.1102678377e+01   -2.4426013399e+01    4.5234836593e+00   -1.0766562120e+01    7.9350000000e+03    2.4358064440e+00    9.9606275894e-01
        27   -4.5289575728e+01    2.0520996232e+03   -8.2218854029e+01    3.6929278300e+01   -1.1185296211e+01   -5.1102678377e+01   -2.4394550250e+01    4.4636708093e+00   -1.0905876304e+01    8.0790000000e+03    2.4415028453e+00    9.9598881193e-01
        28   -4.5273652879e+01    2.0506625052e+03   -8.1886666350e+01    3.6613013470e+01   -1.0978632277e+01   -5.1102678377e+01   -2.4343749820e+01    4.5383941236e+00   -1.0693692702e+01    8.0060000000e+03    2.4187387123e+00    9.9620889409e-01
        29   -4.5329165451e+01    2.0557596728e+03   -8.1683075953e+01    3.6353910501e+01   -1.1142477436e+01   -5.1102678377e+01   -2.3747150799e+01    4.3092306595e+00   -1.0877510146e+01    8.0610000000e+03    2.5127304282e+00    9.9611165081e-01
        30   -4.5231025914e+01    2.0468550416e+03   -8.1672248558e+01    3.6441222644e+01   -1.0912569124e+01   -5.1102678377e+01   -2.4266923296e+01    4.6099222384e+00   -1.0644756858e+01    8.1280000000e+03    2.4700856735e+00    9.9629450657e-01
        31   -4.5225799004e+01    2.0463089192e+03   -8.1946691345e+01    3.6720892340e+01   -1.0875160072e+01   -5.1102678377e+01   -2.4400230975e+01    4.4313780793e+00   -1.0618429391e+01    7.9710000000e+03    2.4391220170e+00    9.9609458223e-01
        32   -4.5200684718e+01    2.0441483825e+03   -8.1969577100e+01    3.6768892382e+01   -1.0846779836e+01   -5.1102678377e+01   -2.4408225875e+01    4.3881069870e+00   -1.0574859424e+01    7.7530000000e+03    2.3692045748e+00    9.9596644786e-01
        33   -4.5212395211e+01    2.0451822740e+03   -8.1794923686e+01    3.6582528475e+01   -1.0854408740e+01   -5.1102678377e+01   -2.4251992082e+01    4.4141555125e+00   -1.0582240975e+01    7.5990000000e+03    2.3256018420e+00    9.9602004941e-01
        34   -4.5269035195e+01    2.0503496353e+03   -8.1745432760e+01    3.6476397565e+01   -1.0969184741e+01   -5.1102678377e+01   -2.3905810355e+01    4.2322407122e+00   -1.0704865315e+01    7.5060000000e+03    2.2804940652e+00    9.9620240557e-01
        35   -4.5275343487e+01    2.0509136201e+03   -8.1715786752e+01    3.6440443265e+01   -1.1118973595e+01   -5.1102678377e+01   -2.3748280857e+01    4.2541460766e+00   -1.0868639321e+01    7.5300000000e+03    2.3262700490e+00    9.9601654143e-01
        36   -4.5263503929e+01    2.0497886856e+03   -8.1968262586e+01    3.6704758657e+01   -1.1034865954e+01   -5.1102678377e+01   -2.4021264500e+01    4.1905462445e+00   -1.0770095454e+01    7.5900000000e+03    2.3131406717e+00    9.9599998250e-01
        37   -4.5240903894e+01    2.0477958588e+03   -8.2262256239e+01    3.7021352345e+01   -1.0859261597e+01   -5.1102678377e+01   -2.4891699182e+01    4.5913829167e+00   -1.0598218276e+01    7.5860000000e+03    2.3699534333e+00    9.9579844229e-01
        38   -4.5254494528e+01    2.0490325759e+03   -8.1902297603e+01    3.6647803075e+01   -1.0833733576e+01   -5.1102678377e+01   -2.4494488497e+01    4.5286028471e+00   -1.0568903341e+01    7.6170000000e+03    2.3533757650e+00    9.9602518325e-01
        39   -4.5211325971e+01    2.0450400741e+03   -8.1536885037e+01    3.6325559067e+01   -1.0947010578e+01   -5.1102678377e+01   -2.4160166079e+01    4.6729699955e+00   -1.0669748592e+01    7.6320000000e+03    2.3603801107e+00    9.9603943745e-01
        40   -4.5229436836e+01    2.0466518366e+03   -8.2097077447e+01    3.6867640611e+01   -1.0992271474e+01   -5.1102678377e+01   -2.4390445257e+01    4.3883176599e+00   -1.0723085353e+01    7.7360000000e+03    2.3472532028e+00    9.9610173962e-01
        41   -4.5252892918e+01    2.0488265985e+03   -8.1755453318e+01    3.6502560400e+01   -1.1078976182e+01   -5.1102678377e+01   -2.3900176742e+01    4.3263779821e+00   -1.0811853879e+01    7.6040000000e+03    2.3113618503e+00    9.9617244351e-01
        42   -4.5185775110e+01    2.0427637192e+03   -8.1956782309e+01    3.6771007199e+01   -1.1045261111e+01   -5.1102678377e+01   -2.4003644680e+01    4.1948018579e+00   -1.0749660597e+01    7.5180000000e+03    2.3128820357e+00    9.9627487136e-01
        43   -4.5215124309e+01    2.0454414230e+03   -8.1976237968e+01    3.6761113659e+01   -1.0941440830e+01   -5.1102678377e+01   -2.4459627903e+01    4.5275091417e+00   -1.0647120598e+01    7.5430000000e+03    2.3396605707e+00    9.9620162964e-01
        44   -4.5259270938e+01    2.0493771219e+03   -8.1929889837e+01    3.6670618899e+01   -1.0923995138e+01   -5.1102678377e+01   -2.4351613409e+01    4.4483970867e+00   -1.0638596764e+01    7.6720000000e+03    2.3606343075e+00    9.9609999714e-01
        45   -4.5261170849e+01    2.0496342139e+03   -8.1696977343e+01    3.6435806493e+01   -1.0899575346e+01   -5.1102678377e+01   -2.4107903223e+01    4.4131796028e+00   -1.0617360465e+01    7.8540000000e+03    2.4014677115e+00    9.9616291669e-01
        46   -4.5268138329e+01    2.0502694322e+03   -8.1573653723e+01    3.6305515394e+01   -1.0940855765e+01   -5.1102678377e+01   -2.4152649593e+01    4.6225300121e+00   -1.0666298697e+01    7.7130000000e+03    2.3798772245e+00    9.9607625814e-01
        47   -4.5289322112e+01    2.0520619005e+03   -8.1881497571e+01    3.6592175459e+01   -1.1053303806e+01   -5.1102678377e+01   -2.3919715141e+01    4.1941997528e+00   -1.0774517917e+01    7.8300000000e+03    2.4020830432e+00    9.9614582566e-01
        48   -4.5282907368e+01    2.0515796819e+03   -8.1561857842e+01    3.6278950474e+01   -1.0955699924e+01   -5.1102678377e+01   -2.3768723285e+01    4.2652437428e+00   -1.0684025011e+01    7.8380000000e+03    2.4117629545e+00    9.9595123629e-01
        49   -4.5249811043e+01    2.0484450874e+03   -8.1414618808e+01    3.6164807765e+01   -1.1079888143e+01   -5.1102678377e+01   -2.3428930802e+01    4.1968785139e+00   -1.0820615830e+01    7.9010000000e+03    2.3952510360e+00    9.9619697553e-01
        50   -4.5251413637e+01    2.0486726832e+03   -8.1125079273e+01    3.5873665636e+01   -1.1019601111e+01   -5.1102678377e+01   -2.3364954262e+01    4.3621544768e+00   -1.0748540099e+01    7.8100000000e+03    2.3965462023e+00    9.9628965616e-01
        51   -4.5231114981e+01    2.0468771226e+03   -8.1759708290e+01    3.6528593308e+01   -1.1086069982e+01   -5.1102678377e+01   -2.3800842271e+01    4.2298823403e+00   -1.0809073242e+01    7.9130000000e+03    2.4452952203e+00    9.9583879116e-01
        52   -4.5290482964e+01    2.0522306804e+03   -8.2062755614e+01    3.6772272650e+01   -1.1112295758e+01   -5.1102678377e+01   -2.3929537762e+01    4.0817562821e+00   -1.0856221278e+01    7.8320000000e+03    2.4017787183e+00    9.9618562235e-01
        53   -4.5226814725e+01    2.0464799122e+03   -8.2047081420e+01    3.6820266695e+01   -1.1074047764e+01   -5.1102678377e+01   -2.4211905925e+01    4.3415506455e+00   -1.0810424667e+01    7.7650000000e+03    2.3453559120e+00    9.9602118960e-01
        54   -4.5256422820e+01    2.0491621006e+03   -8.2156836857e+01    3.6900414036e+01   -1.0997337832e+01   -5.1102678377e+01   -2.4573606763e+01    4.5167861153e+00   -1.0738921223e+01    7.7210000000e+03    2.3669211185e+00    9.9574795976e-01
        55   -4.5303255753e+01    2.0534582111e+03   -8.2276484587e+01    3.6973228835e+01   -1.0974518575e+01   -5.1102678377e+01   -2.4392716252e+01    4.1934286160e+00   -1.0707857886e+01    7.8090000000e+03    2.3744979530e+00    9.9608572352e-01
        56   -4.5228488931e+01    2.0466324084e+03   -8.2263925280e+01    3.7035436349e+01   -1.1007190538e+01   -5.1102678377e+01   -2.4428436324e+01    4.2743799581e+00   -1.0732663396e+01    7.7240000000e+03    2.3692906013e+00    9.9621548870e-01
        57   -4.5269676667e+01    2.0503134323e+03   -8.2050217546e+01    3.6780540878e+01   -1.1095553039e+01   -5.1102678377e+01   -2.4327892527e+01    4.4759063971e+00   -1.0811049487e+01    7.6380000000e+03    2.3510722285e+00    9.9605892286e-01
        58   -4.5228292186e+01    2.0466013098e+03   -8.2230941395e+01    3.7002649209e+01   -1.0917868274e+01   -5.1102678377e+01   -2.4750051749e+01    4.5396570047e+00   -1.0640466686e+01    7.6420000000e+03    2.3600401465e+00    9.9586977114e-01
        59   -4.5293415143e+01    2.0527156930e+03   -8.2550478630e+01    3.7257063487e+01   -1.0909269131e+01   -5.1102678377e+01   -2.5157741927e+01    4.6192108041e+00   -1.0645527689e+01    7.6930000000e+03    2.3573802743e+00    9.9599962216e-01
        60   -4.5276981648e+01    2.0510742132e+03   -8.1886161996e+01    3.6609180348e+01   -1.0903275679e+01   -5.1102678377e+01   -2.4337879154e+01    4.4576712137e+00   -1.0637455220e+01    7.8480000000e+03    2.3998999292e+00    9.9607200169e-01
        61   -4.5264176714e+01    2.0499136235e+03   -8.1981908207e+01    3.6717731494e+01   -1.0832460119e+01   -5.1102678377e+01   -2.4875532687e+01    4.8287629755e+00   -1.0556596094e+01    7.8780000000e+03    2.3791460175e+00    9.9602222637e-01
        62   -4.5260874585e+01    2.0495098982e+03   -8.1913087671e+01    3.6652213086e+01   -1.0945086483e+01   -5.1102678377e+01   -2.4487045301e+01    4.6217224890e+00   -1.0666444511e+01    7.7580000000e+03    2.3429019318e+00    9.9617812788e-01
        63   -4.5237336016e+01    2.0474165218e+03   -8.2521062589e+01    3.7283726573e+01   -1.0859188038e+01   -5.1102678377e+01   -2.5135233897e+01    4.5760377224e+00   -1.0561875324e+01    7.7090000000e+03    2.3302582893e+00    9.9611238762e-01
        64   -4.5248667046e+01    2.0485200449e+03   -8.2318934555e+01    3.7070267509e+01   -1.0879827328e+01   -5.1102678377e+01   -2.4986475573e+01    4.6500467236e+00   -1.0610735122e+01    7.5200000000e+03    2.3059763972e+00    9.9589199240e-01
        65   -4.5286679298e+01    2.0518554146e+03   -8.2350732069e+01    3.7064052771e+01   -1.0957208917e+01   -5.1102678377e+01   -2.4712573389e+01    4.4217286132e+00   -1.0689935245e+01    7.5520000000e+03    2.3037786435e+00    9.9603929295e-01
        66   -4.5292347298e+01    2.0524180215e+03   -8.2126389496e+01    3.6834042198e+01   -1.0898267092e+01   -5.1102678377e+01   -2.4707307885e+01    4.5818638571e+00   -1.0622777437e+01    7.6830000000e+03    2.3414192460e+00    9.9596223909e-01
        67   -4.5319295675e+01    2.0547546278e+03   -8.1922252781e+01    3.6602957106e+01   -1.1095734821e+01   -5.1102678377e+01   -2.4232513685e+01    4.5086741015e+00   -1.0818421066e+01    7.5910000000e+03    2.3342443400e+00    9.9613135782e-01
        68   -4.5353579774e+01    2.0579914667e+03   -8.1750318778e+01    3.6396739004e+01   -1.1131883133e+01   -5.1102678377e+01   -2.3958160702e+01    4.4424034334e+00   -1.0868116704e+01    7.6890000000e+03    2.3544307165e+00    9.9580762056e-01
        69   -4.5343399730e+01    2.0569790679e+03   -8.1995799198e+01    3.6652399467e+01   -1.1189571501e+01   -5.1102678377e+01   -2.4129411219e+01    4.4258618994e+00   -1.0926702288e+01    7.7060000000e+03    2.3020224700e+00    9.9629321521e-01
        70   -4.5365502462e+01    2.0590113898e+03   -8.2034621558e+01    3.6669119096e+01   -1.1236128248e+01   -5.1102678377e+01   -2.4348438436e+01    4.6526235022e+00   -1.0981194114e+01    7.8950000000e+03    2.3977764862e+00    9.9599150255e-01
        71   -4.5291103169e+01    2.0522253817e+03   -8.2233357067e+01    3.6942253897e+01   -1.1016545180e+01   -5.1102678377e+01   -2.4583009417e+01    4.4688759076e+00   -1.0752358783e+01    8.1250000000e+03    2.4573104690e+00    9.9607002322e-01
        72   -4.5272621138e+01    2.0506752959e+03   -8.2159472146e+01    3.6886851007e+01   -1.1004253038e+01   -5.1102678377e+01   -2.4252635920e+01    4.2000951888e+00   -1.0750191375e+01    8.1930000000e+03    2.4578682880e+00    9.9619503080e-01
        73   -4.5260883877e+01    2.0496634581e+03   -8.2351710614e+01    3.7090826736e+01   -1.0942907540e+01   -5.1102678377e+01   -2.4624916481e+01    4.3187917836e+00   -1.0680497762e+01    8.2000000000e+03    2.4664069480e+00    9.9607466774e-01
        74   -4.5270214039e+01    2.0505061631e+03   -8.1796501434e+01    3.6526287395e+01   -1.1103354189e+01   -5.1102678377e+01   -2.3781986587e+01    4.1915177195e+00   -1.0833810645e+01    8.2540000000e+03    2.4251112085e+00    9.9597720470e-01
        75   -4.5289063175e+01    2.0523166895e+03   -8.1872127267e+01    3.6583064091e+01   -1.1097345840e+01   -5.1102678377e+01   -2.4283173634e+01    4.6110705842e+00   -1.0833260985e+01    8.1190000000e+03    2.4328805275e+00    9.9607057768e-01
        76   -4.5309523713e+01    2.0539393017e+03   -8.2224960584e+01    3.6915436870e+01   -1.1156517700e+01   -5.1102678377e+01   -2.4365086230e+01    4.3993217234e+00   -1.0915388001e+01    8.0650000000e+03    2.4274173045e+00    9.9614270968e-01
        77   -4.5287703105e+01    2.0520244985e+03   -8.2199813338e+01    3.6912110232e+01   -1.1094039719e+01   -5.1102678377e+01   -2.4626657494e+01    4.6235622520e+00   -1.0854522625e+01    8.2690000000e+03    2.4958579400e+00    9.9593073368e-01
        78   -4.5277602305e+01    2.0511297127e+03   -8.2388856838e+01    3.7111254533e+01   -1.0927295519e+01   -5.1102678377e+01   -2.4675777635e+01    4.3168946934e+00   -1.0685065513e+01    8.2850000000e+03    2.4849793938e+00    9.9590640395e-01
        79   -4.5300228321e+01    2.0530915141e+03   -8.2425243962e+01    3.7125015641e+01   -1.1140543022e+01   -5.1102678377e+01   -2.4345085248e+01    4.1630626847e+00   -1.0880484979e+01    8.1180000000e+03    2.4775303842e+00    9.9611410743e-01
        80   -4.5341998961e+01    2.0568496069e+03   -8.2322458024e+01    3.6980459063e+01   -1.1144872079e+01   -5.1102678377e+01   -2.4579669705e+01    4.5047621371e+00   -1.0892833093e+01    8.3880000000e+03    2.5511126665e+00    9.9616842755e-01
        81   -4.5334065209e+01    2.0561401033e+03   -8.1868415092e+01    3.6534349884e+01   -1.1118899131e+01   -5.1102678377e+01   -2.4092929652e+01    4.4460920672e+00   -1.0863990932e+01    8.3900000000e+03    2.5305281915e+00    9.9623629814e-01
        82   -4.5309634780e+01    2.0539232331e+03   -8.1537009646e+01    3.6227374866e+01   -1.1072988141e+01   -5.1102678377e+01   -2.3826991385e+01    4.4656482567e+00   -1.0818856061e+01    8.4620000000e+03    2.5185721862e+00    9.9612559953e-01
        83   -4.5313873722e+01    2.0543780866e+03   -8.1759005646e+01    3.6445131924e+01   -1.1100018510e+01   -5.1102678377e+01   -2.4074027997e+01    4.5177192378e+00   -1.0861493001e+01    8.4700000000e+03    2.5446716705e+00    9.9584560169e-01
        84   -4.5253129101e+01    2.0488172632e+03   -8.2092321450e+01    3.6839192349e+01   -1.1047237615e+01   -5.1102678377e+01   -2.4341418686e+01    4.3990132277e+00   -1.0793888199e+01    8.2450000000e+03    2.4618607990e+00    9.9594473300e-01
        85   -4.5238146623e+01    2.0475061044e+03   -8.2058001476e+01    3.6819854854e+01   -1.0994565595e+01   -5.1102678377e+01   -2.4204357360e+01    4.2435998551e+00   -1.0737282949e+01    8.1510000000e+03    2.4358687363e+00    9.9603933422e-01
        86   -4.5213493731e+01    2.0452512159e+03   -8.2022425280e+01    3.6808931549e+01   -1.0906684004e+01   -5.1102678377e+01   -2.4159310857e+01    4.1462479579e+00   -1.0629851035e+01    8.2170000000e+03    2.4806028065e+00    9.9572060803e-01
        87   -4.5258209739e+01    2.0493611086e+03   -8.1726265646e+01    3.6468055907e+01   -1.1047951365e+01   -5.1102678377e+01   -2.3688015687e+01    4.1123797827e+00   -1.0768792498e+01    8.1460000000e+03    2.4341440558e+00    9.9594946209e-01
        88   -4.5320061206e+01    2.0548219284e+03   -8.1513679573e+01    3.6193618367e+01   -1.1215873414e+01   -5.1102678377e+01   -2.3676993886e+01    4.4818661030e+00   -1.0939551212e+01    7.9100000000e+03    2.3936418985e+00    9.9614147923e-01
        89   -4.5353131881e+01    2.0580178401e+03   -8.2042395970e+01    3.6689264089e+01   -1.1207265543e+01   -5.1102678377e+01   -2.4081256466e+01    4.3488044157e+00   -1.0927129498e+01    8.0460000000e+03    2.4463261048e+00    9.9577619820e-01
        90   -4.5289201253e+01    2.0521047938e+03   -8.2261847480e+01    3.6972646227e+01   -1.1145827153e+01   -5.1102678377e+01   -2.4326210148e+01    4.3128681979e+00   -1.0868339247e+01    8.1050000000e+03    2.4662585438e+00    9.9615216264e-01
        91   -4.5289847123e+01    2.0521052228e+03   -8.1874081561e+01    3.6584234439e+01   -1.1226523856e+01   -5.1102678377e+01   -2.4035430447e+01    4.4905511187e+00   -1.0952948473e+01    8.0670000000e+03    2.4436395267e+00    9.9605074481e-01
        92   -4.5307551454e+01    2.0539053993e+03   -8.1574676724e+01    3.6267125269e+01   -1.1214300318e+01   -5.1102678377e+01   -2.3531837757e+01    4.2741397291e+00   -1.0943256637e+01    8.0520000000e+03    2.4611226130e+00    9.9602418011e-01
        93   -4.5312508757e+01    2.0543004129e+03   -8.2001473105e+01    3.6688964349e+01   -1.1104172785e+01   -5.1102678377e+01   -2.3887570071e+01    4.0929481274e+00   -1.0833290765e+01    8.1700000000e+03    2.4836810690e+00    9.9604489445e-01
        94   -4.5255250959e+01    2.0490484405e+03   -8.1978319762e+01    3.6723068803e+01   -1.1047235133e+01   -5.1102678377e+01   -2.3905336227e+01    4.0769299742e+00   -1.0776872794e+01    8.1580000000e+03    2.4699398600e+00    9.9619544550e-01
        95   -4.5227347540e+01    2.0466900694e+03   -8.1481469364e+01    3.6254121824e+01   -1.0847188673e+01   -5.1102678377e+01   -2.4084869059e+01    4.5532667440e+00   -1.0579035164e+01    7.9300000000e+03    2.4062006183e+00    9.9594193449e-01
        96   -4.5198231221e+01    2.0439966485e+03   -8.1920082679e+01    3.6721851458e+01   -1.0916384275e+01   -5.1102678377e+01   -2.4310874733e+01    4.4098547060e+00   -1.0635244024e+01    7.7630000000e+03    2.3877094805e+00    9.9606598447e-01
        97   -4.5196808351e+01    2.0437493135e+03   -8.2098844621e+01    3.6902036269e+01   -1.0911410266e+01   -5.1102678377e+01   -2.4525983984e+01    4.4412280060e+00   -1.0631534482e+01    7.6640000000e+03    2.3722927738e+00    9.9610042860e-01
        98   -4.5292839224e+01    2.0523755317e+03   -8.1903883690e+01    3.6611044465e+01   -1.0927680020e+01   -5.1102678377e+01   -2.4341207501e+01    4.4676822084e+00   -1.0652605375e+01    7.6470000000e+03    2.3075968073e+00    9.9578229456e-01
        99   -4.5293496622e+01    2.0525601805e+03   -8.2655293677e+01    3.7361797055e+01   -1.0807854727e+01   -5.1102678377e+01   -2.5106261095e+01    4.3615005210e+00   -1.0527468345e+01    7.7620000000e+03    2.3625657302e+00    9.9609326885e-01
       100   -4.5274702544e+01    2.0508585424e+03   -8.2323248660e+01    3.7048546116e+01   -1.0983166119e+01   -5.1102678377e+01   -2.4749178596e+01    4.5117744315e+00   -1.0706892157e+01    7.8680000000e+03    2.3397174753e+00    9.9592102591e-01
       101   -4.5310282311e+01    2.0540543789e+03   -8.2272534722e+01    3.6962252411e+01   -1.1099255801e+01   -5.1102678377e+01   -2.4733894295e+01    4.6632937502e+00   -1.0842407679e+01    8.0700000000e+03    2.4655644240e+00    9.9640346267e-01
       102   -4.5346772569e+01    2.0573673631e+03   -8.1963269216e+01    3.6616496647e+01   -1.0956965556e+01   -5.1102678377e+01   -2.4671611427e+01    4.7679861432e+00   -1.0691507826e+01    8.1210000000e+03    2.4990911773e+00    9.9600055976e-01
       103   -4.5313907042e+01    2.0544482705e+03   -8.2247563721e+01    3.6933656678e+01   -1.1039391998e+01   -5.1102678377e+01   -2.4541984547e+01    4.4364912010e+00   -1.0770205758e+01    8.1910000000e+03    2.4675902765e+00    9.9619703660e-01
       104   -4.5270885909e+01    2.0504560163e+03   -8.2037638054e+01    3.6766752146e+01   -1.1089725994e+01   -5.1102678377e+01   -2.4327366033e+01    4.4821323495e+00   -1.0819100595e+01    8.2730000000e+03    2.4764531475e+00    9.9613257776e-01
       105   -4.5314452162e+01    2.0543889507e+03   -8.1654971406e+01    3.6340519243e+01   -1.1229519366e+01   -5.1102678377e+01   -2.3841450753e+01    4.5186770905e+00   -1.0977768604e+01    8.4750000000e+03    2.5175170778e+00    9.9600441006e-01
       106   -4.5245400196e+01    2.0481525277e+03   -8.1958807396e+01    3.6713407199e+01   -1.0995658846e+01   -5.1102678377e+01   -2.4465844315e+01    4.6053741423e+00   -1.0747730579e+01    8.4040000000e+03    2.5288557512e+00    9.9604638025e-01
       107   -4.5284647247e+01    2.0516865473e+03   -8.2311563517e+01    3.7026916270e+01   -1.0957840621e+01   -5.1102678377e+01   -2.4912735566e+01    4.6616910462e+00   -1.0705282515e+01    8.3880000000e+03    2.5118339020e+00    9.9577835210e-01
       108   -4.5288438306e+01    2.0520164458e+03   -8.2074921769e+01    3.6786483462e+01   -1.1011638076e+01   -5.1102678377e+01   -2.4176102746e+01    4.2154974296e+00   -1.0746882883e+01    8.3940000000e+03    2.5748996235e+00    9.9608715151e-01
       109   -4.5365693998e+01    2.0590510821e+03   -8.2042994433e+01    3.6677300435e+01   -1.1119883765e+01   -5.1102678377e+01   -2.3988493459e+01    4.1680611680e+00   -1.0872350049e+01    8.3390000000e+03    2.5313049985e+00    9.9623675090e-01
       110   -4.5285111062e+01    2.0517852480e+03   -8.2521718275e+01    3.7236607213e+01   -1.1081026298e+01   -5.1102678377e+01   -2.4669065985e+01    4.3310523848e+00   -1.0827795120e+01    8.3190000000e+03    2.5930219217e+00    9.9613476475e-01
       111   -4.5305699658e+01    2.0535704111e+03   -8.1810214646e+01    3.6504514988e+01   -1.1027317906e+01   -5.1102678377e+01   -2.4258181788e+01    4.5779634236e+00   -1.0767170167e+01    8.1460000000e+03    2.4757819678e+00    9.9613060892e-01
       112   -4.5283334229e+01    2.0515785411e+03   -8.1669232648e+01    3.6385898418e+01   -1.1009941122e+01   -5.1102678377e+01   -2.4018372790e+01    4.4617596405e+00   -1.0739144623e+01    8.0250000000e+03    2.4469687410e+00    9.9623073350e-01
       113   -4.5347538155e+01    2.0574321882e+03   -8.1580783572e+01    3.6233245417e+01   -1.1149025441e+01   -5.1102678377e+01   -2.3831364643e+01    4.5022848899e+00   -1.0871017136e+01    8.2140000000e+03    2.5115349468e+00    9.9619782727e-01
       114   -4.5258192305e+01    2.0492943447e+03   -8.1991737408e+01    3.6733545102e+01   -1.1081909743e+01   -5.1102678377e+01   -2.4452333487e+01    4.6451841991e+00   -1.0799435288e+01    8.0860000000e+03    2.4768615675e+00    9.9611242000e-01
       115   -4.5241210804e+01    2.0477082293e+03   -8.1714992246e+01    3.6473781442e+01   -1.1128011883e+01   -5.1102678377e+01   -2.4015305041e+01    4.5310030543e+00   -1.0849748152e+01    7.9200000000e+03    2.4109244033e+00    9.9612215694e-01
       116   -4.5213221981e+01    2.0451965450e+03   -8.2115462417e+01    3.6902240437e+01   -1.1151502257e+01   -5.1102678377e+01   -2.4503941835e+01    4.6426600509e+00   -1.0870974207e+01    8.0320000000e+03    2.4124063428e+00    9.9622573990e-01
       117   -4.5266272089e+01    2.0501202524e+03   -8.1773057445e+01    3.6506785356e+01   -1.1051517119e+01   -5.1102678377e+01   -2.4271319058e+01    4.6524571084e+00   -1.0781374797e+01    8.1000000000e+03    2.4968044792e+00    9.9615755022e-01
       118   -4.5283499182e+01    2.0515897354e+03   -8.1872193665e+01    3.6588694483e+01   -1.1158517893e+01   -5.1102678377e+01   -2.4191235125e+01    4.5802377293e+00   -1.0875901569e+01    8.0410000000e+03    2.4396459358e+00    9.9606993147e-01
       119   -4.5278823086e+01    2.0510705055e+03   -8.2134781819e+01    3.6855958733e+01   -1.0995507916e+01   -5.1102678377e+01   -2.4484492063e+01    4.4478965375e+00   -1.0715230541e+01    7.9180000000e+03    2.4213258980e+00    9.9629532440e-01
       120   -4.5313189995e+01    2.0543557165e+03   -8.2233945619e+01    3.6920755625e+01   -1.0997227661e+01   -5.1102678377e+01   -2.4760129064e+01    4.6260894820e+00   -1.0707778267e+01    7.9900000000e+03    2.4613125995e+00    9.9602465323e-01
       121   -4.5322740697e+01    2.0552715332e+03   -8.2302653032e+01    3.6979912335e+01   -1.1016162146e+01   -5.1102678377e+01   -2.4901091167e+01    4.7172786575e+00   -1.0741206525e+01    8.1060000000e+03    2.4506631325e+00    9.9613458017e-01
       122   -4.5326715791e+01    2.0554610464e+03   -8.2121259210e+01    3.6794543419e+01   -1.0933816618e+01   -5.1102678377e+01   -2.4881711813e+01    4.7969475978e+00   -1.0676924576e+01    8.3600000000e+03    2.4922604257e+00    9.9614203664e-01
       123   -4.5303059123e+01    2.0535277941e+03   -8.2435282177e+01    3.7132223054e+01   -1.0961873956e+01   -5.1102678377e+01   -2.4942962160e+01    4.5722323159e+00   -1.0699664547e+01    8.7030000000e+03    2.5848320668e+00    9.9613229515e-01
       124   -4.5252093291e+01    2.0487705541e+03   -8.2465631844e+01    3.7213538552e+01   -1.1023300781e+01   -5.1102678377e+01   -2.5068207762e+01    4.7285550765e+00   -1.0761772630e+01    8.7090000000e+03    2.5906564895e+00    9.9599566518e-01
       125   -4.5282365388e+01    2.0514787840e+03   -8.2619622591e+01    3.7337257203e+01   -1.0874237905e+01   -5.1102678377e+01   -2.5207691669e+01    4.5649853595e+00   -1.0605524436e+01    8.5530000000e+03    2.6110949273e+00    9.9602008585e-01
       126   -4.5291104912e+01    2.0523172834e+03   -8.2281256043e+01    3.6990151131e+01   -1.0887278672e+01   -5.1102678377e+01   -2.4870790575e+01    4.5794915803e+00   -1.0608810921e+01    8.3240000000e+03    2.5494990735e+00    9.9612640793e-01
       127   -4.5317820120e+01    2.0546356024e+03   -8.2333483859e+01    3.7015663739e+01   -1.1109259946e+01   -5.1102678377e+01   -2.5048398235e+01    4.9268526991e+00   -1.0846445407e+01    8.3150000000e+03    2.5218414567e+00    9.9609523148e-01
       128   -4.5288131200e+01    2.0519827872e+03   -8.2396898786e+01    3.7108767586e+01   -1.0924901075e+01   -5.1102678377e+01   -2.4923454822e+01    4.5541354875e+00   -1.0661868393e+01    8.2570000000e+03    2.4727439712e+00    9.9611372914e-01
       129   -4.5275022417e+01    2.0508497000e+03   -8.2186196178e+01    3.6911173760e+01   -1.0884974620e+01   -5.1102678377e+01   -2.4833739395e+01    4.6351962138e+00   -1.0616810484e+01    8.2470000000e+03    2.5133486438e+00    9.9605432093e-01
       130   -4.5238142485e+01    2.0474978494e+03   -8.2107221125e+01    3.6869078640e+01   -1.0986179590e+01   -5.1102678377e+01   -2.4402954640e+01    4.3845914817e+00   -1.0705546074e+01    8.3590000000e+03    2.5069243340e+00    9.9605392724e-01
       131   -4.5246598192e+01    2.0482533277e+03   -8.1762280952e+01    3.6515682761e+01   -1.0957883654e+01   -5.1102678377e+01   -2.4300323520e+01    4.5986045984e+00   -1.0690557262e+01    8.4590000000e+03    2.5616551293e+00    9.9588670612e-01
       132   -4.5243848798e+01    2.0480358913e+03   -8.2046913641e+01    3.6803064844e+01   -1.1013977756e+01   -5.1102678377e+01   -2.4526289883e+01    4.5960323742e+00   -1.0754856315e+01    8.5840000000e+03    2.5828151920e+00    9.9616221079e-01
       133   -4.5238044520e+01    2.0475447367e+03   -8.1797356720e+01    3.6559312201e+01   -1.0937251117e+01   -5.1102678377e+01   -2.4282087262e+01    4.5246600356e+00   -1.0681892623e+01    8.4850000000e+03    2.5589239915e+00    9.9600064830e-01
       134   -4.5192517563e+01    2.0433528024e+03   -8.1629568781e+01    3.6437051218e+01   -1.1005496785e+01   -5.1102678377e+01   -2.3789614003e+01    4.2682203839e+00   -1.0736029072e+01    8.2790000000e+03    2.4737416832e+00    9.9596843089e-01
       135   -4.5258236898e+01    2.0493666144e+03   -8.1598501217e+01    3.6340264319e+01   -1.0958098416e+01   -5.1102678377e+01   -2.3885290012e+01    4.3475655874e+00   -1.0697584293e+01    8.3230000000e+03    2.4893978190e+00    9.9610360746e-01
       136   -4.5262600339e+01    2.0497031004e+03   -8.1518604898e+01    3.6256004559e+01   -1.0935367872e+01   -5.1102678377e+01   -2.3931058238e+01    4.4504995893e+00   -1.0664468331e+01    8.2320000000e+03    2.4866329515e+00    9.9614187142e-01
       137   -4.5247283884e+01    2.0485218172e+03   -8.1827300569e+01    3.6580016685e+01   -1.0886639218e+01   -5.1102678377e+01   -2.4176617959e+01    4.3386349842e+00   -1.0617989320e+01    8.2010000000e+03    2.4821493505e+00    9.9609703777e-01
       138   -4.5250182589e+01    2.0486252543e+03   -8.1922711681e+01    3.6672529093e+01   -1.0980330671e+01   -5.1102678377e+01   -2.4594654481e+01    4.7549518478e+00   -1.0698162354e+01    8.1530000000e+03    2.4586567227e+00    9.9606329889e-01
       139   -4.5234386695e+01    2.0471889466e+03   -8.2098975175e+01    3.6864588479e+01   -1.0891862729e+01   -5.1102678377e+01   -2.4667859365e+01    4.5634252959e+00   -1.0611182134e+01    8.2670000000e+03    2.5492972815e+00    9.9586505779e-01
       140   -4.5222696432e+01    2.0460749348e+03   -8.1921128450e+01    3.6698432018e+01   -1.0971848928e+01   -5.1102678377e+01   -2.4312253005e+01    4.4656518604e+00   -1.0698461807e+01    8.1090000000e+03    2.5209117943e+00    9.9562962697e-01
       141   -4.5204287666e+01    2.0443739078e+03   -8.2018556359e+01    3.6814268693e+01   -1.1025230776e+01   -5.1102678377e+01   -2.4254713090e+01    4.3640658842e+00   -1.0756574654e+01    7.8660000000e+03    2.4428106600e+00    9.9609702400e-01
       142   -4.5231431053e+01    2.0474100948e+03   -8.2534565421e+01    3.7303134368e+01   -1.0984931213e+01   -5.1102678377e+01   -2.4354150782e+01    3.9071949501e+00   -1.0706936195e+01    7.8720000000e+03    2.4361087653e+00    9.9615023264e-01
       143   -4.5218767249e+01    2.0457487231e+03   -8.2116106500e+01    3.6897339251e+01   -1.0970612423e+01   -5.1102678377e+01   -2.4164438860e+01    4.1216231599e+00   -1.0689733271e+01    7.9390000000e+03    2.4233811348e+00    9.9608505875e-01
       144   -4.5218512717e+01    2.0456846144e+03   -8.1875792491e+01    3.6657279774e+01   -1.1005381334e+01   -5.1102678377e+01   -2.4021624271e+01    4.2538914906e+00   -1.0728705595e+01    7.7510000000e+03    2.3824692840e+00    9.9598978292e-01
       145   -4.5277260262e+01    2.0513859638e+03   -8.1781152545e+01    3.6503892283e+01   -1.0957763357e+01   -5.1102678377e+01   -2.4448774062e+01    4.7280632501e+00   -1.0672925785e+01    7.7950000000e+03    2.3782903307e+00    9.9602687420e-01
       146   -4.5284040548e+01    2.0515527250e+03   -8.1708562086e+01    3.6424521538e+01   -1.1028634731e+01   -5.1102678377e+01   -2.3948255921e+01    4.3710069435e+00   -1.0749469474e+01    8.0310000000e+03    2.4568035460e+00    9.9612078831e-01
       147   -4.5257170007e+01    2.0492258431e+03   -8.1628445360e+01    3.6371275353e+01   -1.1005903392e+01   -5.1102678377e+01   -2.4158476444e+01    4.6386128521e+00   -1.0716825037e+01    8.1150000000e+03    2.4738394922e+00    9.9604815421e-01
       148   -4.5227689193e+01    2.0465821946e+03   -8.1652976295e+01    3.6425287102e+01   -1.1128517252e+01   -5.1102678377e+01   -2.3724731164e+01    4.3029504976e+00   -1.0851247723e+01    8.1490000000e+03    2.4450997210e+00    9.9632585704e-01
       149   -4.5244773579e+01    2.0480729825e+03   -8.1453470941e+01    3.6208697362e+01   -1.1123631131e+01   -5.1102678377e+01   -2.3478176372e+01    4.2510149383e+00   -1.0847581802e+01    8.0390000000e+03    2.4175564940e+00    9.9636672126e-01
       150   -4.5239713534e+01    2.0475929479e+03   -8.1269354261e+01    3.6029640727e+01   -1.1081064753e+01   -5.1102678377e+01   -2.3382441603e+01    4.2968304716e+00   -1.0822765757e+01    7.9470000000e+03    2.4526485898e+00    9.9620421879e-01
       151   -4.5221088134e+01    2.0459213205e+03   -8.1470773662e+01    3.6249685528e+01   -1.0928019599e+01   -5.1102678377e+01   -2.3916334696e+01    4.4762590100e+00   -1.0654066316e+01    7.9140000000e+03    2.4304807555e+00    9.9607152003e-01
       152   -4.5258249660e+01    2.0492706753e+03   -8.1870400049e+01    3.6612150389e+01   -1.0997721947e+01   -5.1102678377e+01   -2.4327572278e+01    4.5575725521e+00   -1.0720982501e+01    7.8120000000e+03    2.4120951800e+00    9.9614450232e-01
       153   -4.5251836722e+01    2.0487687617e+03   -8.2104840618e+01    3.6853003896e+01   -1.0950383787e+01   -5.1102678377e+01   -2.4777601457e+01    4.7258230030e+00   -1.0684991919e+01    7.7420000000e+03    2.4199180395e+00    9.9609237408e-01
       154   -4.5257096889e+01    2.0491978982e+03   -8.2388900611e+01    3.7131803722e+01   -1.1001390181e+01   -5.1102678377e+01   -2.4920310502e+01    4.6354784485e+00   -1.0734466278e+01    7.7560000000e+03    2.3530353453e+00    9.9608108577e-01
       155   -4.5268094497e+01    2.0501957514e+03   -8.2519490643e+01    3.7251396146e+01   -1.0976675129e+01   -5.1102678377e+01   -2.4773003736e+01    4.3328665983e+00   -1.0709504931e+01    7.8730000000e+03    2.4441752698e+00    9.9581329664e-01
       156   -4.5203243107e+01    2.0443779978e+03   -8.2027225499e+01    3.6823982392e+01   -1.0951792380e+01   -5.1102678377e+01   -2.4356657854e+01    4.3839031119e+00   -1.0653986292e+01    7.8730000000e+03    2.3979219533e+00    9.9619399446e-01
       157   -4.5241242485e+01    2.0477872220e+03   -8.2194456966e+01    3.6953214481e+01   -1.0978275723e+01   -5.1102678377e+01   -2.4596981830e+01    4.4834789647e+00   -1.0675762058e+01    7.7270000000e+03    2.4130698150e+00    9.9597170717e-01
       158   -4.5231496248e+01    2.0473787954e+03   -8.2184648620e+01    3.6953152373e+01   -1.0977175217e+01   -5.1102678377e+01   -2.4795031232e+01    4.6902362052e+00   -1.0698498463e+01    7.6760000000e+03    2.3913125810e+00    9.9618687977e-01
       159   -4.5282209403e+01    2.0514168865e+03   -8.1498795693e+01    3.6216586289e+01   -1.1089612103e+01   -5.1102678377e+01   -2.3918614444e+01    4.6121092312e+00   -1.0820339796e+01    7.6500000000e+03    2.3653197540e+00    9.9623748464e-01
       160   -4.5297751306e+01    2.0529275069e+03   -8.1728614284e+01    3.6430862978e+01   -1.1114954984e+01   -5.1102678377e+01   -2.3884619370e+01    4.3736384460e+00   -1.0861951003e+01    7.7280000000e+03    2.4259862075e+00    9.9611950111e-01
       161   -4.5274263190e+01    2.0507362785e+03   -8.2057443503e+01    3.6783180313e+01   -1.0912999327e+01   -5.1102678377e+01   -2.4508261280e+01    4.4664954811e+00   -1.0659052881e+01    7.5020000000e+03    2.3325739773e+00    9.9593149985e-01
       162   -4.5239966640e+01    2.0476359517e+03   -8.1770987135e+01    3.6531020494e+01   -1.1002225876e+01   -5.1102678377e+01   -2.4076675561e+01    4.4105926790e+00   -1.0737852241e+01    7.5640000000e+03    2.2759954032e+00    9.9605862586e-01
       163   -4.5318414995e+01    2.0546961930e+03   -8.1043931089e+01    3.5725516094e+01   -1.0950945649e+01   -5.1102678377e+01   -2.3367525960e+01    4.3772188971e+00   -1.0696314813e+01    7.7630000000e+03    2.3724408917e+00    9.9634844525e-01
       164   -4.5262935683e+01    2.0498201466e+03   -8.1610497903e+01    3.6347562221e+01   -1.0897574752e+01   -5.1102678377e+01   -2.3813778151e+01    4.2035333761e+00   -1.0634689951e+01    7.8420000000e+03    2.4129986110e+00    9.9617388098e-01
       165   -4.5308446956e+01    2.0539166554e+03   -8.1841327079e+01    3.6532880123e+01   -1.0986351456e+01   -5.1102678377e+01   -2.4249228951e+01    4.4969317049e+00   -1.0729184703e+01    7.6900000000e+03    2.3315333825e+00    9.9609671513e-01
       166   -4.5345272367e+01    2.0572936888e+03   -8.1986697592e+01    3.6641425224e+01   -1.1056955754e+01   -5.1102678377e+01   -2.4260574609e+01    4.4335111474e+00   -1.0800405449e+01    7.7960000000e+03    2.3641962343e+00    9.9609422763e-01
       167   -4.5315438551e+01    2.0544862725e+03   -8.2218697303e+01    3.6903258751e+01   -1.0879995715e+01   -5.1102678377e+01   -2.4884656920e+01    4.6486337084e+00   -1.0622353999e+01    8.0490000000e+03    2.4519517018e+00    9.9597394723e-01
       168   -4.5270175913e+01    2.0503576574e+03   -8.2332299485e+01    3.7062123572e+01   -1.1095273461e+01   -5.1102678377e+01   -2.4848947079e+01    4.7145994318e+00   -1.0834007801e+01    8.0260000000e+03    2.4665228402e+00    9.9606066661e-01
       169   -4.5301110709e+01    2.0531602094e+03   -8.1847086118e+01    3.6545975410e+01   -1.1192307112e+01   -5.1102678377e+01   -2.4198407324e+01    4.6463066943e+00   -1.0939825708e+01    7.9430000000e+03    2.4045046302e+00    9.9592531878e-01
       170   -4.5254938607e+01    2.0490151117e+03   -8.2152578850e+01    3.6897640244e+01   -1.1120867441e+01   -5.1102678377e+01   -2.4408971137e+01    4.4799381042e+00   -1.0854124022e+01    7.6010000000e+03    2.3746980025e+00    9.9599728598e-01
       171   -4.5235887933e+01    2.0472271514e+03   -8.2264116678e+01    3.7028228746e+01   -1.1208048310e+01   -5.1102678377e+01   -2.4373561974e+01    4.4201719820e+00   -1.0939502138e+01    7.5030000000e+03    2.3055576345e+00    9.9598834656e-01
       172   -4.5280784911e+01    2.0512364370e+03   -8.1602498268e+01    3.6321713358e+01   -1.1085801493e+01   -5.1102678377e+01   -2.3984972932e+01    4.5709545336e+00   -1.0829554943e+01    7.6200000000e+03    2.4005443002e+00    9.9633393289e-01
       173   -4.5246440551e+01    2.0482083556e+03   -8.1424615137e+01    3.6178174586e+01   -1.1022060718e+01   -5.1102678377e+01   -2.3752666641e+01    4.4527905987e+00   -1.0745327390e+01    7.6460000000e+03    2.3660776782e+00    9.9623385276e-01
       174   -4.5264344415e+01    2.0498181515e+03   -8.1939230548e+01    3.6674886133e+01   -1.1073553848e+01   -5.1102678377e+01   -2.4406729241e+01    4.6437309178e+00   -1.0803118306e+01    7.6350000000e+03    2.3912251643e+00    9.9609570669e-01
       175   -4.5249446773e+01    2.0484259779e+03   -8.1815996934e+01    3.6566550161e+01   -1.1170188227e+01   -5.1102678377e+01   -2.4333878735e+01    4.7907484050e+00   -1.0887630203e+01    7.7840000000e+03    2.3455867847e+00    9.9621682045e-01
       176   -4.5249741854e+01    2.0485302642e+03   -8.1850966203e+01    3.6601224349e+01   -1.1033454075e+01   -5.1102678377e+01   -2.4566162119e+01    4.8513283671e+00   -1.0754307805e+01    7.7990000000e+03    2.4158005530e+00    9.9581783021e-01
       177   -4.5286506442e+01    2.0518800663e+03   -8.1974060252e+01    3.6687553810e+01   -1.1019066086e+01   -5.1102678377e+01   -2.4549005983e+01    4.6966901933e+00   -1.0753455035e+01    7.8320000000e+03    2.3952236495e+00    9.9625371205e-01
       178   -4.5295493498e+01    2.0527255188e+03   -8.1669681350e+01    3.6374187852e+01   -1.0920893180e+01   -5.1102678377e+01   -2.4580951652e+01    4.9348418586e+00   -1.0663449453e+01    7.8720000000e+03    2.3750563060e+00    9.9615550850e-01
       179   -4.5204061104e+01    2.0445023261e+03   -8.1841179674e+01    3.6637118570e+01   -1.0836752921e+01   -5.1102678377e+01   -2.4576584424e+01    4.6748360478e+00   -1.0568920358e+01    7.9180000000e+03    2.4505746665e+00    9.9616461616e-01
       180   -4.5218523109e+01    2.0457730630e+03   -8.1802413148e+01    3.6583890039e+01   -1.0944166977e+01   -5.1102678377e+01   -2.4320022371e+01    4.5644545774e+00   -1.0673948278e+01    7.8570000000e+03    2.3981921380e+00    9.9594811861e-01
       181   -4.5198486031e+01    2.0439653791e+03   -8.1873110602e+01    3.6674624571e+01   -1.0931951987e+01   -5.1102678377e+01   -2.4258436431e+01    4.4199561932e+00   -1.0649883735e+01    7.8640000000e+03    2.3920620730e+00    9.9602806239e-01
       182   -4.5274083448e+01    2.0508281947e+03   -8.1894042613e+01    3.6619959166e+01   -1.1099409942e+01   -5.1102678377e+01   -2.4244970193e+01    4.5530158987e+00   -1.0813819353e+01    7.9830000000e+03    2.4212455497e+00    9.9614176509e-01
       183   -4.5220488649e+01    2.0459330569e+03   -8.1829349445e+01    3.6608860796e+01   -1.0971449499e+01   -5.1102678377e+01   -2.4394321253e+01    4.6390996838e+00   -1.0689430101e+01    8.0460000000e+03    2.4268163935e+00    9.9601105755e-01
       184   -4.5202564438e+01    2.0446808724e+03   -8.1884922119e+01    3.6682357681e+01   -1.0889741880e+01   -5.1102678377e+01   -2.4721231349e+01    4.8287294865e+00   -1.0610844785e+01    7.9200000000e+03    2.4080503592e+00    9.9595657115e-01
       185   -4.5260203872e+01    2.0494867804e+03   -8.1922613268e+01    3.6662409395e+01   -1.1074675881e+01   -5.1102678377e+01   -2.4497908040e+01    4.7526490301e+00   -1.0779691729e+01    7.8720000000e+03    2.3893004810e+00    9.9595952053e-01
       186   -4.5304893212e+01    2.0535533315e+03   -8.1533354883e+01    3.6228461671e+01   -1.1205551440e+01   -5.1102678377e+01   -2.3699224465e+01    4.4740993983e+00   -1.0914140448e+01    8.1300000000e+03    2.4678293010e+00    9.9602349877e-01
       187   -4.5284521903e+01    2.0517273888e+03   -8.1913431116e+01    3.6628909212e+01   -1.1273014810e+01   -5.1102678377e+01   -2.4067862387e+01    4.5301244580e+00   -1.0995184853e+01    8.0980000000e+03    2.4524033750e+00    9.9602290010e-01
       188   -4.5273427498e+01    2.0506950369e+03   -8.2522071758e+01    3.7248644261e+01   -1.1175219063e+01   -5.1102678377e+01   -2.4530899661e+01    4.2867253418e+00   -1.0894550745e+01    8.1370000000e+03    2.4679091253e+00    9.9614139989e-01
       189   -4.5298420852e+01    2.0530037345e+03   -8.2503506307e+01    3.7205085455e+01   -1.1012152427e+01   -5.1102678377e+01   -2.5137675100e+01    4.7489995970e+00   -1.0726426649e+01    8.1890000000e+03    2.4854249635e+00    9.9601831846e-01
       190   -4.5313563370e+01    2.0543539037e+03   -8.2298307170e+01    3.6984743800e+01   -1.1002542447e+01   -5.1102678377e+01   -2.4689333765e+01    4.4962474184e+00   -1.0733098083e+01    8.0670000000e+03    2.4497341068e+00    9.9607849486e-01
       191   -4.5286310088e+01    2.0518774373e+03   -8.2195974197e+01    3.6909664109e+01   -1.0948022226e+01   -5.1102678377e+01   -2.4829657226e+01    4.6843836323e+00   -1.0683395434e+01    7.9890000000e+03    2.4687698240e+00    9.9605315568e-01
       192   -4.5231943091e+01    2.0469403606e+03   -8.2133938172e+01    3.6901995081e+01   -1.0894699445e+01   -5.1102678377e+01   -2.4836725281e+01    4.7001649295e+00   -1.0629641257e+01    7.9640000000e+03    2.4307534075e+00    9.9608701875e-01
       193   -4.5306682706e+01    2.0536990174e+03   -8.2146791374e+01    3.6840108667e+01   -1.1026443172e+01   -5.1102678377e+01   -2.4722747226e+01    4.7050774011e+00   -1.0745297256e+01    7.8820000000e+03    2.3643878515e+00    9.9598446606e-01
       194   -4.5263992480e+01    2.0497802817e+03   -8.2101478059e+01    3.6837485579e+01   -1.1026622700e+01   -5.1102678377e+01   -2.4501628901e+01    4.5294519187e+00   -1.0764304529e+01    8.0510000000e+03    2.4057908965e+00    9.9607011377e-01
       195   -4.5265513005e+01    2.0500008569e+03   -8.2083934660e+01    3.6818421655e+01   -1.1078536798e+01   -5.1102678377e+01   -2.4158634841e+01    4.2559153560e+00   -1.0832281150e+01    8.1120000000e+03    2.4468890900e+00    9.9604484988e-01
       196   -4.5272501820e+01    2.0506363598e+03   -8.1854858439e+01    3.6582356619e+01   -1.1129306832e+01   -5.1102678377e+01   -2.3654159281e+01    4.0312860509e+00   -1.0882299980e+01    8.3740000000e+03    2.5356404982e+00    9.9609954070e-01
       197   -4.5270742858e+01    2.0503703042e+03   -8.1843243240e+01    3.6572500382e+01   -1.1128041983e+01   -5.1102678377e+01   -2.3561477480e+01    3.9489546001e+00   -1.0869073132e+01    8.3400000000e+03    2.5221850520e+00    9.9596825211e-01
       198   -4.5290113562e+01    2.0522408390e+03   -8.1537860278e+01    3.6247746716e+01   -1.1125024961e+01   -5.1102678377e+01   -2.3423681133e+01    4.1135241919e+00   -1.0873101018e+01    8.3190000000e+03    2.5166218050e+00    9.9590157191e-01
       199   -4.5355997602e+01    2.0581031932e+03   -8.1605055652e+01    3.6249058050e+01   -1.1257014621e+01   -5.1102678377e+01   -2.3422571489e+01    4.1772088347e+00   -1.1011865137e+01    8.5640000000e+03    2.5384529980e+00    9.9623271525e-01
