#   index    LocalEnergy         LocalEnergy_sq      LocalPotential      Kinetic             ElecElec            IonIon              LocalECP            NonLocalECP         MPC                 BlockWeight         BlockCPU            AcceptRatio         
         0   -4.5356899243e+01    2.0581947134e+03   -8.1664918163e+01    3.6308018919e+01   -1.1175037092e+01   -5.1102678377e+01   -2.3913690616e+01    4.5264879227e+00   -1.0928691076e+01    1.6030000000e+04    4.8645073430e+00    9.9846496564e-01
         1   -4.5295137636e+01    2.0527280689e+03   -8.1976786465e+01    3.6681648828e+01   -1.0976748701e+01   -5.1102678377e+01   -2.4610148020e+01    4.7127886334e+00   -1.0692594123e+01    1.6007000000e+04    4.8723622942e+00    9.9842263156e-01
         2   -4.5223135254e+01    2.0462343703e+03   -8.2280008682e+01    3.7056873428e+01   -1.0822064082e+01   -5.1102678377e+01   -2.4998108498e+01    4.6428422752e+00   -1.0526302550e+01    1.5988000000e+04    4.8761175938e+00    9.9842428537e-01
         3   -4.5271099881e+01    2.0505584894e+03   -8.2392578675e+01    3.7121478794e+01   -1.0869669134e+01   -5.1102678377e+01   -2.5113815806e+01    4.6935846424e+00   -1.0600060200e+01    1.6230000000e+04    4.9351352000e+00    9.9831509285e-01
         4   -4.5265352507e+01    2.0500361960e+03   -8.2306715921e+01    3.7041363413e+01   -1.0865774081e+01   -5.1102678377e+01   -2.5028094857e+01    4.6898313943e+00   -1.0587643521e+01    1.6139000000e+04    4.9189641607e+00    9.9839454179e-01
         5   -4.5262061558e+01    2.0497649159e+03   -8.2455600891e+01    3.7193539333e+01   -1.0903421697e+01   -5.1102678377e+01   -2.5062115300e+01    4.6126144831e+00   -1.0619268628e+01    1.6180000000e+04    4.9314636795e+00    9.9836387605e-01
         6   -4.5244277168e+01    2.0480846351e+03   -8.2261057978e+01    3.7016780810e+01   -1.0914691784e+01   -5.1102678377e+01   -2.4631503438e+01    4.3878156199e+00   -1.0657240676e+01    1.6075000000e+04    4.8735352493e+00    9.9847426247e-01
         7   -4.5224447383e+01    2.0462780434e+03   -8.2102480370e+01    3.6878032988e+01   -1.1096064761e+01   -5.1102678377e+01   -2.4713732194e+01    4.8099949615e+00   -1.0827775353e+01    1.6116000000e+04    4.8967460000e+00    9.9830983858e-01
         8   -4.5231604379e+01    2.0470275097e+03   -8.1911620715e+01    3.6680016336e+01   -1.0997754584e+01   -5.1102678377e+01   -2.4069011757e+01    4.2578240023e+00   -1.0727043777e+01    1.6019000000e+04    4.8751704678e+00    9.9828120862e-01
         9   -4.5252071779e+01    2.0487968799e+03   -8.2238546564e+01    3.6986474785e+01   -1.1109004017e+01   -5.1102678377e+01   -2.4400630017e+01    4.3737658472e+00   -1.0843711852e+01    1.6028000000e+04    4.8824852717e+00    9.9840506155e-01
        10   -4.5270896187e+01    2.0504561031e+03   -8.2346426088e+01    3.7075529901e+01   -1.1036391869e+01   -5.1102678377e+01   -2.4877276654e+01    4.6699208117e+00   -1.0777866024e+01    1.5995000000e+04    4.8677289722e+00    9.9837713282e-01
        11   -4.5264932628e+01    2.0499354808e+03   -8.2498659227e+01    3.7233726599e+01   -1.0984083720e+01   -5.1102678377e+01   -2.4814914749e+01    4.4030176190e+00   -1.0728171303e+01    1.5735000000e+04    4.7762424517e+00    9.9823642114e-01
        12   -4.5285975472e+01    2.0518699095e+03   -8.2361047719e+01    3.7075072247e+01   -1.1143774852e+01   -5.1102678377e+01   -2.4510826957e+01    4.3962324667e+00   -1.0878915137e+01    1.6032000000e+04    4.8408179960e+00    9.9834130475e-01
        13   -4.5227059184e+01    2.0465551970e+03   -8.1995597880e+01    3.6768538695e+01   -1.1004681882e+01   -5.1102678377e+01   -2.4448561707e+01    4.5603240860e+00   -1.0731246852e+01    1.5822000000e+04    4.7883202258e+00    9.9847986967e-01
        14   -4.5233803339e+01    2.0472298261e+03   -8.1675928748e+01    3.6442125409e+01   -1.0887756818e+01   -5.1102678377e+01   -2.4304071620e+01    4.6185780672e+00   -1.0608160243e+01    1.5643000000e+04    4.8027135087e+00    9.9833788710e-01
        15   -4.5238354334e+01    2.0474840759e+03   -8.1869479484e+01    3.6631125150e+01   -1.0854930018e+01   -5.1102678377e+01   -2.4417361676e+01    4.5054905863e+00   -1.0578383960e+01    1.5363000000e+04    4.7634556515e+00    9.9844234411e-01
        16   -4.5249565717e+01    2.0485223940e+03   -8.2148221947e+01    3.6898656230e+01   -1.0933218788e+01   -5.1102678377e+01   -2.4539833221e+01    4.4275084387e+00   -1.0648332623e+01    1.5167000000e+04    4.6177230873e+00    9.9838504331e-01
        17   -4.5221861700e+01    2.0459638551e+03   -8.1745910849e+01    3.6524049149e+01   -1.0934816713e+01   -5.1102678377e+01   -2.4308031724e+01    4.5996159646e+00   -1.0652525344e+01    1.5217000000e+04    4.6201400610e+00    9.9833239854e-01
        18   -4.5225307015e+01    2.0464414876e+03   -8.1874705219e+01    3.6649398204e+01   -1.0935278231e+01   -5.1102678377e+01   -2.4419291606e+01    4.5825429941e+00   -1.0654961440e+01    1.5026000000e+04    4.6460069793e+00    9.9836809400e-01
        19   -4.5297712413e+01    2.0529171860e+03   -8.1784273961e+01    3.6486561547e+01   -1.1049317487e+01   -5.1102678377e+01   -2.4055277941e+01    4.4229998444e+00   -1.0780741603e+01    1.4859000000e+04    4.5803347940e+00    9.9847741947e-01
        20   -4.5285671199e+01    2.0518414287e+03   -8.2333955880e+01    3.7048284681e+01   -1.1002926472e+01   -5.1102678377e+01   -2.4646493057e+01    4.4181420260e+00   -1.0740442613e+01    1.5051000000e+04    4.5900699388e+00    9.9826255672e-01
        21   -4.5266781826e+01    2.0502624893e+03   -8.2495382491e+01    3.7228600665e+01   -1.0824346151e+01   -5.1102678377e+01   -2.4976824625e+01    4.4084666612e+00   -1.0546766845e+01    1.5291000000e+04    4.6920576185e+00    9.9829486657e-01
        22   -4.5186208217e+01    2.0428340633e+03   -8.2457759536e+01    3.7271551319e+01   -1.0947425681e+01   -5.1102678377e+01   -2.4510471538e+01    4.1028160593e+00   -1.0674576739e+01    1.5134000000e+04    4.6310678275e+00    9.9836655562e-01
        23   -4.5227352201e+01    2.0465036684e+03   -8.1681030591e+01    3.6453678390e+01   -1.0997976980e+01   -5.1102678377e+01   -2.3773814370e+01    4.1934391355e+00   -1.0724252652e+01    1.5054000000e+04    4.6433727497e+00    9.9842728481e-01
        24   -4.5218876190e+01    2.0457289532e+03   -8.1641154375e+01    3.6422278185e+01   -1.0924428342e+01   -5.1102678377e+01   -2.3791406744e+01    4.1773590876e+00   -1.0649132366e+01    1.4925000000e+04    4.5702390153e+00    9.9823083701e-01
        25   -4.5262157477e+01    2.0495835211e+03   -8.1641628684e+01    3.6379471207e+01   -1.1117936663e+01   -5.1102678377e+01   -2.3803230161e+01    4.3822165169e+00   -1.0841703132e+01    1.4891000000e+04    4.5480704635e+00    9.9843811016e-01
        26   -4.5247034719e+01    2.0482638726e+03   -8.1731696830e+01    3.6484662112e+01   -1.1084748575e+01   -5.1102678377e+01   -2.4087345490e+01    4.5430756111e+00   -1.0804580389e+01    1.5022000000e+04    4.6018102472e+00    9.9842364013e-01
        27   -4.5211723754e+01    2.0450643361e+03   -8.1685933549e+01    3.6474209795e+01   -1.1029029660e+01   -5.1102678377e+01   -2.4000505395e+01    4.4462798824e+00   -1.0754143019e+01    1.4889000000e+04    4.5720249853e+00    9.9847160137e-01
        28   -4.5193956830e+01    2.0435155271e+03   -8.1481341552e+01    3.6287384722e+01   -1.1073169514e+01   -5.1102678377e+01   -2.3659688942e+01    4.3541952803e+00   -1.0780119645e+01    1.4934000000e+04    4.5874182618e+00    9.9830708533e-01
        29   -4.5211597833e+01    2.0452353790e+03   -8.2172386816e+01    3.6960788983e+01   -1.1168145836e+01   -5.1102678377e+01   -2.4349450918e+01    4.4478883147e+00   -1.0887542146e+01    1.5492000000e+04    4.7372894747e+00    9.9833782186e-01
        30   -4.5188297979e+01    2.0430839268e+03   -8.2026626296e+01    3.6838328317e+01   -1.1061799745e+01   -5.1102678377e+01   -2.4156885314e+01    4.2947371393e+00   -1.0776857544e+01    1.5456000000e+04    4.6835510165e+00    9.9831088369e-01
        31   -4.5297593514e+01    2.0528665081e+03   -8.1784238296e+01    3.6486644781e+01   -1.1246619421e+01   -5.1102678377e+01   -2.3640487293e+01    4.2055467952e+00   -1.0982871732e+01    1.5571000000e+04    4.7466838285e+00    9.9840504643e-01
        32   -4.5310492230e+01    2.0540504650e+03   -8.2009559355e+01    3.6699067125e+01   -1.1162267589e+01   -5.1102678377e+01   -2.4320435612e+01    4.5758222230e+00   -1.0909769706e+01    1.6035000000e+04    4.8307266650e+00    9.9837940381e-01
        33   -4.5333187876e+01    2.0560787125e+03   -8.2326733582e+01    3.6993545705e+01   -1.1091578630e+01   -5.1102678377e+01   -2.4678823373e+01    4.5463467980e+00   -1.0846681220e+01    1.6666000000e+04    5.0021427120e+00    9.9833117422e-01
        34   -4.5322950428e+01    2.0551770864e+03   -8.2008135306e+01    3.6685184878e+01   -1.1223792739e+01   -5.1102678377e+01   -2.4287383638e+01    4.6057194484e+00   -1.0977650843e+01    1.6610000000e+04    5.0186145165e+00    9.9839957809e-01
        35   -4.5305433584e+01    2.0535245991e+03   -8.2213711472e+01    3.6908277888e+01   -1.1097980969e+01   -5.1102678377e+01   -2.4819131401e+01    4.8060792737e+00   -1.0840499074e+01    1.6560000000e+04    4.9813144130e+00    9.9851882042e-01
        36   -4.5317324237e+01    2.0546592227e+03   -8.2328288661e+01    3.7010964424e+01   -1.1069763598e+01   -5.1102678377e+01   -2.4944352615e+01    4.7885059289e+00   -1.0798507328e+01    1.6688000000e+04    5.0159547055e+00    9.9837979409e-01
        37   -4.5288063860e+01    2.0519404137e+03   -8.2183613794e+01    3.6895549935e+01   -1.1045348478e+01   -5.1102678377e+01   -2.4683957388e+01    4.6483704478e+00   -1.0777595167e+01    1.6714000000e+04    5.0201404418e+00    9.9842353296e-01
        38   -4.5272984025e+01    2.0506652643e+03   -8.2248075644e+01    3.6975091619e+01   -1.0966791903e+01   -5.1102678377e+01   -2.4802424592e+01    4.6238192278e+00   -1.0710070355e+01    1.6735000000e+04    5.0007942287e+00    9.9829665300e-01
        39   -4.5269122391e+01    2.0503683474e+03   -8.1999156738e+01    3.6730034347e+01   -1.1201900085e+01   -5.1102678377e+01   -2.4235170672e+01    4.5405923948e+00   -1.0946602287e+01    1.7155000000e+04    5.0530493940e+00    9.9847538861e-01
        40   -4.5300844583e+01    2.0532134784e+03   -8.1841486945e+01    3.6540642362e+01   -1.1031567748e+01   -5.1102678377e+01   -2.4183147061e+01    4.4759062403e+00   -1.0760137687e+01    1.6824000000e+04    5.0857562620e+00    9.9833637284e-01
        41   -4.5277184123e+01    2.0510613833e+03   -8.1911352992e+01    3.6634168868e+01   -1.0868377801e+01   -5.1102678377e+01   -2.4580085281e+01    4.6397884665e+00   -1.0602139322e+01    1.6462000000e+04    5.0251727002e+00    9.9833702517e-01
        42   -4.5227207601e+01    2.0465083871e+03   -8.2206388495e+01    3.6979180894e+01   -1.0895669228e+01   -5.1102678377e+01   -2.4931952074e+01    4.7239111839e+00   -1.0617296405e+01    1.6493000000e+04    4.9741096483e+00    9.9838329556e-01
        43   -4.5289283303e+01    2.0521056974e+03   -8.2345146485e+01    3.7055863182e+01   -1.1006950806e+01   -5.1102678377e+01   -2.4708240225e+01    4.4727229224e+00   -1.0747263982e+01    1.6669000000e+04    5.0617032262e+00    9.9829399264e-01
        44   -4.5249720964e+01    2.0485527677e+03   -8.2751432108e+01    3.7501711144e+01   -1.1075151353e+01   -5.1102678377e+01   -2.5103237146e+01    4.5296347677e+00   -1.0813866227e+01    1.6679000000e+04    5.0527489408e+00    9.9833081344e-01
        45   -4.5254218151e+01    2.0489435830e+03   -8.2114576323e+01    3.6860358172e+01   -1.1006884033e+01   -5.1102678377e+01   -2.4571658187e+01    4.5666442728e+00   -1.0735798907e+01    1.6791000000e+04    5.1045293608e+00    9.9832453822e-01
        46   -4.5280294050e+01    2.0512962772e+03   -8.1876386116e+01    3.6596092066e+01   -1.0869650735e+01   -5.1102678377e+01   -2.4435330411e+01    4.5312734069e+00   -1.0582540263e+01    1.6714000000e+04    5.0459160760e+00    9.9826347551e-01
        47   -4.5290801280e+01    2.0523538392e+03   -8.1885611288e+01    3.6594810008e+01   -1.1109664914e+01   -5.1102678377e+01   -2.4245880829e+01    4.5726128310e+00   -1.0836744062e+01    1.6596000000e+04    5.0577009617e+00    9.9836120847e-01
        48   -4.5254154329e+01    2.0489485478e+03   -8.2159117112e+01    3.6904962783e+01   -1.1219598075e+01   -5.1102678377e+01   -2.4085020899e+01    4.2481802386e+00   -1.0946956980e+01    1.6839000000e+04    5.0952025915e+00    9.9834506959e-01
        49   -4.5264470884e+01    2.0499863885e+03   -8.2361201850e+01    3.7096730967e+01   -1.1015901177e+01   -5.1102678377e+01   -2.4545362082e+01    4.3027397860e+00   -1.0743911546e+01    1.6696000000e+04    5.0548028992e+00    9.9829913443e-01
        50   -4.5294232889e+01    2.0525789098e+03   -8.2036699185e+01    3.6742466296e+01   -1.1044012688e+01   -5.1102678377e+01   -2.4030460046e+01    4.1404519250e+00   -1.0784398859e+01    1.6236000000e+04    4.8637733645e+00    9.9850146713e-01
        51   -4.5326895875e+01    2.0555239023e+03   -8.1811021380e+01    3.6484125505e+01   -1.1120080425e+01   -5.1102678377e+01   -2.4115120406e+01    4.5268578286e+00   -1.0855861421e+01    1.6154000000e+04    4.8990592383e+00    9.9848476165e-01
        52   -4.5298256896e+01    2.0530595346e+03   -8.2012814983e+01    3.6714558086e+01   -1.1140457272e+01   -5.1102678377e+01   -2.4304964673e+01    4.5352853391e+00   -1.0868040125e+01    1.6171000000e+04    4.8850575135e+00    9.9838249105e-01
        53   -4.5331864380e+01    2.0559683122e+03   -8.1876155253e+01    3.6544290873e+01   -1.1131252660e+01   -5.1102678377e+01   -2.4379255927e+01    4.7370317116e+00   -1.0855954089e+01    1.6376000000e+04    4.9697556610e+00    9.9843847167e-01
        54   -4.5334812166e+01    2.0562267576e+03   -8.2249514761e+01    3.6914702595e+01   -1.1134972965e+01   -5.1102678377e+01   -2.4716879574e+01    4.7050161543e+00   -1.0868198017e+01    1.6528000000e+04    4.9657592870e+00    9.9839538937e-01
        55   -4.5344978448e+01    2.0571263771e+03   -8.2320958452e+01    3.6975980003e+01   -1.1085706767e+01   -5.1102678377e+01   -2.4780446430e+01    4.6478731218e+00   -1.0822091918e+01    1.7011000000e+04    5.1935035985e+00    9.9841961553e-01
        56   -4.5379662450e+01    2.0602462315e+03   -8.1990922075e+01    3.6611259625e+01   -1.1104158378e+01   -5.1102678377e+01   -2.4440754720e+01    4.6566693997e+00   -1.0837675759e+01    1.7222000000e+04    5.1569469890e+00    9.9844211006e-01
        57   -4.5355221102e+01    2.0581402112e+03   -8.1785422336e+01    3.6430201233e+01   -1.0970734133e+01   -5.1102678377e+01   -2.4446727427e+01    4.7347176018e+00   -1.0707875261e+01    1.7364000000e+04    5.2251709687e+00    9.9847419021e-01
        58   -4.5339365549e+01    2.0567827940e+03   -8.1864420770e+01    3.6525055221e+01   -1.1044612923e+01   -5.1102678377e+01   -2.4342018323e+01    4.6248888522e+00   -1.0780901113e+01    1.7666000000e+04    5.2862478375e+00    9.9841603678e-01
        59   -4.5297843351e+01    2.0528977935e+03   -8.2161235850e+01    3.6863392499e+01   -1.1079832306e+01   -5.1102678377e+01   -2.4690179145e+01    4.7114539785e+00   -1.0814447142e+01    1.7670000000e+04    5.3041063015e+00    9.9841713043e-01
        60   -4.5296950319e+01    2.0528148894e+03   -8.2003747912e+01    3.6706797592e+01   -1.0997550657e+01   -5.1102678377e+01   -2.4522351556e+01    4.6188326782e+00   -1.0732682363e+01    1.7594000000e+04    5.2503044900e+00    9.9833782141e-01
        61   -4.5265501956e+01    2.0500113207e+03   -8.2020681629e+01    3.6755179673e+01   -1.0962803060e+01   -5.1102678377e+01   -2.4838827319e+01    4.8836271264e+00   -1.0698405632e+01    1.7265000000e+04    5.1606042417e+00    9.9854712875e-01
        62   -4.5291408282e+01    2.0523435215e+03   -8.1920401754e+01    3.6628993473e+01   -1.0955758678e+01   -5.1102678377e+01   -2.4499120077e+01    4.6371553774e+00   -1.0702014738e+01    1.7228000000e+04    5.1535572625e+00    9.9846182534e-01
        63   -4.5300971553e+01    2.0532328931e+03   -8.2172608660e+01    3.6871637106e+01   -1.1053811738e+01   -5.1102678377e+01   -2.4535030002e+01    4.5189114572e+00   -1.0799816657e+01    1.7255000000e+04    5.1651738430e+00    9.9837914396e-01
        64   -4.5297301854e+01    2.0528859360e+03   -8.1810917659e+01    3.6513615805e+01   -1.1009948533e+01   -5.1102678377e+01   -2.4292055981e+01    4.5937652318e+00   -1.0749522916e+01    1.7354000000e+04    5.2790728268e+00    9.9841134708e-01
        65   -4.5267949286e+01    2.0502090523e+03   -8.1412012024e+01    3.6144062738e+01   -1.1231500825e+01   -5.1102678377e+01   -2.3323911215e+01    4.2460783931e+00   -1.0957529058e+01    1.7143000000e+04    5.1483296173e+00    9.9834947696e-01
        66   -4.5271039246e+01    2.0504562123e+03   -8.1670224257e+01    3.6399185011e+01   -1.1311246471e+01   -5.1102678377e+01   -2.3577313823e+01    4.3210144136e+00   -1.1022749082e+01    1.7181000000e+04    5.1794234430e+00    9.9837817301e-01
        67   -4.5287587514e+01    2.0519894611e+03   -8.1914834573e+01    3.6627247059e+01   -1.1195783192e+01   -5.1102678377e+01   -2.3891909260e+01    4.2755362558e+00   -1.0922293217e+01    1.7380000000e+04    5.2141175855e+00    9.9850758411e-01
        68   -4.5286977014e+01    2.0518927813e+03   -8.2154070735e+01    3.6867093721e+01   -1.1051243260e+01   -5.1102678377e+01   -2.4550935326e+01    4.5507862265e+00   -1.0797203627e+01    1.7179000000e+04    5.1470294928e+00    9.9843699809e-01
        69   -4.5333485758e+01    2.0561464745e+03   -8.2424965541e+01    3.7091479783e+01   -1.1135480017e+01   -5.1102678377e+01   -2.4605500898e+01    4.4186937505e+00   -1.0875755500e+01    1.7033000000e+04    5.1092237905e+00    9.9848129533e-01
        70   -4.5306209669e+01    2.0537366747e+03   -8.2447336302e+01    3.7141126633e+01   -1.1156199425e+01   -5.1102678377e+01   -2.4516734980e+01    4.3282764797e+00   -1.0910256142e+01    1.7627000000e+04    5.2852659703e+00    9.9844097448e-01
        71   -4.5278630232e+01    2.0511504225e+03   -8.1892103622e+01    3.6613473390e+01   -1.1069778893e+01   -5.1102678377e+01   -2.4010598194e+01    4.2909518416e+00   -1.0811792888e+01    1.7456000000e+04    5.2584854878e+00    9.9838642080e-01
        72   -4.5288826253e+01    2.0520224711e+03   -8.1916309986e+01    3.6627483733e+01   -1.0993672608e+01   -5.1102678377e+01   -2.4311714815e+01    4.4917558138e+00   -1.0731085749e+01    1.7181000000e+04    5.1552897478e+00    9.9842822432e-01
        73   -4.5285857759e+01    2.0518666594e+03   -8.1848328409e+01    3.6562470650e+01   -1.0986250488e+01   -5.1102678377e+01   -2.4333387066e+01    4.5739875210e+00   -1.0717903212e+01    1.7069000000e+04    5.1595009282e+00    9.9844247300e-01
        74   -4.5265724966e+01    2.0500271315e+03   -8.1739483107e+01    3.6473758140e+01   -1.1012647464e+01   -5.1102678377e+01   -2.4295705532e+01    4.6715482668e+00   -1.0737990448e+01    1.6793000000e+04    5.0808497953e+00    9.9845857617e-01
        75   -4.5290322389e+01    2.0521894807e+03   -8.1551900586e+01    3.6261578196e+01   -1.1091477312e+01   -5.1102678377e+01   -2.3745224855e+01    4.3874799575e+00   -1.0805954793e+01    1.6475000000e+04    4.9798633740e+00    9.9849051085e-01
        76   -4.5353290714e+01    2.0579491047e+03   -8.1716707851e+01    3.6363417137e+01   -1.1112209957e+01   -5.1102678377e+01   -2.4028456856e+01    4.5266373385e+00   -1.0828709086e+01    1.6484000000e+04    4.9882867210e+00    9.9844137109e-01
        77   -4.5243451705e+01    2.0479354524e+03   -8.2155309202e+01    3.6911857497e+01   -1.1005298416e+01   -5.1102678377e+01   -2.4534643772e+01    4.4873113628e+00   -1.0727909703e+01    1.6289000000e+04    4.9024384115e+00    9.9835293064e-01
        78   -4.5274258261e+01    2.0508373148e+03   -8.2280547146e+01    3.7006288885e+01   -1.0965105726e+01   -5.1102678377e+01   -2.4601610235e+01    4.3888471905e+00   -1.0696461669e+01    1.5940000000e+04    4.8727492085e+00    9.9843984382e-01
        79   -4.5282077162e+01    2.0515556286e+03   -8.1714170259e+01    3.6432093097e+01   -1.0993130197e+01   -5.1102678377e+01   -2.4310068291e+01    4.6917066059e+00   -1.0722684275e+01    1.6159000000e+04    4.8933141165e+00    9.9829592614e-01
        80   -4.5285124107e+01    2.0517661699e+03   -8.1964218948e+01    3.6679094841e+01   -1.0992168245e+01   -5.1102678377e+01   -2.4350853637e+01    4.4814813101e+00   -1.0714066512e+01    1.6481000000e+04    4.9999454193e+00    9.9850289003e-01
        81   -4.5264792092e+01    2.0499277557e+03   -8.1949902861e+01    3.6685110769e+01   -1.0989273586e+01   -5.1102678377e+01   -2.4546759419e+01    4.6888085200e+00   -1.0716574765e+01    1.6321000000e+04    4.9795333178e+00    9.9843857183e-01
        82   -4.5340244372e+01    2.0566800009e+03   -8.2040868224e+01    3.6700623853e+01   -1.1063098901e+01   -5.1102678377e+01   -2.4408606168e+01    4.5335152215e+00   -1.0814024027e+01    1.6447000000e+04    4.9408088975e+00    9.9842373008e-01
        83   -4.5334216139e+01    2.0561476309e+03   -8.1553469900e+01    3.6219253761e+01   -1.1150094844e+01   -5.1102678377e+01   -2.3667182773e+01    4.3664860929e+00   -1.0907822844e+01    1.6601000000e+04    5.0485932332e+00    9.9843487630e-01
        84   -4.5325626804e+01    2.0553385294e+03   -8.1283437292e+01    3.5957810488e+01   -1.1205737939e+01   -5.1102678377e+01   -2.3065968744e+01    4.0909477669e+00   -1.0963472554e+01    1.6547000000e+04    4.9928926870e+00    9.9861401939e-01
        85   -4.5332578406e+01    2.0559543629e+03   -8.1681925014e+01    3.6349346608e+01   -1.1270609014e+01   -5.1102678377e+01   -2.3643420219e+01    4.3347825945e+00   -1.1022530521e+01    1.6356000000e+04    4.9171608930e+00    9.9836685479e-01
        86   -4.5287329581e+01    2.0519075925e+03   -8.1904398301e+01    3.6617068721e+01   -1.1160479655e+01   -5.1102678377e+01   -2.3789572370e+01    4.1483321005e+00   -1.0902270437e+01    1.6356000000e+04    5.0114717863e+00    9.9842408195e-01
        87   -4.5298822052e+01    2.0530209045e+03   -8.1822780917e+01    3.6523958865e+01   -1.1139827232e+01   -5.1102678377e+01   -2.3978241181e+01    4.3979658716e+00   -1.0872969254e+01    1.6296000000e+04    4.9094871045e+00    9.9846416914e-01
        88   -4.5284665351e+01    2.0516668569e+03   -8.1629174866e+01    3.6344509515e+01   -1.1081909715e+01   -5.1102678377e+01   -2.4177982099e+01    4.7333953241e+00   -1.0825399199e+01    1.6211000000e+04    4.8322828288e+00    9.9848416869e-01
        89   -4.5205283438e+01    2.0446379395e+03   -8.1619076613e+01    3.6413793175e+01   -1.1011296109e+01   -5.1102678377e+01   -2.4073499861e+01    4.5683977331e+00   -1.0750501146e+01    1.6238000000e+04    4.8957483755e+00    9.9836376853e-01
        90   -4.5197387671e+01    2.0441539383e+03   -8.1848733048e+01    3.6651345377e+01   -1.1106433305e+01   -5.1102678377e+01   -2.4124951407e+01    4.4853300400e+00   -1.0828294492e+01    1.6015000000e+04    4.8713018735e+00    9.9837399736e-01
        91   -4.5251789976e+01    2.0486530030e+03   -8.1311275873e+01    3.6059485897e+01   -1.1043532119e+01   -5.1102678377e+01   -2.3549436305e+01    4.3843709282e+00   -1.0760897406e+01    1.5775000000e+04    4.8427028795e+00    9.9840885075e-01
        92   -4.5236472520e+01    2.0474021197e+03   -8.1374052876e+01    3.6137580356e+01   -1.1093114794e+01   -5.1102678377e+01   -2.3553255849e+01    4.3749961435e+00   -1.0813397897e+01    1.5905000000e+04    4.8144499890e+00    9.9833053044e-01
        93   -4.5254139605e+01    2.0490511820e+03   -8.1545670449e+01    3.6291530844e+01   -1.1244325800e+01   -5.1102678377e+01   -2.3470573528e+01    4.2719072557e+00   -1.0969269139e+01    1.5524000000e+04    4.8264430155e+00    9.9832566873e-01
        94   -4.5290356787e+01    2.0522297326e+03   -8.1673749323e+01    3.6383392536e+01   -1.1097206865e+01   -5.1102678377e+01   -2.4082421912e+01    4.6085578313e+00   -1.0840653891e+01    1.5680000000e+04    4.7995048790e+00    9.9835708569e-01
        95   -4.5318743286e+01    2.0547960596e+03   -8.1830436507e+01    3.6511693221e+01   -1.1053523873e+01   -5.1102678377e+01   -2.4234309467e+01    4.5600752100e+00   -1.0790504393e+01    1.5841000000e+04    4.7893977912e+00    9.9833106090e-01
        96   -4.5293630914e+01    2.0525881205e+03   -8.1845640135e+01    3.6552009221e+01   -1.1038132048e+01   -5.1102678377e+01   -2.4168852238e+01    4.4640225269e+00   -1.0764753354e+01    1.5894000000e+04    4.7625863355e+00    9.9843248076e-01
        97   -4.5273583896e+01    2.0507026125e+03   -8.2029257857e+01    3.6755673961e+01   -1.0913844294e+01   -5.1102678377e+01   -2.4553826883e+01    4.5410916965e+00   -1.0626105965e+01    1.6046000000e+04    4.8464189813e+00    9.9837198587e-01
        98   -4.5234142546e+01    2.0471349985e+03   -8.1838738685e+01    3.6604596140e+01   -1.0988789509e+01   -5.1102678377e+01   -2.4163415527e+01    4.4161447274e+00   -1.0709002038e+01    1.6215000000e+04    4.9394995893e+00    9.9837620793e-01
        99   -4.5192388454e+01    2.0433305288e+03   -8.1962169142e+01    3.6769780688e+01   -1.0979450933e+01   -5.1102678377e+01   -2.4242198728e+01    4.3621588955e+00   -1.0690337539e+01    1.6085000000e+04    4.8193119555e+00    9.9847068291e-01
       100   -4.5198657690e+01    2.0439041648e+03   -8.2453159213e+01    3.7254501523e+01   -1.1057530613e+01   -5.1102678377e+01   -2.4896844688e+01    4.6038944644e+00   -1.0757373735e+01    1.5746000000e+04    4.7057022305e+00    9.9837085725e-01
       101   -4.5277349940e+01    2.0511175301e+03   -8.2362473950e+01    3.7085124009e+01   -1.1111749448e+01   -5.1102678377e+01   -2.4922441324e+01    4.7743951989e+00   -1.0826133854e+01    1.6090000000e+04    4.8519646815e+00    9.9840686526e-01
       102   -4.5243169715e+01    2.0479696306e+03   -8.1896280767e+01    3.6653111052e+01   -1.1000045119e+01   -5.1102678377e+01   -2.4565474731e+01    4.7719174602e+00   -1.0708164660e+01    1.6063000000e+04    4.8201470400e+00    9.9840505291e-01
       103   -4.5210883416e+01    2.0450857847e+03   -8.2066674193e+01    3.6855790777e+01   -1.1056503975e+01   -5.1102678377e+01   -2.4722386689e+01    4.8148948468e+00   -1.0780052431e+01    1.5711000000e+04    4.8394969112e+00    9.9838101877e-01
       104   -4.5328776757e+01    2.0557185940e+03   -8.2188144898e+01    3.6859368142e+01   -1.1114616244e+01   -5.1102678377e+01   -2.4579805918e+01    4.6089556399e+00   -1.0850235844e+01    1.5421000000e+04    4.7045142165e+00    9.9836404830e-01
       105   -4.5318254826e+01    2.0546731145e+03   -8.1908589243e+01    3.6590334416e+01   -1.1160504827e+01   -5.1102678377e+01   -2.4200875975e+01    4.5554699359e+00   -1.0900592698e+01    1.5700000000e+04    4.7470214668e+00    9.9838555841e-01
       106   -4.5332023225e+01    2.0559124384e+03   -8.1908480612e+01    3.6576457387e+01   -1.1115785963e+01   -5.1102678377e+01   -2.4508016761e+01    4.8180004880e+00   -1.0843384238e+01    1.6171000000e+04    4.9020791635e+00    9.9847562009e-01
       107   -4.5280630879e+01    2.0513377183e+03   -8.2001310192e+01    3.6720679313e+01   -1.0985866643e+01   -5.1102678377e+01   -2.4566564841e+01    4.6537996684e+00   -1.0714451262e+01    1.6517000000e+04    5.0020036287e+00    9.9833508568e-01
       108   -4.5286571884e+01    2.0519342926e+03   -8.2170591305e+01    3.6884019421e+01   -1.0959290396e+01   -5.1102678377e+01   -2.4409966723e+01    4.3013441896e+00   -1.0684232717e+01    1.6591000000e+04    4.9860780298e+00    9.9843523590e-01
       109   -4.5244005165e+01    2.0480489531e+03   -8.1995960599e+01    3.6751955434e+01   -1.0990210484e+01   -5.1102678377e+01   -2.4275213433e+01    4.3721416936e+00   -1.0721606512e+01    1.6605000000e+04    5.0161179388e+00    9.9844237360e-01
       110   -4.5265087268e+01    2.0498620471e+03   -8.2046366237e+01    3.6781278969e+01   -1.1076630030e+01   -5.1102678377e+01   -2.4326407160e+01    4.4593493289e+00   -1.0813438394e+01    1.6445000000e+04    5.0360711190e+00    9.9854050922e-01
       111   -4.5272123537e+01    2.0505600044e+03   -8.2256856553e+01    3.6984733016e+01   -1.1073786405e+01   -5.1102678377e+01   -2.4514283234e+01    4.4338914622e+00   -1.0796361252e+01    1.6563000000e+04    4.9760843765e+00    9.9845319303e-01
       112   -4.5289642262e+01    2.0522343579e+03   -8.1971244744e+01    3.6681602483e+01   -1.1132386715e+01   -5.1102678377e+01   -2.4035270216e+01    4.2990905630e+00   -1.0849066137e+01    1.6238000000e+04    4.9733666730e+00    9.9853465440e-01
       113   -4.5290722617e+01    2.0522428450e+03   -8.1999113804e+01    3.6708391187e+01   -1.1094810507e+01   -5.1102678377e+01   -2.4186633994e+01    4.3850090736e+00   -1.0826915588e+01    1.6086000000e+04    4.8515723235e+00    9.9840247083e-01
       114   -4.5282497431e+01    2.0515198087e+03   -8.2231604476e+01    3.6949107046e+01   -1.0979676579e+01   -5.1102678377e+01   -2.4490406892e+01    4.3411573716e+00   -1.0711936281e+01    1.5995000000e+04    4.8727268850e+00    9.9837161396e-01
       115   -4.5264195966e+01    2.0498670683e+03   -8.2217072210e+01    3.6952876244e+01   -1.0931121414e+01   -5.1102678377e+01   -2.4499911678e+01    4.3166392591e+00   -1.0662520019e+01    1.6101000000e+04    4.8935247777e+00    9.9835329107e-01
       116   -4.5251020427e+01    2.0486855451e+03   -8.1612381899e+01    3.6361361472e+01   -1.0960729570e+01   -5.1102678377e+01   -2.3877952314e+01    4.3289783621e+00   -1.0696176831e+01    1.6507000000e+04    4.9907961868e+00    9.9839043495e-01
       117   -4.5217753897e+01    2.0456645606e+03   -8.1783168830e+01    3.6565414934e+01   -1.0978834223e+01   -5.1102678377e+01   -2.4271387644e+01    4.5697314132e+00   -1.0726572593e+01    1.6213000000e+04    4.9363221855e+00    9.9847712905e-01
       118   -4.5247323145e+01    2.0483831855e+03   -8.1393161234e+01    3.6145838088e+01   -1.1060955960e+01   -5.1102678377e+01   -2.3642595663e+01    4.4130687661e+00   -1.0799479144e+01    1.5940000000e+04    4.8580738680e+00    9.9838419733e-01
       119   -4.5247992281e+01    2.0483295534e+03   -8.1899595218e+01    3.6651602937e+01   -1.1199649425e+01   -5.1102678377e+01   -2.3671522523e+01    4.0742551071e+00   -1.0928752238e+01    1.5979000000e+04    4.9004317640e+00    9.9850276050e-01
       120   -4.5216319015e+01    2.0454942293e+03   -8.1528471761e+01    3.6312152746e+01   -1.1023268371e+01   -5.1102678377e+01   -2.4041198531e+01    4.6386735176e+00   -1.0744514231e+01    1.5839000000e+04    4.8461484663e+00    9.9842111324e-01
       121   -4.5159201816e+01    2.0403904169e+03   -8.1221603705e+01    3.6062401889e+01   -1.0868335521e+01   -5.1102678377e+01   -2.3811176086e+01    4.5605862786e+00   -1.0575956297e+01    1.5904000000e+04    4.8930179550e+00    9.9838504217e-01
       122   -4.5230168459e+01    2.0467329258e+03   -8.1195306064e+01    3.5965137605e+01   -1.0920338879e+01   -5.1102678377e+01   -2.3797020155e+01    4.6247313467e+00   -1.0630494492e+01    1.5858000000e+04    4.8196621628e+00    9.9844269330e-01
       123   -4.5257125379e+01    2.0492255384e+03   -8.1761638495e+01    3.6504513116e+01   -1.0971881405e+01   -5.1102678377e+01   -2.4179712332e+01    4.4926336189e+00   -1.0695878574e+01    1.5881000000e+04    4.8351766465e+00    9.9851707018e-01
       124   -4.5226578884e+01    2.0464230248e+03   -8.1991227876e+01    3.6764648993e+01   -1.0875766941e+01   -5.1102678377e+01   -2.4586032341e+01    4.5732497826e+00   -1.0606061303e+01    1.5709000000e+04    4.8611632805e+00    9.9841055975e-01
       125   -4.5238750755e+01    2.0475945957e+03   -8.1950439856e+01    3.6711689101e+01   -1.0883687657e+01   -5.1102678377e+01   -2.4741743289e+01    4.7776694669e+00   -1.0627021067e+01    1.5654000000e+04    4.7786828347e+00    9.9842258585e-01
       126   -4.5298784344e+01    2.0530513583e+03   -8.2602777536e+01    3.7303993192e+01   -1.0935497185e+01   -5.1102678377e+01   -2.4884018308e+01    4.3194163336e+00   -1.0684656735e+01    1.5998000000e+04    4.8568119453e+00    9.9840701393e-01
       127   -4.5282424759e+01    2.0515057616e+03   -8.2780969490e+01    3.7498544731e+01   -1.0971520274e+01   -5.1102678377e+01   -2.4851114065e+01    4.1443432257e+00   -1.0707737725e+01    1.6237000000e+04    4.9403107590e+00    9.9840023791e-01
       128   -4.5239296165e+01    2.0475769351e+03   -8.2353498074e+01    3.7114201909e+01   -1.0895859195e+01   -5.1102678377e+01   -2.4569114903e+01    4.2141544002e+00   -1.0624171992e+01    1.6070000000e+04    4.9513966367e+00    9.9831699414e-01
       129   -4.5277967454e+01    2.0511133185e+03   -8.2156313857e+01    3.6878346403e+01   -1.0910292183e+01   -5.1102678377e+01   -2.4956975668e+01    4.8136323709e+00   -1.0650555129e+01    1.6001000000e+04    4.8006528135e+00    9.9842522919e-01
       130   -4.5257341669e+01    2.0492602143e+03   -8.1786396079e+01    3.6529054411e+01   -1.0904949185e+01   -5.1102678377e+01   -2.4568566171e+01    4.7897976531e+00   -1.0630727406e+01    1.5996000000e+04    4.9028719748e+00    9.9835918988e-01
       131   -4.5258947346e+01    2.0494178014e+03   -8.1873394355e+01    3.6614447009e+01   -1.0980643704e+01   -5.1102678377e+01   -2.4391749750e+01    4.6016774761e+00   -1.0698511641e+01    1.6013000000e+04    5.0074865320e+00    9.9829274680e-01
       132   -4.5247624062e+01    2.0483791535e+03   -8.1925598110e+01    3.6677974049e+01   -1.1104703997e+01   -5.1102678377e+01   -2.4424009889e+01    4.7057941518e+00   -1.0825690162e+01    1.5967000000e+04    4.8219461865e+00    9.9836339059e-01
       133   -4.5235592614e+01    2.0472774361e+03   -8.1750985217e+01    3.6515392603e+01   -1.1134460646e+01   -5.1102678377e+01   -2.4205812743e+01    4.6919665491e+00   -1.0865990540e+01    1.5724000000e+04    4.8613138653e+00    9.9844092605e-01
       134   -4.5276973024e+01    2.0511335736e+03   -8.2356530957e+01    3.7079557933e+01   -1.0918988841e+01   -5.1102678377e+01   -2.5040151375e+01    4.7052876349e+00   -1.0649291653e+01    1.5416000000e+04    4.7650634305e+00    9.9832762015e-01
       135   -4.5279757917e+01    2.0513434013e+03   -8.2338602320e+01    3.7058844403e+01   -1.1023958474e+01   -5.1102678377e+01   -2.4680067238e+01    4.4681017693e+00   -1.0745141344e+01    1.5588000000e+04    4.7933817940e+00    9.9837833798e-01
       136   -4.5228434733e+01    2.0466956273e+03   -8.2194636433e+01    3.6966201700e+01   -1.0803670524e+01   -5.1102678377e+01   -2.4769210216e+01    4.4809226836e+00   -1.0531314342e+01    1.5888000000e+04    4.8853660332e+00    9.9841169127e-01
       137   -4.5271468053e+01    2.0504913280e+03   -8.2425595481e+01    3.7154127429e+01   -1.0941282798e+01   -5.1102678377e+01   -2.4882475722e+01    4.5008414150e+00   -1.0672605723e+01    1.5491000000e+04    4.8119311320e+00    9.9829533520e-01
       138   -4.5247815357e+01    2.0483312512e+03   -8.2169167739e+01    3.6921352382e+01   -1.0943126916e+01   -5.1102678377e+01   -2.4693439185e+01    4.5700767396e+00   -1.0658702934e+01    1.5726000000e+04    4.8299271575e+00    9.9849548257e-01
       139   -4.5271521745e+01    2.0505138874e+03   -8.2482393049e+01    3.7210871303e+01   -1.1075999327e+01   -5.1102678377e+01   -2.4776442932e+01    4.4727275861e+00   -1.0793050689e+01    1.5516000000e+04    4.7355294388e+00    9.9835331238e-01
       140   -4.5286309999e+01    2.0519114441e+03   -8.1925080917e+01    3.6638770918e+01   -1.1075098379e+01   -5.1102678377e+01   -2.4257306812e+01    4.5100026500e+00   -1.0788069426e+01    1.5659000000e+04    4.7845087303e+00    9.9839405026e-01
       141   -4.5283269976e+01    2.0515837801e+03   -8.1894508786e+01    3.6611238811e+01   -1.1014676936e+01   -5.1102678377e+01   -2.4192785344e+01    4.4156318698e+00   -1.0722857142e+01    1.5731000000e+04    4.8145536937e+00    9.9826630420e-01
       142   -4.5284311451e+01    2.0516531224e+03   -8.1867648060e+01    3.6583336609e+01   -1.1061670248e+01   -5.1102678377e+01   -2.4137206082e+01    4.4339066465e+00   -1.0778211434e+01    1.5645000000e+04    4.7568624185e+00    9.9837506831e-01
       143   -4.5265910524e+01    2.0500418606e+03   -8.2011172143e+01    3.6745261620e+01   -1.1067879946e+01   -5.1102678377e+01   -2.4076668314e+01    4.2360544934e+00   -1.0796071138e+01    1.5669000000e+04    4.8557649842e+00    9.9841152800e-01
       144   -4.5206767119e+01    2.0449427515e+03   -8.2340064719e+01    3.7133297600e+01   -1.0965591004e+01   -5.1102678377e+01   -2.4790917652e+01    4.5191223138e+00   -1.0686305938e+01    1.5693000000e+04    4.8067407763e+00    9.9830787660e-01
       145   -4.5229731987e+01    2.0467684301e+03   -8.2670165236e+01    3.7440433249e+01   -1.0802689004e+01   -5.1102678377e+01   -2.5240813944e+01    4.4760160895e+00   -1.0530084554e+01    1.5505000000e+04    4.7982797615e+00    9.9838455023e-01
       146   -4.5276943500e+01    2.0510280356e+03   -8.2387534185e+01    3.7110590685e+01   -1.0829967593e+01   -5.1102678377e+01   -2.4798167640e+01    4.3432794243e+00   -1.0566245175e+01    1.5271000000e+04    4.7506451543e+00    9.9836837172e-01
       147   -4.5316884958e+01    2.0546088490e+03   -8.1966285811e+01    3.6649400853e+01   -1.0939377890e+01   -5.1102678377e+01   -2.4429519015e+01    4.5052894710e+00   -1.0671706469e+01    1.5644000000e+04    4.8053142435e+00    9.9838860649e-01
       148   -4.5339177356e+01    2.0566161469e+03   -8.2569144211e+01    3.7229966855e+01   -1.1040679918e+01   -5.1102678377e+01   -2.5173443647e+01    4.7476577310e+00   -1.0780957172e+01    1.6030000000e+04    4.8372701868e+00    9.9840878223e-01
       149   -4.5292555038e+01    2.0524954799e+03   -8.2525518703e+01    3.7232963665e+01   -1.0924392621e+01   -5.1102678377e+01   -2.5217396483e+01    4.7189487779e+00   -1.0662331774e+01    1.6158000000e+04    4.9584028398e+00    9.9836406712e-01
       150   -4.5281772525e+01    2.0517497617e+03   -8.1928800036e+01    3.6647027511e+01   -1.0966325394e+01   -5.1102678377e+01   -2.4488881776e+01    4.6290855105e+00   -1.0696008064e+01    1.6005000000e+04    4.8837579405e+00    9.9833627656e-01
       151   -4.5289380048e+01    2.0521663952e+03   -8.1703539768e+01    3.6414159720e+01   -1.0947988214e+01   -5.1102678377e+01   -2.4200568198e+01    4.5476950213e+00   -1.0675428128e+01    1.5807000000e+04    4.8397070158e+00    9.9832818056e-01
       152   -4.5264861398e+01    2.0498625275e+03   -8.2079045530e+01    3.6814184132e+01   -1.0964403759e+01   -5.1102678377e+01   -2.4543354148e+01    4.5313907529e+00   -1.0693373207e+01    1.5501000000e+04    4.7969023720e+00    9.9851039264e-01
       153   -4.5256602371e+01    2.0491686388e+03   -8.2500053710e+01    3.7243451340e+01   -1.0963084880e+01   -5.1102678377e+01   -2.4865886927e+01    4.4315964735e+00   -1.0714500002e+01    1.5899000000e+04    4.9147680932e+00    9.9834526491e-01
       154   -4.5278047052e+01    2.0510293427e+03   -8.2606580340e+01    3.7328533288e+01   -1.1092494210e+01   -5.1102678377e+01   -2.4751414871e+01    4.3400071186e+00   -1.0828417395e+01    1.6306000000e+04    4.9525107108e+00    9.9831591891e-01
       155   -4.5313313414e+01    2.0542630869e+03   -8.2466080669e+01    3.7152767255e+01   -1.1155889560e+01   -5.1102678377e+01   -2.4614351046e+01    4.4068383132e+00   -1.0884593747e+01    1.6432000000e+04    5.0048359348e+00    9.9840098946e-01
       156   -4.5323800570e+01    2.0555053631e+03   -8.1987573026e+01    3.6663772456e+01   -1.1097135252e+01   -5.1102678377e+01   -2.4355269966e+01    4.5675105687e+00   -1.0828238356e+01    1.6918000000e+04    5.0722765533e+00    9.9840456324e-01
       157   -4.5258046292e+01    2.0494031333e+03   -8.2104864212e+01    3.6846817920e+01   -1.1143564814e+01   -5.1102678377e+01   -2.4137919356e+01    4.2792983346e+00   -1.0873035200e+01    1.7045000000e+04    5.1475749045e+00    9.9839120525e-01
       158   -4.5293908601e+01    2.0525422543e+03   -8.2247428521e+01    3.6953519920e+01   -1.1119753120e+01   -5.1102678377e+01   -2.4219694375e+01    4.1946973509e+00   -1.0841174286e+01    1.7365000000e+04    5.2297930210e+00    9.9839130313e-01
       159   -4.5262983145e+01    2.0498122720e+03   -8.1797054273e+01    3.6534071127e+01   -1.1063078923e+01   -5.1102678377e+01   -2.3751150985e+01    4.1198540121e+00   -1.0780624201e+01    1.7397000000e+04    5.2365080078e+00    9.9844043485e-01
       160   -4.5253314372e+01    2.0489772430e+03   -8.1257753628e+01    3.6004439256e+01   -1.1050914861e+01   -5.1102678377e+01   -2.3426490686e+01    4.3223302950e+00   -1.0768878124e+01    1.6801000000e+04    5.1200447220e+00    9.9836007707e-01
       161   -4.5218894790e+01    2.0457517047e+03   -8.1533486719e+01    3.6314591929e+01   -1.1114204293e+01   -5.1102678377e+01   -2.3343757127e+01    4.0271530774e+00   -1.0841517154e+01    1.6471000000e+04    4.9650756392e+00    9.9843619390e-01
       162   -4.5251301372e+01    2.0486707713e+03   -8.1199133001e+01    3.5947831628e+01   -1.1088875856e+01   -5.1102678377e+01   -2.3576851487e+01    4.5692727184e+00   -1.0822124355e+01    1.5959000000e+04    4.8648085385e+00    9.9845346585e-01
       163   -4.5295797378e+01    2.0528382872e+03   -8.1292344672e+01    3.5996547293e+01   -1.1062516757e+01   -5.1102678377e+01   -2.3687025367e+01    4.5598758284e+00   -1.0805483636e+01    1.6143000000e+04    4.8412981413e+00    9.9843175267e-01
       164   -4.5308109259e+01    2.0538205104e+03   -8.1831499515e+01    3.6523390256e+01   -1.0917611225e+01   -5.1102678377e+01   -2.4090012617e+01    4.2788027041e+00   -1.0661335457e+01    1.6235000000e+04    4.9093894150e+00    9.9843979756e-01
       165   -4.5325075852e+01    2.0553886142e+03   -8.1835728380e+01    3.6510652528e+01   -1.0975066302e+01   -5.1102678377e+01   -2.4170089311e+01    4.4121056100e+00   -1.0710302005e+01    1.6328000000e+04    4.9647130040e+00    9.9841786983e-01
       166   -4.5315758181e+01    2.0545651319e+03   -8.2241744596e+01    3.6925986416e+01   -1.0937325052e+01   -5.1102678377e+01   -2.4821791746e+01    4.6200505781e+00   -1.0669225477e+01    1.6282000000e+04    4.9293929410e+00    9.9842215455e-01
       167   -4.5224839538e+01    2.0462783876e+03   -8.2031830393e+01    3.6806990855e+01   -1.0819472041e+01   -5.1102678377e+01   -2.4646580953e+01    4.5369009778e+00   -1.0536507756e+01    1.6530000000e+04    5.0381634022e+00    9.9841666513e-01
       168   -4.5171488789e+01    2.0415557214e+03   -8.1883570350e+01    3.6712081562e+01   -1.0963732703e+01   -5.1102678377e+01   -2.4564586973e+01    4.7474277023e+00   -1.0680308873e+01    1.6278000000e+04    4.9656609588e+00    9.9840816401e-01
       169   -4.5246818871e+01    2.0483035164e+03   -8.1696317389e+01    3.6449498518e+01   -1.1091422200e+01   -5.1102678377e+01   -2.4071306998e+01    4.5690901851e+00   -1.0817413980e+01    1.5551000000e+04    4.7915896803e+00    9.9847048798e-01
       170   -4.5244498766e+01    2.0481406493e+03   -8.1546197830e+01    3.6301699064e+01   -1.1083897527e+01   -5.1102678377e+01   -2.4176685423e+01    4.8170634957e+00   -1.0804995266e+01    1.5281000000e+04    4.7111360495e+00    9.9841527714e-01
       171   -4.5229714177e+01    2.0467262106e+03   -8.1802297582e+01    3.6572583405e+01   -1.1059046852e+01   -5.1102678377e+01   -2.4413446133e+01    4.7728737802e+00   -1.0799654737e+01    1.4885000000e+04    4.6709866620e+00    9.9835066125e-01
       172   -4.5310324939e+01    2.0539411688e+03   -8.1715048520e+01    3.6404723581e+01   -1.1200962381e+01   -5.1102678377e+01   -2.3992315698e+01    4.5809079359e+00   -1.0958467568e+01    1.5155000000e+04    4.7039132032e+00    9.9851990217e-01
       173   -4.5311208137e+01    2.0540677362e+03   -8.1477132200e+01    3.6165924063e+01   -1.1169752928e+01   -5.1102678377e+01   -2.4131806573e+01    4.9271056783e+00   -1.0922595172e+01    1.5764000000e+04    4.7920870830e+00    9.9841268933e-01
       174   -4.5294909842e+01    2.0526310939e+03   -8.1670940450e+01    3.6376030608e+01   -1.1162990747e+01   -5.1102678377e+01   -2.4481388369e+01    5.0761170424e+00   -1.0920668140e+01    1.5930000000e+04    4.8897201135e+00    9.9839696051e-01
       175   -4.5319542091e+01    2.0548978504e+03   -8.1470329011e+01    3.6150786919e+01   -1.1031839202e+01   -5.1102678377e+01   -2.4191311483e+01    4.8555000509e+00   -1.0773131201e+01    1.6033000000e+04    4.8361675398e+00    9.9853529640e-01
       176   -4.5316014774e+01    2.0545652287e+03   -8.1894684703e+01    3.6578669929e+01   -1.1032089581e+01   -5.1102678377e+01   -2.4379448026e+01    4.6195312803e+00   -1.0750795149e+01    1.6301000000e+04    4.9628773985e+00    9.9844330523e-01
       177   -4.5236483985e+01    2.0473500370e+03   -8.2294161189e+01    3.7057677204e+01   -1.0943384665e+01   -5.1102678377e+01   -2.5040597279e+01    4.7924991315e+00   -1.0665279190e+01    1.6372000000e+04    4.9215559015e+00    9.9838411369e-01
       178   -4.5197107925e+01    2.0438418145e+03   -8.1976032050e+01    3.6778924125e+01   -1.0892842301e+01   -5.1102678377e+01   -2.4357267511e+01    4.3767561389e+00   -1.0625667691e+01    1.6226000000e+04    4.9408647590e+00    9.9829146872e-01
       179   -4.5225946993e+01    2.0463864803e+03   -8.1923691622e+01    3.6697744629e+01   -1.0855583172e+01   -5.1102678377e+01   -2.4259775823e+01    4.2943457500e+00   -1.0575798352e+01    1.6144000000e+04    4.9021140172e+00    9.9839213428e-01
       180   -4.5314433924e+01    2.0544858376e+03   -8.2314567310e+01    3.7000133385e+01   -1.1056182359e+01   -5.1102678377e+01   -2.4512784513e+01    4.3570779389e+00   -1.0801252515e+01    1.6191000000e+04    4.9724819310e+00    9.9833139019e-01
       181   -4.5273390816e+01    2.0507014579e+03   -8.2127397167e+01    3.6854006351e+01   -1.1049486768e+01   -5.1102678377e+01   -2.4548305272e+01    4.5730732497e+00   -1.0780022234e+01    1.6364000000e+04    4.9417847212e+00    9.9842626921e-01
       182   -4.5283535634e+01    2.0515207984e+03   -8.1686448834e+01    3.6402913201e+01   -1.1107031813e+01   -5.1102678377e+01   -2.4107382195e+01    4.6306435506e+00   -1.0848099282e+01    1.6141000000e+04    4.8747757995e+00    9.9831021336e-01
       183   -4.5320496729e+01    2.0548806249e+03   -8.1964564388e+01    3.6644067659e+01   -1.1038863303e+01   -5.1102678377e+01   -2.4245103632e+01    4.4220809236e+00   -1.0775406831e+01    1.6153000000e+04    4.9515234345e+00    9.9839218022e-01
       184   -4.5278285790e+01    2.0511234603e+03   -8.2186298030e+01    3.6908012240e+01   -1.1100553689e+01   -5.1102678377e+01   -2.4585148130e+01    4.6020821666e+00   -1.0820520658e+01    1.6166000000e+04    4.9493445220e+00    9.9845138129e-01
       185   -4.5270461754e+01    2.0503659507e+03   -8.2115767188e+01    3.6845305434e+01   -1.1326114892e+01   -5.1102678377e+01   -2.4184168225e+01    4.4971943065e+00   -1.1060018202e+01    1.6237000000e+04    4.9721683100e+00    9.9846810510e-01
       186   -4.5301451693e+01    2.0531737521e+03   -8.2009797629e+01    3.6708345936e+01   -1.1238775857e+01   -5.1102678377e+01   -2.3944973533e+01    4.2766301378e+00   -1.0964153974e+01    1.6621000000e+04    4.9767144612e+00    9.9850643491e-01
       187   -4.5336741222e+01    2.0564231738e+03   -8.1742747420e+01    3.6406006198e+01   -1.1210344676e+01   -5.1102678377e+01   -2.3744077458e+01    4.3143530905e+00   -1.0944041869e+01    1.6849000000e+04    5.0608914082e+00    9.9831569135e-01
       188   -4.5327608006e+01    2.0555499481e+03   -8.1281402957e+01    3.5953794951e+01   -1.1256327115e+01   -5.1102678377e+01   -2.3323335580e+01    4.4009381144e+00   -1.1002940800e+01    1.6803000000e+04    5.1176924695e+00    9.9849208586e-01
       189   -4.5355826059e+01    2.0580580257e+03   -8.1357256233e+01    3.6001430174e+01   -1.1259482825e+01   -5.1102678377e+01   -2.3464008244e+01    4.4689132125e+00   -1.1010526427e+01    1.7057000000e+04    5.1213275115e+00    9.9847592197e-01
       190   -4.5342000569e+01    2.0569702929e+03   -8.1669682996e+01    3.6327682426e+01   -1.1195681871e+01   -5.1102678377e+01   -2.3720672630e+01    4.3493498822e+00   -1.0955254048e+01    1.7359000000e+04    5.1658143625e+00    9.9841221817e-01
       191   -4.5322925262e+01    2.0551574703e+03   -8.2124240164e+01    3.6801314902e+01   -1.1067378685e+01   -5.1102678377e+01   -2.4615729064e+01    4.6615459612e+00   -1.0816095573e+01    1.7275000000e+04    5.2282990463e+00    9.9843381852e-01
       192   -4.5319754983e+01    2.0549230422e+03   -8.2166255420e+01    3.6846500438e+01   -1.1036004669e+01   -5.1102678377e+01   -2.4585200016e+01    4.5576276414e+00   -1.0779820570e+01    1.7527000000e+04    5.2924511207e+00    9.9832989058e-01
       193   -4.5280129103e+01    2.0512795453e+03   -8.2318623488e+01    3.7038494385e+01   -1.0941182079e+01   -5.1102678377e+01   -2.4803593749e+01    4.5288307159e+00   -1.0679198301e+01    1.7658000000e+04    5.2954381097e+00    9.9843338128e-01
       194   -4.5314278588e+01    2.0543550415e+03   -8.2569576877e+01    3.7255298289e+01   -1.1055698340e+01   -5.1102678377e+01   -2.4829813997e+01    4.4186138363e+00   -1.0797007220e+01    1.7594000000e+04    5.3114269955e+00    9.9826055836e-01
       195   -4.5373803585e+01    2.0597634577e+03   -8.2493271719e+01    3.7119468134e+01   -1.1182538319e+01   -5.1102678377e+01   -2.4749027517e+01    4.5409724944e+00   -1.0929431823e+01    1.7638000000e+04    5.2928166235e+00    9.9832338921e-01
       196   -4.5298110735e+01    2.0528817439e+03   -8.2693821359e+01    3.7395710624e+01   -1.1074171511e+01   -5.1102678377e+01   -2.5351413324e+01    4.8344418519e+00   -1.0813541055e+01    1.7294000000e+04    5.1588625195e+00    9.9831112590e-01
       197   -4.5310459698e+01    2.0539866523e+03   -8.2489392473e+01    3.7178932775e+01   -1.0975619483e+01   -5.1102678377e+01   -2.4809207472e+01    4.3981128590e+00   -1.0723581901e+01    1.7203000000e+04    5.1521245918e+00    9.9850901015e-01
       198   -4.5304013752e+01    2.0534522136e+03   -8.2362858141e+01    3.7058844389e+01   -1.1080261984e+01   -5.1102678377e+01   -2.4798679672e+01    4.6187618924e+00   -1.0817060556e+01    1.6905000000e+04    5.1365774440e+00    9.9837688514e-01
       199   -4.5255714195e+01    2.0491087736e+03   -8.2277666083e+01    3.7021951888e+01   -1.1016174210e+01   -5.1102678377e+01   -2.4630229901e+01    4.4714164043e+00   -1.0746241150e+01    1.6899000000e+04    5.1410318490e+00    9.9842577154e-01
