#   index    LocalEnergy         LocalEnergy_sq      LocalPotential      Kinetic             ElecElec            IonIon              LocalECP            NonLocalECP         MPC                 BlockWeight         BlockCPU            AcceptRatio         
         0   -4.5152591288e+01    2.0397753890e+03   -8.2273881932e+01    3.7121290643e+01   -1.0748074230e+01   -5.1102678377e+01   -2.4666387161e+01    4.2432578360e+00   -1.0450453079e+01    5.1200000000e+02    1.5698056037e-01    5.6027832031e-01
         1   -4.5167422777e+01    2.0412136047e+03   -8.1936332086e+01    3.6768909309e+01   -1.0718951723e+01   -5.1102678377e+01   -2.4999251460e+01    4.8845494737e+00   -1.0419122689e+01    5.1200000000e+02    1.8653207913e-01    5.5833740234e-01
         2   -4.5185377348e+01    2.0430409688e+03   -8.2026130029e+01    3.6840752681e+01   -1.0931652721e+01   -5.1102678377e+01   -2.4145708686e+01    4.1539097540e+00   -1.0645577101e+01    5.1200000000e+02    1.8631396344e-01    5.6072387695e-01
         3   -4.5108596386e+01    2.0358266350e+03   -8.2079178569e+01    3.6970582183e+01   -1.0983476914e+01   -5.1102678377e+01   -2.4641631561e+01    4.6486082829e+00   -1.0683475660e+01    5.1200000000e+02    1.8970580738e-01    5.6188964844e-01
         4   -4.5131416861e+01    2.0379030958e+03   -8.1543052321e+01    3.6411635460e+01   -1.0860862350e+01   -5.1102678377e+01   -2.3894431769e+01    4.3149201748e+00   -1.0572994313e+01    5.1200000000e+02    1.8721046025e-01    5.6082153320e-01
         5   -4.5074564964e+01    2.0325506115e+03   -8.2017467761e+01    3.6942902797e+01   -1.0786021617e+01   -5.1102678377e+01   -2.4023260924e+01    3.8944931560e+00   -1.0515811002e+01    5.1200000000e+02    1.9264207244e-01    5.5937500000e-01
         6   -4.5013332524e+01    2.0273348493e+03   -8.1691342220e+01    3.6678009696e+01   -1.0678650511e+01   -5.1102678377e+01   -2.4290629616e+01    4.3806162841e+00   -1.0397305581e+01    5.1200000000e+02    1.8711080731e-01    5.6188354492e-01
         7   -4.5195686468e+01    2.0437321133e+03   -8.1917988123e+01    3.6722301655e+01   -1.0829652333e+01   -5.1102678377e+01   -2.4373698759e+01    4.3880413459e+00   -1.0564443961e+01    5.1200000000e+02    1.8958271731e-01    5.6183471680e-01
         8   -4.5127936130e+01    2.0376352790e+03   -8.2543280997e+01    3.7415344867e+01   -1.0788161399e+01   -5.1102678377e+01   -2.5117259353e+01    4.4648181323e+00   -1.0485942868e+01    5.1200000000e+02    1.8917252181e-01    5.5865478516e-01
         9   -4.5094267846e+01    2.0346319429e+03   -8.2296298243e+01    3.7202030397e+01   -1.0664906925e+01   -5.1102678377e+01   -2.4900948916e+01    4.3722359739e+00   -1.0375436754e+01    5.1200000000e+02    1.9300383700e-01    5.5981445312e-01
        10   -4.5136311559e+01    2.0384525468e+03   -8.2120029983e+01    3.6983718424e+01   -1.0894878846e+01   -5.1102678377e+01   -2.4598251917e+01    4.4757791575e+00   -1.0609733954e+01    5.1200000000e+02    1.8793082262e-01    5.5845336914e-01
        11   -4.5136621635e+01    2.0383447402e+03   -8.1090288519e+01    3.5953666884e+01   -1.0760794709e+01   -5.1102678377e+01   -2.3719832244e+01    4.4930168110e+00   -1.0462269404e+01    5.1200000000e+02    1.8875430544e-01    5.5877075195e-01
        12   -4.5104533596e+01    2.0353726922e+03   -8.1251796722e+01    3.6147263126e+01   -1.0775490473e+01   -5.1102678377e+01   -2.3806883942e+01    4.4332560696e+00   -1.0484452983e+01    5.1200000000e+02    1.9003903644e-01    5.6255493164e-01
        13   -4.5016368744e+01    2.0277899582e+03   -8.1931066747e+01    3.6914698004e+01   -1.0662346534e+01   -5.1102678377e+01   -2.4734740481e+01    4.5686986441e+00   -1.0353032404e+01    5.1200000000e+02    1.8728566732e-01    5.6154785156e-01
        14   -4.5183858808e+01    2.0426610792e+03   -8.2095472006e+01    3.6911613199e+01   -1.0825247511e+01   -5.1102678377e+01   -2.5007717078e+01    4.8401709593e+00   -1.0561989416e+01    5.1200000000e+02    1.8588646869e-01    5.5897827148e-01
        15   -4.5042281011e+01    2.0299051955e+03   -8.2451608967e+01    3.7409327956e+01   -1.0660614160e+01   -5.1102678377e+01   -2.4959400852e+01    4.2710844214e+00   -1.0347677547e+01    5.1200000000e+02    1.9038476769e-01    5.5994873047e-01
        16   -4.5125106072e+01    2.0373165706e+03   -8.1438673390e+01    3.6313567318e+01   -1.0829421888e+01   -5.1102678377e+01   -2.4300396146e+01    4.7938230207e+00   -1.0512622248e+01    5.1200000000e+02    1.8960527056e-01    5.6147460937e-01
        17   -4.5073284347e+01    2.0326768409e+03   -8.1551412895e+01    3.6478128548e+01   -1.0827445439e+01   -5.1102678377e+01   -2.4304824468e+01    4.6835353893e+00   -1.0520925246e+01    5.1200000000e+02    1.9115528069e-01    5.6154785156e-01
        18   -4.5065033536e+01    2.0317679537e+03   -8.2072162236e+01    3.7007128700e+01   -1.0858091536e+01   -5.1102678377e+01   -2.4364500988e+01    4.2531086647e+00   -1.0555775209e+01    5.1200000000e+02    1.8977343681e-01    5.5849609375e-01
        19   -4.5028434313e+01    2.0286362503e+03   -8.1691737983e+01    3.6663303671e+01   -1.0676464016e+01   -5.1102678377e+01   -2.4412158813e+01    4.4995632223e+00   -1.0370059719e+01    5.1200000000e+02    1.9332853363e-01    5.5934448242e-01
        20   -4.5075560377e+01    2.0328518002e+03   -8.1946421527e+01    3.6870861150e+01   -1.0662280969e+01   -5.1102678377e+01   -2.4925799117e+01    4.7443369356e+00   -1.0358514402e+01    5.1200000000e+02    1.9146183875e-01    5.6024169922e-01
        21   -4.4967249557e+01    2.0231051036e+03   -8.0822103449e+01    3.5854853891e+01   -1.0634885517e+01   -5.1102678377e+01   -2.3914696893e+01    4.8301573383e+00   -1.0299707714e+01    5.1200000000e+02    1.8434614450e-01    5.6189575195e-01
        22   -4.5115729455e+01    2.0365169959e+03   -8.1830362576e+01    3.6714633121e+01   -1.0825353346e+01   -5.1102678377e+01   -2.4101208136e+01    4.1988772824e+00   -1.0531473485e+01    5.1200000000e+02    1.9005496538e-01    5.6140136719e-01
        23   -4.5063532180e+01    2.0319034079e+03   -8.2077643005e+01    3.7014110825e+01   -1.0685352127e+01   -5.1102678377e+01   -2.5244875367e+01    4.9552628656e+00   -1.0388087521e+01    5.1200000000e+02    1.8963078500e-01    5.6027221680e-01
        24   -4.5128468015e+01    2.0382407710e+03   -8.2396085887e+01    3.7267617872e+01   -1.0759062224e+01   -5.1102678377e+01   -2.4715964854e+01    4.1816195678e+00   -1.0480744187e+01    5.1200000000e+02    1.8906806706e-01    5.6138916016e-01
        25   -4.5148254608e+01    2.0393101093e+03   -8.1847935411e+01    3.6699680803e+01   -1.0750281764e+01   -5.1102678377e+01   -2.4323628566e+01    4.3286532955e+00   -1.0453251271e+01    5.1200000000e+02    1.9112035950e-01    5.6227416992e-01
        26   -4.5126200572e+01    2.0374156872e+03   -8.1295989062e+01    3.6169788489e+01   -1.0754073806e+01   -5.1102678377e+01   -2.4619589960e+01    5.1803530811e+00   -1.0436432683e+01    5.1200000000e+02    1.9077462107e-01    5.5891113281e-01
        27   -4.5103218975e+01    2.0353134933e+03   -8.2431000787e+01    3.7327781811e+01   -1.0753423172e+01   -5.1102678377e+01   -2.5260229300e+01    4.6853300620e+00   -1.0442871892e+01    5.1200000000e+02    1.8927213756e-01    5.5988159180e-01
        28   -4.5102837928e+01    2.0352900828e+03   -8.1376219342e+01    3.6273381414e+01   -1.0797714339e+01   -5.1102678377e+01   -2.3987243893e+01    4.5114172676e+00   -1.0471572383e+01    5.1200000000e+02    1.9086995863e-01    5.5999755859e-01
        29   -4.5119714109e+01    2.0368141825e+03   -8.2371290073e+01    3.7251575964e+01   -1.0566450334e+01   -5.1102678377e+01   -2.5106884611e+01    4.4047232492e+00   -1.0261934857e+01    5.1200000000e+02    1.8755780094e-01    5.6168212891e-01
        30   -4.5064196049e+01    2.0318382098e+03   -8.2032273530e+01    3.6968077481e+01   -1.0719186657e+01   -5.1102678377e+01   -2.4455744639e+01    4.2453361423e+00   -1.0423806140e+01    5.1200000000e+02    1.9056356425e-01    5.6082763672e-01
        31   -4.5078158879e+01    2.0331873231e+03   -8.1829960120e+01    3.6751801241e+01   -1.0689088614e+01   -5.1102678377e+01   -2.4636949946e+01    4.5987568174e+00   -1.0369118485e+01    5.1200000000e+02    1.8655174300e-01    5.5983276367e-01
        32   -4.5203328622e+01    2.0443972198e+03   -8.1760509578e+01    3.6557180956e+01   -1.0925329102e+01   -5.1102678377e+01   -2.4283668339e+01    4.5511662398e+00   -1.0637409054e+01    5.1200000000e+02    1.8501309694e-01    5.5967407227e-01
        33   -4.5222702636e+01    2.0462224764e+03   -8.0931986944e+01    3.5709284308e+01   -1.0655029907e+01   -5.1102678377e+01   -2.3647054969e+01    4.4727763092e+00   -1.0344501796e+01    5.1200000000e+02    1.8863633313e-01    5.5995483398e-01
        34   -4.5087835840e+01    2.0337938560e+03   -8.2018848040e+01    3.6931012200e+01   -1.0650447728e+01   -5.1102678377e+01   -2.4644005396e+01    4.3782834609e+00   -1.0368965382e+01    5.1200000000e+02    1.9098451750e-01    5.5792846680e-01
        35   -4.5113418613e+01    2.0361973783e+03   -8.1267363246e+01    3.6153944633e+01   -1.0809832739e+01   -5.1102678377e+01   -2.3807772213e+01    4.4529200828e+00   -1.0508691940e+01    5.1200000000e+02    1.9203154756e-01    5.6113891602e-01
        36   -4.5144416058e+01    2.0392351895e+03   -8.1627993871e+01    3.6483577814e+01   -1.0705267866e+01   -5.1102678377e+01   -2.4538921129e+01    4.7188734994e+00   -1.0404768174e+01    5.1200000000e+02    1.9134273781e-01    5.6009521484e-01
        37   -4.5014234303e+01    2.0276149520e+03   -8.1607776235e+01    3.6593541932e+01   -1.0663496688e+01   -5.1102678377e+01   -2.4553808894e+01    4.7122077236e+00   -1.0343438689e+01    5.1200000000e+02    1.8830561725e-01    5.6156616211e-01
        38   -4.5118223234e+01    2.0365644945e+03   -8.1201375834e+01    3.6083152600e+01   -1.0882507286e+01   -5.1102678377e+01   -2.3420428327e+01    4.2042381568e+00   -1.0580726584e+01    5.1200000000e+02    1.8935388769e-01    5.6307373047e-01
        39   -4.5142784251e+01    2.0389724948e+03   -8.0872316748e+01    3.5729532497e+01   -1.0937651797e+01   -5.1102678377e+01   -2.3439437353e+01    4.6074507783e+00   -1.0647742302e+01    5.1200000000e+02    1.8888493575e-01    5.6046752930e-01
        40   -4.5140722418e+01    2.0389086846e+03   -8.1654513664e+01    3.6513791246e+01   -1.0695009108e+01   -5.1102678377e+01   -2.4465639074e+01    4.6088128940e+00   -1.0397734957e+01    5.1200000000e+02    1.8673039194e-01    5.6058349609e-01
        41   -4.5080439054e+01    2.0333686204e+03   -8.1607319233e+01    3.6526880179e+01   -1.0654272576e+01   -5.1102678377e+01   -2.3899347966e+01    4.0489796860e+00   -1.0364165051e+01    5.1200000000e+02    1.8673395413e-01    5.5958251953e-01
        42   -4.5097736086e+01    2.0348843709e+03   -8.2801038662e+01    3.7703302576e+01   -1.0652207469e+01   -5.1102678377e+01   -2.5404786524e+01    4.3586337075e+00   -1.0338847310e+01    5.1200000000e+02    1.9098839425e-01    5.6161499023e-01
        43   -4.5047149491e+01    2.0306349974e+03   -8.1526470587e+01    3.6479321095e+01   -1.0469293138e+01   -5.1102678377e+01   -2.4618634315e+01    4.6641352439e+00   -1.0156208549e+01    5.1200000000e+02    1.8974394106e-01    5.5927734375e-01
        44   -4.5162179733e+01    2.0407743159e+03   -8.2124537116e+01    3.6962357383e+01   -1.0698442280e+01   -5.1102678377e+01   -2.4935822843e+01    4.6124063830e+00   -1.0386526541e+01    5.1200000000e+02    1.9087685481e-01    5.6019287109e-01
        45   -4.5258436269e+01    2.0495610034e+03   -8.2130997249e+01    3.6872560980e+01   -1.0727025128e+01   -5.1102678377e+01   -2.4951234945e+01    4.6499412001e+00   -1.0438153673e+01    5.1200000000e+02    1.8832745694e-01    5.5920410156e-01
        46   -4.5096349433e+01    2.0347200910e+03   -8.1978434212e+01    3.6882084779e+01   -1.0668342677e+01   -5.1102678377e+01   -2.4595511721e+01    4.3880985620e+00   -1.0346325381e+01    5.1200000000e+02    1.8470664238e-01    5.5886840820e-01
        47   -4.5008562464e+01    2.0268783253e+03   -8.1575800118e+01    3.6567237653e+01   -1.0783082147e+01   -5.1102678377e+01   -2.4174374101e+01    4.4843345073e+00   -1.0479385633e+01    5.1200000000e+02    1.9135343987e-01    5.6078491211e-01
        48   -4.5103323132e+01    2.0353939348e+03   -8.1554201719e+01    3.6450878586e+01   -1.0758442373e+01   -5.1102678377e+01   -2.4008248735e+01    4.3151677661e+00   -1.0455594419e+01    5.1200000000e+02    1.9133864019e-01    5.6098632813e-01
        49   -4.4970460269e+01    2.0234322237e+03   -8.1241819603e+01    3.6271359334e+01   -1.0693132379e+01   -5.1102678377e+01   -2.3609385257e+01    4.1633764093e+00   -1.0385915815e+01    5.1200000000e+02    1.8683005700e-01    5.6340942383e-01
        50   -4.5127441489e+01    2.0375389053e+03   -8.1131844201e+01    3.6004402711e+01   -1.0695882953e+01   -5.1102678377e+01   -2.3889037742e+01    4.5557548708e+00   -1.0400848233e+01    5.1200000000e+02    1.8811368356e-01    5.6105957031e-01
        51   -4.5136100921e+01    2.0384048704e+03   -8.1832456738e+01    3.6696355817e+01   -1.0996347089e+01   -5.1102678377e+01   -2.4090764299e+01    4.3573330273e+00   -1.0709547703e+01    5.1200000000e+02    1.9404652175e-01    5.6450805664e-01
        52   -4.5143704877e+01    2.0390019862e+03   -8.1413903887e+01    3.6270199010e+01   -1.0852886194e+01   -5.1102678377e+01   -2.3729289871e+01    4.2709505555e+00   -1.0569442413e+01    5.1200000000e+02    1.9016495275e-01    5.6184082031e-01
        53   -4.5019247085e+01    2.0277940840e+03   -8.1564439024e+01    3.6545191939e+01   -1.0785464256e+01   -5.1102678377e+01   -2.3641638899e+01    3.9653425081e+00   -1.0478841788e+01    5.1200000000e+02    1.8912545825e-01    5.6116943359e-01
        54   -4.5079688597e+01    2.0332546035e+03   -8.2079012401e+01    3.6999323805e+01   -1.0619516242e+01   -5.1102678377e+01   -2.4565816383e+01    4.2089986000e+00   -1.0330316525e+01    5.1200000000e+02    1.9258157531e-01    5.6109008789e-01
        55   -4.5144618144e+01    2.0392967702e+03   -8.1431887277e+01    3.6287269133e+01   -1.0816394402e+01   -5.1102678377e+01   -2.4208506923e+01    4.6956924242e+00   -1.0508101992e+01    5.1200000000e+02    1.8526870969e-01    5.6174926758e-01
        56   -4.5174100756e+01    2.0419181989e+03   -8.3153770668e+01    3.7979669912e+01   -1.0504845524e+01   -5.1102678377e+01   -2.5496930064e+01    3.9506832960e+00   -1.0203692848e+01    5.1200000000e+02    1.9182075063e-01    5.6107177734e-01
        57   -4.5109027972e+01    2.0358984878e+03   -8.1493416498e+01    3.6384388527e+01   -1.0745726110e+01   -5.1102678377e+01   -2.4608248585e+01    4.9632365735e+00   -1.0458197192e+01    5.1200000000e+02    1.8846576575e-01    5.6160278320e-01
        58   -4.5057864168e+01    2.0313689779e+03   -8.1639152016e+01    3.6581287848e+01   -1.0855311981e+01   -5.1102678377e+01   -2.4398067242e+01    4.7169055843e+00   -1.0559731885e+01    5.1200000000e+02    1.8887828156e-01    5.6184082031e-01
        59   -4.5086176533e+01    2.0339899746e+03   -8.2098349053e+01    3.7012172520e+01   -1.0867757863e+01   -5.1102678377e+01   -2.4372452043e+01    4.2445392301e+00   -1.0578437888e+01    5.1200000000e+02    1.9212752481e-01    5.6060180664e-01
        60   -4.5093649899e+01    2.0343675416e+03   -8.1693344302e+01    3.6599694403e+01   -1.0845661892e+01   -5.1102678377e+01   -2.4139843916e+01    4.3948398824e+00   -1.0545165239e+01    5.1200000000e+02    1.8780887331e-01    5.6067504883e-01
        61   -4.5067981149e+01    2.0321378927e+03   -8.1324006610e+01    3.6256025462e+01   -1.0784575782e+01   -5.1102678377e+01   -2.3822603236e+01    4.3858507848e+00   -1.0476607063e+01    5.1200000000e+02    1.8927501831e-01    5.6461791992e-01
        62   -4.5207540343e+01    2.0446394524e+03   -8.1740745762e+01    3.6533205419e+01   -1.0805690592e+01   -5.1102678377e+01   -2.3982610170e+01    4.1502333764e+00   -1.0531862289e+01    5.1200000000e+02    1.9059590463e-01    5.6066284180e-01
        63   -4.5155069982e+01    2.0402736082e+03   -8.1386328136e+01    3.6231258154e+01   -1.0821492733e+01   -5.1102678377e+01   -2.4022224109e+01    4.5600670832e+00   -1.0535949575e+01    5.1200000000e+02    1.9349214231e-01    5.5940551758e-01
        64   -4.5066563388e+01    2.0320987561e+03   -8.1448916437e+01    3.6382353049e+01   -1.0659122572e+01   -5.1102678377e+01   -2.4439595619e+01    4.7524801313e+00   -1.0354894356e+01    5.1200000000e+02    1.9342556513e-01    5.5897216797e-01
        65   -4.5119938663e+01    2.0370281949e+03   -8.0755033073e+01    3.5635094409e+01   -1.0820734868e+01   -5.1102678377e+01   -2.3230383184e+01    4.3987633560e+00   -1.0517605701e+01    5.1200000000e+02    1.9164914137e-01    5.6234741211e-01
        66   -4.5088905812e+01    2.0341332406e+03   -8.1713206335e+01    3.6624300524e+01   -1.0733043511e+01   -5.1102678377e+01   -2.3917534855e+01    4.0400504073e+00   -1.0445314857e+01    5.1200000000e+02    1.9464597350e-01    5.6150512695e-01
        67   -4.4997320712e+01    2.0257464906e+03   -8.0792822134e+01    3.5795501422e+01   -1.0592966098e+01   -5.1102678377e+01   -2.3969698717e+01    4.8725210582e+00   -1.0282928933e+01    5.1200000000e+02    1.8786813325e-01    5.5878906250e-01
        68   -4.5000996572e+01    2.0264212725e+03   -8.0984999736e+01    3.5984003164e+01   -1.0786627257e+01   -5.1102678377e+01   -2.3364959449e+01    4.2692653474e+00   -1.0469516866e+01    5.1200000000e+02    1.8879488869e-01    5.6027832031e-01
        69   -4.5178529768e+01    2.0420489594e+03   -8.2273865443e+01    3.7095335675e+01   -1.0824535772e+01   -5.1102678377e+01   -2.4858534962e+01    4.5118836675e+00   -1.0531567956e+01    5.1200000000e+02    1.9103977056e-01    5.6123046875e-01
        70   -4.5199543538e+01    2.0438938520e+03   -8.1535673837e+01    3.6336130299e+01   -1.1018079857e+01   -5.1102678377e+01   -2.3514631909e+01    4.0997163055e+00   -1.0736954854e+01    5.1200000000e+02    1.8844460944e-01    5.6041870117e-01
        71   -4.5108534056e+01    2.0358218257e+03   -8.1731341133e+01    3.6622807077e+01   -1.0746714223e+01   -5.1102678377e+01   -2.3853992976e+01    3.9720444436e+00   -1.0447914292e+01    5.1200000000e+02    1.8840932494e-01    5.5941162109e-01
        72   -4.5121735386e+01    2.0368044125e+03   -8.1117615142e+01    3.5995879756e+01   -1.0692650432e+01   -5.1102678377e+01   -2.4322290714e+01    5.0000043807e+00   -1.0402473483e+01    5.1200000000e+02    1.8847805725e-01    5.5853881836e-01
        73   -4.5096331225e+01    2.0347017447e+03   -8.1606041946e+01    3.6509710721e+01   -1.0511878186e+01   -5.1102678377e+01   -2.4327620160e+01    4.3361347772e+00   -1.0221913377e+01    5.1200000000e+02    1.8899778125e-01    5.6080932617e-01
        74   -4.5081074076e+01    2.0337837191e+03   -8.2604813972e+01    3.7523739896e+01   -1.0778408754e+01   -5.1102678377e+01   -2.4172819799e+01    3.4490929573e+00   -1.0474518099e+01    5.1200000000e+02    1.9019313813e-01    5.5990600586e-01
        75   -4.5142861696e+01    2.0388835598e+03   -8.2109200442e+01    3.6966338747e+01   -1.0899896364e+01   -5.1102678377e+01   -2.4429402788e+01    4.3227770871e+00   -1.0619375473e+01    5.1200000000e+02    1.9200944113e-01    5.6143798828e-01
        76   -4.5043645061e+01    2.0299684837e+03   -8.1928046237e+01    3.6884401176e+01   -1.0820823255e+01   -5.1102678377e+01   -2.4534644601e+01    4.5300999957e+00   -1.0521901521e+01    5.1200000000e+02    1.8452737700e-01    5.6040649414e-01
        77   -4.5016774266e+01    2.0275589377e+03   -8.1786636624e+01    3.6769862358e+01   -1.0671586419e+01   -5.1102678377e+01   -2.4484888133e+01    4.4725163043e+00   -1.0364666558e+01    5.1200000000e+02    1.9034896769e-01    5.5924072266e-01
        78   -4.5110827972e+01    2.0359465611e+03   -8.1014896774e+01    3.5904068802e+01   -1.0979625936e+01   -5.1102678377e+01   -2.3074002737e+01    4.1414102758e+00   -1.0678790252e+01    5.1200000000e+02    1.9062550981e-01    5.6082763672e-01
        79   -4.5073017884e+01    2.0326282224e+03   -8.1692827829e+01    3.6619809945e+01   -1.0682886903e+01   -5.1102678377e+01   -2.4141577709e+01    4.2343151599e+00   -1.0372150740e+01    5.1200000000e+02    1.8850875794e-01    5.6080322266e-01
        80   -4.5065006657e+01    2.0318371865e+03   -8.1828839564e+01    3.6763832907e+01   -1.0597084387e+01   -5.1102678377e+01   -2.4615684017e+01    4.4866072168e+00   -1.0304399148e+01    5.1200000000e+02    1.8509232044e-01    5.6111450195e-01
        81   -4.5031152078e+01    2.0289577368e+03   -8.1655423791e+01    3.6624271713e+01   -1.0730215728e+01   -5.1102678377e+01   -2.4286301063e+01    4.4637713770e+00   -1.0435524441e+01    5.1200000000e+02    1.9612910644e-01    5.6005859375e-01
        82   -4.5116636237e+01    2.0367384965e+03   -8.1640115396e+01    3.6523479158e+01   -1.0779114102e+01   -5.1102678377e+01   -2.4288908490e+01    4.5305855731e+00   -1.0482147656e+01    5.1200000000e+02    1.8989849338e-01    5.6076660156e-01
        83   -4.5062410228e+01    2.0317559221e+03   -8.1397355814e+01    3.6334945586e+01   -1.0840629251e+01   -5.1102678377e+01   -2.3737376834e+01    4.2833286473e+00   -1.0525581573e+01    5.1200000000e+02    1.8644713125e-01    5.5874633789e-01
        84   -4.5171619828e+01    2.0415727416e+03   -8.2276962279e+01    3.7105342451e+01   -1.0856898545e+01   -5.1102678377e+01   -2.5190646695e+01    4.8732613384e+00   -1.0579199935e+01    5.1200000000e+02    1.9005612194e-01    5.6221313477e-01
        85   -4.5040196587e+01    2.0295445222e+03   -8.2002903595e+01    3.6962707008e+01   -1.0590922722e+01   -5.1102678377e+01   -2.4655478879e+01    4.3461763822e+00   -1.0277930528e+01    5.1200000000e+02    1.8896534750e-01    5.5967407227e-01
        86   -4.5104408200e+01    2.0361089057e+03   -8.1352356919e+01    3.6247948719e+01   -1.0694270641e+01   -5.1102678377e+01   -2.3635805528e+01    4.0803976271e+00   -1.0403840168e+01    5.1200000000e+02    1.8998028838e-01    5.6201782227e-01
        87   -4.5097815979e+01    2.0349151156e+03   -8.1942006242e+01    3.6844190263e+01   -1.0655975369e+01   -5.1102678377e+01   -2.4649597134e+01    4.4662446378e+00   -1.0358849344e+01    5.1200000000e+02    1.8835772525e-01    5.6200561523e-01
        88   -4.5068674803e+01    2.0321016158e+03   -8.1342767398e+01    3.6274092595e+01   -1.0732830683e+01   -5.1102678377e+01   -2.4010811568e+01    4.5035532288e+00   -1.0424771536e+01    5.1200000000e+02    1.8697923775e-01    5.6038818359e-01
        89   -4.5039467234e+01    2.0295138255e+03   -8.2287094369e+01    3.7247627134e+01   -1.0804333738e+01   -5.1102678377e+01   -2.4916156518e+01    4.5360742638e+00   -1.0498964241e+01    5.1200000000e+02    1.8465287019e-01    5.5939331055e-01
        90   -4.5096232902e+01    2.0346817247e+03   -8.1632063511e+01    3.6535830610e+01   -1.0835465285e+01   -5.1102678377e+01   -2.4084656400e+01    4.3907365496e+00   -1.0533878102e+01    5.1200000000e+02    1.8952732425e-01    5.6068725586e-01
        91   -4.4990762262e+01    2.0251304888e+03   -8.1840444093e+01    3.6849681831e+01   -1.0884853221e+01   -5.1102678377e+01   -2.3971604861e+01    4.1186923655e+00   -1.0585526681e+01    5.1200000000e+02    1.9031771719e-01    5.5934448242e-01
        92   -4.5074083815e+01    2.0326044782e+03   -8.1508946901e+01    3.6434863086e+01   -1.0878070451e+01   -5.1102678377e+01   -2.4009950876e+01    4.4817528027e+00   -1.0587061258e+01    5.1200000000e+02    1.8819606031e-01    5.6068115234e-01
        93   -4.5081134513e+01    2.0333750616e+03   -8.0988990198e+01    3.5907855685e+01   -1.0723078596e+01   -5.1102678377e+01   -2.3716983007e+01    4.5537497825e+00   -1.0404916768e+01    5.1200000000e+02    1.9291353381e-01    5.5863647461e-01
        94   -4.5141037431e+01    2.0395548955e+03   -8.1435274357e+01    3.6294236926e+01   -1.0713308624e+01   -5.1102678377e+01   -2.4017131705e+01    4.3978443485e+00   -1.0412811633e+01    5.1200000000e+02    1.9009882187e-01    5.5891113281e-01
        95   -4.5136481850e+01    2.0384131235e+03   -8.1639033733e+01    3.6502551883e+01   -1.0707589539e+01   -5.1102678377e+01   -2.4238170151e+01    4.4094043338e+00   -1.0400715951e+01    5.1200000000e+02    1.9056738794e-01    5.6138305664e-01
        96   -4.5040399110e+01    2.0295816277e+03   -8.1434629448e+01    3.6394230338e+01   -1.0911546632e+01   -5.1102678377e+01   -2.3815673586e+01    4.3952691465e+00   -1.0597748029e+01    5.1200000000e+02    1.9442744494e-01    5.6224365234e-01
        97   -4.5036966672e+01    2.0296651406e+03   -8.1735499611e+01    3.6698532939e+01   -1.0694395144e+01   -5.1102678377e+01   -2.3976718554e+01    4.0382924628e+00   -1.0389731248e+01    5.1200000000e+02    1.9077650775e-01    5.6006469727e-01
        98   -4.5021033899e+01    2.0279495006e+03   -8.1213395274e+01    3.6192361375e+01   -1.0729707631e+01   -5.1102678377e+01   -2.3890603375e+01    4.5095941077e+00   -1.0406906047e+01    5.1200000000e+02    1.9074157925e-01    5.6150512695e-01
        99   -4.5095215597e+01    2.0346495878e+03   -8.1509767470e+01    3.6414551873e+01   -1.0784149562e+01   -5.1102678377e+01   -2.3728381804e+01    4.1054422730e+00   -1.0499893184e+01    5.1200000000e+02    1.8911730287e-01    5.6204223633e-01
