#   index    LocalEnergy         LocalEnergy_sq      LocalPotential      Kinetic             ElecElec            IonIon              ElecIon             BlockWeight         BlockCPU            AcceptRatio         
         0   -7.6317905797e+01    5.8275985220e+03   -1.5579830939e+02    7.9480403594e+01    3.7960964471e+01    9.2930681183e+00   -2.0305234198e+02    2.0480000000e+03    6.3236964756e-02    3.8918945313e-01
         1   -7.6329944747e+01    5.8292789710e+03   -1.5636028727e+02    8.0030342522e+01    3.7279408049e+01    9.2930681183e+00   -2.0293276344e+02    2.0480000000e+03    6.9002774188e-02    3.9090820312e-01
         2   -7.6225745714e+01    5.8131769793e+03   -1.4736863649e+02    7.1142890777e+01    3.7083227319e+01    9.2930681183e+00   -1.9374493193e+02    2.0480000000e+03    6.7939735251e-02    3.9025878906e-01
         3   -7.6423749050e+01    5.8434063071e+03   -1.5243396602e+02    7.6010216975e+01    3.6922756046e+01    9.2930681183e+00   -1.9864979019e+02    2.0480000000e+03    6.8612435934e-02    3.9040039063e-01
         4   -7.6299951644e+01    5.8250489560e+03   -1.5327357914e+02    7.6973627495e+01    3.8155801273e+01    9.2930681183e+00   -2.0072244853e+02    2.0480000000e+03    6.7038062874e-02    3.8832031250e-01
         5   -7.6252138622e+01    5.8172550491e+03   -1.4857719537e+02    7.2325056752e+01    3.7256921504e+01    9.2930681183e+00   -1.9512718500e+02    2.0480000000e+03    6.7191095130e-02    3.9002441406e-01
         6   -7.6262015671e+01    5.8207573290e+03   -1.3933908874e+02    6.3077073074e+01    3.6878427686e+01    9.2930681183e+00   -1.8551058455e+02    2.0480000000e+03    6.7240040997e-02    3.8945312500e-01
         7   -7.6225125843e+01    5.8134434070e+03   -1.3911303449e+02    6.2887908643e+01    3.7401341610e+01    9.2930681183e+00   -1.8580744421e+02    2.0480000000e+03    6.5860006189e-02    3.8934570312e-01
         8   -7.6336567260e+01    5.8301446171e+03   -1.6647352843e+02    9.0136961175e+01    3.7722775138e+01    9.2930681183e+00   -2.1348937169e+02    2.0480000000e+03    6.8776677626e-02    3.8898437500e-01
         9   -7.6291983084e+01    5.8232715393e+03   -1.4784875645e+02    7.1556773363e+01    3.7434065478e+01    9.2930681183e+00   -1.9457589004e+02    2.0480000000e+03    6.5850948498e-02    3.8921875000e-01
        10   -7.6225646483e+01    5.8137273362e+03   -1.4875675266e+02    7.2531106174e+01    3.8071946203e+01    9.2930681183e+00   -1.9612176698e+02    2.0480000000e+03    6.8126959684e-02    3.8782226562e-01
        11   -7.6332941559e+01    5.8297751578e+03   -1.4805695311e+02    7.1724011548e+01    3.7559425766e+01    9.2930681183e+00   -1.9490944699e+02    2.0480000000e+03    6.8330695003e-02    3.8806152344e-01
        12   -7.6166753088e+01    5.8044400217e+03   -1.5702021437e+02    8.0853461285e+01    3.7504018291e+01    9.2930681183e+00   -2.0381730078e+02    2.0480000000e+03    6.9211863311e-02    3.8904296875e-01
        13   -7.6183597012e+01    5.8067861440e+03   -1.4444859940e+02    6.8265002387e+01    3.7024983678e+01    9.2930681183e+00   -1.9076665120e+02    2.0480000000e+03    6.7906305811e-02    3.9287109375e-01
        14   -7.6338922223e+01    5.8312157610e+03   -1.6728062910e+02    9.0941706879e+01    3.7905232571e+01    9.2930681183e+00   -2.1447892979e+02    2.0480000000e+03    6.7565872938e-02    3.8997558594e-01
        15   -7.6222981924e+01    5.8130373425e+03   -1.4844653084e+02    7.2223548917e+01    3.7533615820e+01    9.2930681183e+00   -1.9527321478e+02    2.0480000000e+03    6.4748745253e-02    3.8939453125e-01
        16   -7.6232305255e+01    5.8181826325e+03   -1.5878170690e+02    8.2549401647e+01    3.7829187115e+01    9.2930681183e+00   -2.0590396213e+02    2.0480000000e+03    6.8625942506e-02    3.8899902344e-01
        17   -7.6241484552e+01    5.8158591860e+03   -1.6127615524e+02    8.5034670689e+01    3.7542316537e+01    9.2930681183e+00   -2.0811153990e+02    2.0480000000e+03    6.7394139629e-02    3.9085449219e-01
        18   -7.6333300046e+01    5.8298338606e+03   -1.5457848569e+02    7.8245185645e+01    3.7846671175e+01    9.2930681183e+00   -2.0171822498e+02    2.0480000000e+03    6.9223032311e-02    3.8778320313e-01
        19   -7.6391859393e+01    5.8384401080e+03   -1.9494317898e+02    1.1855131959e+02    3.7825095041e+01    9.2930681183e+00   -2.4206134214e+02    2.0480000000e+03    6.7581867374e-02    3.8861328125e-01
        20   -7.6295971451e+01    5.8245288809e+03   -1.4925844465e+02    7.2962473197e+01    3.7204878768e+01    9.2930681183e+00   -1.9575639153e+02    2.0480000000e+03    6.7871564999e-02    3.9013183594e-01
        21   -7.6305235623e+01    5.8257491725e+03   -1.5747530609e+02    8.1170070469e+01    3.7822906057e+01    9.2930681183e+00   -2.0459128027e+02    2.0480000000e+03    6.5955901937e-02    3.8978515625e-01
        22   -7.6235699330e+01    5.8156931942e+03   -1.3723137792e+02    6.0995678587e+01    3.7720100218e+01    9.2930681183e+00   -1.8424454625e+02    2.0480000000e+03    6.7348371686e-02    3.8975097656e-01
        23   -7.6137636161e+01    5.7995887296e+03   -1.3563719587e+02    5.9499559708e+01    3.7066364480e+01    9.2930681183e+00   -1.8199662847e+02    2.0480000000e+03    6.9532001253e-02    3.9036132813e-01
        24   -7.6302986235e+01    5.8257378581e+03   -1.4886706429e+02    7.2564078052e+01    3.7603476669e+01    9.2930681183e+00   -1.9576360907e+02    2.0480000000e+03    6.5123665940e-02    3.8928710937e-01
        25   -7.6167447984e+01    5.8044941295e+03   -1.5821516685e+02    8.2047718868e+01    3.7422818085e+01    9.2930681183e+00   -2.0493105306e+02    2.0480000000e+03    6.7227340685e-02    3.9078613281e-01
        26   -7.6282394849e+01    5.8227999004e+03   -1.4851911291e+02    7.2236718065e+01    3.7503519777e+01    9.2930681183e+00   -1.9531570081e+02    2.0480000000e+03    6.4817251683e-02    3.8926757813e-01
        27   -7.6143650108e+01    5.8011518326e+03   -1.5853946767e+02    8.2395817560e+01    3.7782718957e+01    9.2930681183e+00   -2.0561525474e+02    2.0480000000e+03    6.7569101873e-02    3.8893554687e-01
        28   -7.6362420194e+01    5.8351834373e+03   -1.4712371667e+02    7.0761296475e+01    3.7287128247e+01    9.2930681183e+00   -1.9370391303e+02    2.0480000000e+03    6.6131730688e-02    3.8898437500e-01
        29   -7.6258732855e+01    5.8192757682e+03   -1.4263080463e+02    6.6372071772e+01    3.7402754232e+01    9.2930681183e+00   -1.8932662698e+02    2.0480000000e+03    7.1157679873e-02    3.8973144531e-01
        30   -7.6223302668e+01    5.8156330460e+03   -1.4400720915e+02    6.7783906483e+01    3.7610990501e+01    9.2930681183e+00   -1.9091126777e+02    2.0480000000e+03    6.8975989623e-02    3.8852539063e-01
        31   -7.6275186353e+01    5.8211024054e+03   -1.5083829435e+02    7.4563107999e+01    3.7456874697e+01    9.2930681183e+00   -1.9758823717e+02    2.0480000000e+03    6.7776850563e-02    3.9170410156e-01
        32   -7.6238975904e+01    5.8154856287e+03   -1.6179805028e+02    8.5559074379e+01    3.7307387395e+01    9.2930681183e+00   -2.0839850580e+02    2.0480000000e+03    6.7666648876e-02    3.8925292969e-01
        33   -7.6254630138e+01    5.8192359414e+03   -1.6023760562e+02    8.3982975480e+01    3.7531592319e+01    9.2930681183e+00   -2.0706226606e+02    2.0480000000e+03    6.7029777629e-02    3.8804199219e-01
        34   -7.6340539273e+01    5.8311626240e+03   -1.4701557902e+02    7.0675039743e+01    3.7439595142e+01    9.2930681183e+00   -1.9374824228e+02    2.0480000000e+03    6.8392498437e-02    3.9075683594e-01
        35   -7.6355743947e+01    5.8332998637e+03   -1.5631359604e+02    7.9957852095e+01    3.7742548111e+01    9.2930681183e+00   -2.0334921227e+02    2.0480000000e+03    6.5538111436e-02    3.8807128906e-01
        36   -7.6263410475e+01    5.8189998408e+03   -1.4358362377e+02    6.7320213295e+01    3.7789837191e+01    9.2930681183e+00   -1.9066652908e+02    2.0480000000e+03    6.7571759191e-02    3.8927246094e-01
        37   -7.6314421169e+01    5.8272496602e+03   -1.3888456611e+02    6.2570144936e+01    3.7052904381e+01    9.2930681183e+00   -1.8523053860e+02    2.0480000000e+03    6.6468912128e-02    3.9070800781e-01
        38   -7.6275409877e+01    5.8217088055e+03   -1.6646414314e+02    9.0188733263e+01    3.7369077343e+01    9.2930681183e+00   -2.1312628860e+02    2.0480000000e+03    6.9364587560e-02    3.9007812500e-01
        39   -7.6210566915e+01    5.8114210840e+03   -1.5177787143e+02    7.5567304514e+01    3.7652691106e+01    9.2930681183e+00   -1.9872363065e+02    2.0480000000e+03    6.8554912874e-02    3.8773437500e-01
        40   -7.6218589507e+01    5.8119698101e+03   -1.4352142628e+02    6.7302836775e+01    3.7193858455e+01    9.2930681183e+00   -1.9000835286e+02    2.0480000000e+03    6.7903594183e-02    3.9051757812e-01
        41   -7.6148210221e+01    5.8032392055e+03   -1.3816258294e+02    6.2014372722e+01    3.7249129731e+01    9.2930681183e+00   -1.8470478079e+02    2.0480000000e+03    6.7952504312e-02    3.9051757812e-01
        42   -7.6282332177e+01    5.8221135103e+03   -1.4828395606e+02    7.2001623886e+01    3.7748096570e+01    9.2930681183e+00   -1.9532512075e+02    2.0480000000e+03    6.4393785311e-02    3.8952148438e-01
        43   -7.6274512326e+01    5.8207442273e+03   -1.3975143174e+02    6.3476919414e+01    3.7524663820e+01    9.2930681183e+00   -1.8656916368e+02    2.0480000000e+03    6.7443567630e-02    3.9051269531e-01
        44   -7.6333164342e+01    5.8297942297e+03   -1.4844867108e+02    7.2115506742e+01    3.7679848805e+01    9.2930681183e+00   -1.9542158801e+02    2.0480000000e+03    6.6979693747e-02    3.8670410156e-01
        45   -7.6287205649e+01    5.8230119121e+03   -1.6191341988e+02    8.5626214235e+01    3.7731621798e+01    9.2930681183e+00   -2.0893810980e+02    2.0480000000e+03    6.8981652936e-02    3.9012207031e-01
        46   -7.6268146354e+01    5.8197623636e+03   -1.5020744094e+02    7.3939294583e+01    3.7331334579e+01    9.2930681183e+00   -1.9683184363e+02    2.0480000000e+03    6.7047665938e-02    3.8974121094e-01
        47   -7.6305963140e+01    5.8259959325e+03   -1.4605334471e+02    6.9747381574e+01    3.7303505698e+01    9.2930681183e+00   -1.9264991853e+02    2.0480000000e+03    6.8636387565e-02    3.8966796875e-01
        48   -7.6227860231e+01    5.8149946552e+03   -1.6594846177e+02    8.9720601535e+01    3.7702297652e+01    9.2930681183e+00   -2.1294382754e+02    2.0480000000e+03    6.6690018744e-02    3.9164550781e-01
        49   -7.6195542134e+01    5.8083062023e+03   -1.3847118978e+02    6.2275647641e+01    3.7135254133e+01    9.2930681183e+00   -1.8489951203e+02    2.0480000000e+03    6.8594075999e-02    3.9229492187e-01
        50   -7.6291620888e+01    5.8234196294e+03   -1.6089117926e+02    8.4599558375e+01    3.8085952305e+01    9.2930681183e+00   -2.0827019969e+02    2.0480000000e+03    6.8641086187e-02    3.9022460938e-01
        51   -7.6217063185e+01    5.8120711577e+03   -1.4583660698e+02    6.9619543794e+01    3.6947109874e+01    9.2930681183e+00   -1.9207678497e+02    2.0480000000e+03    6.8853719376e-02    3.8929199219e-01
        52   -7.6247820808e+01    5.8168681395e+03   -1.4536035337e+02    6.9112532560e+01    3.7416656354e+01    9.2930681183e+00   -1.9207007784e+02    2.0480000000e+03    6.8645363439e-02    3.8910644531e-01
        53   -7.6273329776e+01    5.8222036026e+03   -1.4932232748e+02    7.3048997706e+01    3.7504450031e+01    9.2930681183e+00   -1.9611984563e+02    2.0480000000e+03    6.8407660438e-02    3.9160644531e-01
        54   -7.6186701563e+01    5.8083261069e+03   -1.4874092086e+02    7.2554219297e+01    3.7531807255e+01    9.2930681183e+00   -1.9556579623e+02    2.0480000000e+03    6.7569007751e-02    3.8917480469e-01
        55   -7.6249774520e+01    5.8173247247e+03   -1.5331924934e+02    7.7069474817e+01    3.7990830817e+01    9.2930681183e+00   -2.0060314827e+02    2.0480000000e+03    6.5483381877e-02    3.8902343750e-01
        56   -7.6269959216e+01    5.8204158384e+03   -1.5281246018e+02    7.6542500959e+01    3.8511428060e+01    9.2930681183e+00   -2.0061695635e+02    2.0480000000e+03    6.5846689504e-02    3.8916992187e-01
        57   -7.6212850655e+01    5.8119477890e+03   -1.4766453126e+02    7.1451680602e+01    3.7567114391e+01    9.2930681183e+00   -1.9452471377e+02    2.0480000000e+03    6.7143547996e-02    3.8950683594e-01
        58   -7.6111620623e+01    5.7964106602e+03   -1.4293790171e+02    6.6826281092e+01    3.7300281352e+01    9.2930681183e+00   -1.8953125118e+02    2.0480000000e+03    7.0314146253e-02    3.9020507812e-01
        59   -7.6315250660e+01    5.8273807252e+03   -1.6256765808e+02    8.6252407418e+01    3.7984333036e+01    9.2930681183e+00   -2.0984505923e+02    2.0480000000e+03    6.7402260373e-02    3.8722656250e-01
        60   -7.6318905475e+01    5.8276749824e+03   -1.4994483428e+02    7.3625928805e+01    3.7341537000e+01    9.2930681183e+00   -1.9657943940e+02    2.0480000000e+03    6.8531613500e-02    3.8914062500e-01
        61   -7.6256767648e+01    5.8179395361e+03   -1.3841537445e+02    6.2158606801e+01    3.7343496833e+01    9.2930681183e+00   -1.8505193940e+02    2.0480000000e+03    6.9072181941e-02    3.9053710937e-01
        62   -7.6348180279e+01    5.8327325820e+03   -1.5332015182e+02    7.6971971544e+01    3.7661907766e+01    9.2930681183e+00   -2.0027512771e+02    2.0480000000e+03    6.9774888872e-02    3.9017578125e-01
        63   -7.6420183159e+01    5.8435873557e+03   -1.6105819827e+02    8.4638015114e+01    3.7470529500e+01    9.2930681183e+00   -2.0782179589e+02    2.0480000000e+03    6.8982582938e-02    3.8755371094e-01
        64   -7.6228436386e+01    5.8140133809e+03   -1.6728170470e+02    9.1053268310e+01    3.7430938791e+01    9.2930681183e+00   -2.1400571161e+02    2.0480000000e+03    6.9590180750e-02    3.8828125000e-01
        65   -7.6256324727e+01    5.8183037182e+03   -1.7075706280e+02    9.4500738073e+01    3.7130648937e+01    9.2930681183e+00   -2.1718077985e+02    2.0480000000e+03    6.7873195499e-02    3.8881835937e-01
        66   -7.6230463812e+01    5.8145436688e+03   -1.4894503908e+02    7.2714575273e+01    3.7402875860e+01    9.2930681183e+00   -1.9564098306e+02    2.0480000000e+03    6.8206909002e-02    3.8992675781e-01
        67   -7.6201607162e+01    5.8097877908e+03   -1.4817637066e+02    7.1974763500e+01    3.7896520442e+01    9.2930681183e+00   -1.9536595922e+02    2.0480000000e+03    6.5952809628e-02    3.8637207031e-01
        68   -7.6297937131e+01    5.8257187847e+03   -1.3967847127e+02    6.3380534140e+01    3.7345801222e+01    9.2930681183e+00   -1.8631734061e+02    2.0480000000e+03    6.7304672999e-02    3.9144042969e-01
        69   -7.6398836384e+01    5.8398212624e+03   -1.5376430605e+02    7.7365469662e+01    3.7993510429e+01    9.2930681183e+00   -2.0105088459e+02    2.0480000000e+03    6.9572259248e-02    3.8848144531e-01
        70   -7.6232825730e+01    5.8147981763e+03   -1.5710342362e+02    8.0870597886e+01    3.7606584636e+01    9.2930681183e+00   -2.0400307637e+02    2.0480000000e+03    6.9626468121e-02    3.8888671875e-01
        71   -7.6239667309e+01    5.8159154041e+03   -1.5610007298e+02    7.9860405666e+01    3.7621215066e+01    9.2930681183e+00   -2.0301435616e+02    2.0480000000e+03    6.6799711938e-02    3.9031250000e-01
        72   -7.6275178438e+01    5.8220312830e+03   -1.5889935011e+02    8.2624171675e+01    3.7661935798e+01    9.2930681183e+00   -2.0585435403e+02    2.0480000000e+03    6.5755925560e-02    3.8970703125e-01
        73   -7.6393329002e+01    5.8390266857e+03   -1.5286605090e+02    7.6472721897e+01    3.6991429717e+01    9.2930681183e+00   -1.9915054874e+02    2.0480000000e+03    6.7566095315e-02    3.9180175781e-01
        74   -7.6165570166e+01    5.8038377151e+03   -1.3951628551e+02    6.3350715346e+01    3.7234708601e+01    9.2930681183e+00   -1.8604406223e+02    2.0480000000e+03    6.7770395128e-02    3.8909667969e-01
        75   -7.6227518939e+01    5.8135792990e+03   -1.4366320764e+02    6.7435688706e+01    3.7397059236e+01    9.2930681183e+00   -1.9035333500e+02    2.0480000000e+03    6.7912372686e-02    3.9036132813e-01
        76   -7.6307562878e+01    5.8262763676e+03   -1.6944726070e+02    9.3139697820e+01    3.8235578114e+01    9.2930681183e+00   -2.1697590693e+02    2.0480000000e+03    6.8771004933e-02    3.8707031250e-01
        77   -7.6320830880e+01    5.8278314059e+03   -1.5628582646e+02    7.9964995584e+01    3.7326143326e+01    9.2930681183e+00   -2.0290503791e+02    2.0480000000e+03    6.7995886000e-02    3.8875000000e-01
        78   -7.6260357134e+01    5.8186673018e+03   -1.4915962510e+02    7.2899267968e+01    3.8605947857e+01    9.2930681183e+00   -1.9705864108e+02    2.0480000000e+03    6.6837303688e-02    3.8738281250e-01
        79   -7.6322918739e+01    5.8287435728e+03   -1.5200949877e+02    7.5686580029e+01    3.7621886894e+01    9.2930681183e+00   -1.9892445378e+02    2.0480000000e+03    6.7595439001e-02    3.8894042969e-01
        80   -7.6168583600e+01    5.8046598225e+03   -1.4314108744e+02    6.6972503844e+01    3.7571987013e+01    9.2930681183e+00   -1.9000614258e+02    2.0480000000e+03    6.8796586689e-02    3.8929687500e-01
        81   -7.6360753963e+01    5.8341169926e+03   -1.4683647432e+02    7.0475720357e+01    3.7350584378e+01    9.2930681183e+00   -1.9348012682e+02    2.0480000000e+03    6.7852963002e-02    3.8861328125e-01
        82   -7.6274472080e+01    5.8206875452e+03   -1.4866999495e+02    7.2395522872e+01    3.7158786047e+01    9.2930681183e+00   -1.9512184912e+02    2.0480000000e+03    6.8334942373e-02    3.8998046875e-01
        83   -7.6308531874e+01    5.8266714614e+03   -1.4836815615e+02    7.2059624272e+01    3.6952789500e+01    9.2930681183e+00   -1.9461401376e+02    2.0480000000e+03    6.9168043005e-02    3.9003906250e-01
        84   -7.6233979283e+01    5.8145732316e+03   -1.5495831246e+02    7.8724333174e+01    3.7361769455e+01    9.2930681183e+00   -2.0161315003e+02    2.0480000000e+03    6.7658124373e-02    3.8871582031e-01
        85   -7.6222299948e+01    5.8129363869e+03   -1.5100633760e+02    7.4784037656e+01    3.7468184804e+01    9.2930681183e+00   -1.9776759053e+02    2.0480000000e+03    6.7014763936e-02    3.9047363281e-01
        86   -7.6278015985e+01    5.8233913503e+03   -1.7018584733e+02    9.3907831350e+01    3.7296320865e+01    9.2930681183e+00   -2.1677523632e+02    2.0480000000e+03    6.6263237557e-02    3.8946289063e-01
        87   -7.6338385045e+01    5.8307562303e+03   -1.5140908138e+02    7.5070696339e+01    3.7556258324e+01    9.2930681183e+00   -1.9825840783e+02    2.0480000000e+03    6.6144576813e-02    3.8938964844e-01
        88   -7.6274885794e+01    5.8211208533e+03   -1.4507878866e+02    6.8803902865e+01    3.7016377720e+01    9.2930681183e+00   -1.9138823450e+02    2.0480000000e+03    6.4470208878e-02    3.8991210937e-01
        89   -7.6208380852e+01    5.8107249167e+03   -1.4080255807e+02    6.4594177221e+01    3.7249504868e+01    9.2930681183e+00   -1.8734513106e+02    2.0480000000e+03    6.6692887807e-02    3.9013183594e-01
        90   -7.6237819214e+01    5.8153543964e+03   -1.5032123793e+02    7.4083418715e+01    3.7115195371e+01    9.2930681183e+00   -1.9672950142e+02    2.0480000000e+03    6.6989855441e-02    3.9071289063e-01
        91   -7.6356705991e+01    5.8343425815e+03   -1.5063749126e+02    7.4280785266e+01    3.7915370701e+01    9.2930681183e+00   -1.9784593008e+02    2.0480000000e+03    6.7409125248e-02    3.8659667969e-01
        92   -7.6285441051e+01    5.8225588447e+03   -1.5259373422e+02    7.6308293174e+01    3.7825723714e+01    9.2930681183e+00   -1.9971252606e+02    2.0480000000e+03    6.6358774377e-02    3.9062988281e-01
        93   -7.6256562225e+01    5.8190709967e+03   -1.4372478928e+02    6.7468227056e+01    3.7399413586e+01    9.2930681183e+00   -1.9041727099e+02    2.0480000000e+03    6.5364849563e-02    3.9062500000e-01
        94   -7.6248372056e+01    5.8176117785e+03   -1.4266440062e+02    6.6416028560e+01    3.7591372851e+01    9.2930681183e+00   -1.8954884158e+02    2.0480000000e+03    6.5678205629e-02    3.9133300781e-01
        95   -7.6374587978e+01    5.8362284339e+03   -1.5163309228e+02    7.5258504306e+01    3.7686389772e+01    9.2930681183e+00   -1.9861255017e+02    2.0480000000e+03    6.6976773809e-02    3.8889160156e-01
        96   -7.6202604399e+01    5.8102515881e+03   -1.3904934074e+02    6.2846736340e+01    3.7295536368e+01    9.2930681183e+00   -1.8563794522e+02    2.0480000000e+03    6.8298293061e-02    3.8797363281e-01
        97   -7.6227943174e+01    5.8135876352e+03   -1.4475105551e+02    6.8523112335e+01    3.7216573544e+01    9.2930681183e+00   -1.9126069717e+02    2.0480000000e+03    6.7597639934e-02    3.8991699219e-01
        98   -7.6383121016e+01    5.8375086175e+03   -1.5033777173e+02    7.3954650713e+01    3.7646061951e+01    9.2930681183e+00   -1.9727690180e+02    2.0480000000e+03    6.8832503002e-02    3.9103515625e-01
        99   -7.6231825864e+01    5.8162985245e+03   -1.4494794421e+02    6.8716118348e+01    3.7698891876e+01    9.2930681183e+00   -1.9193990421e+02    2.0480000000e+03    6.5158028563e-02    3.8881347656e-01
