#   index    LocalEnergy         LocalEnergy_sq      LocalPotential      Kinetic             ElecElec            IonIon              IonElec             BlockWeight         BlockCPU            AcceptRatio         
         0   -7.6407828817e+01    5.8409904443e+03   -1.5320175255e+02    7.6793923735e+01    3.7271452530e+01    9.1895337630e+00   -1.9966273884e+02    3.2042900000e+05    6.6041389688e+00    9.9691559783e-01
         1   -7.6410215544e+01    5.8416202215e+03   -1.5288074336e+02    7.6470527819e+01    3.7321681765e+01    9.1895337630e+00   -1.9939195889e+02    3.1999600000e+05    6.5828773395e+00    9.9692650867e-01
         2   -7.6417878925e+01    5.8428191828e+03   -1.5298385794e+02    7.6565979016e+01    3.7295791349e+01    9.1895337630e+00   -1.9946918305e+02    3.2000100000e+05    6.5831040817e+00    9.9691039875e-01
         3   -7.6419538070e+01    5.8430991420e+03   -1.5275342478e+02    7.6333886708e+01    3.7259863874e+01    9.1895337630e+00   -1.9920282241e+02    3.2000600000e+05    6.5838493956e+00    9.9689522230e-01
         4   -7.6427009109e+01    5.8441068594e+03   -1.5281021165e+02    7.6383202545e+01    3.7270888448e+01    9.1895337630e+00   -1.9927063386e+02    3.2002300000e+05    6.5847735919e+00    9.9688180202e-01
         5   -7.6438271400e+01    5.8458131121e+03   -1.5275603239e+02    7.6317760988e+01    3.7295495703e+01    9.1895337630e+00   -1.9924106185e+02    3.1999800000e+05    6.5845633207e+00    9.9694085156e-01
         6   -7.6428671317e+01    5.8443643303e+03   -1.5335248253e+02    7.6923811218e+01    3.7277720775e+01    9.1895337630e+00   -1.9981973707e+02    3.1984400000e+05    6.5845185798e+00    9.9685628820e-01
         7   -7.6430860933e+01    5.8446926412e+03   -1.5327934920e+02    7.6848488265e+01    3.7288068719e+01    9.1895337630e+00   -1.9975695168e+02    3.1986400000e+05    6.5841842394e+00    9.9687040011e-01
         8   -7.6421494131e+01    5.8433660104e+03   -1.5321355623e+02    7.6792062100e+01    3.7338103455e+01    9.1895337630e+00   -1.9974119345e+02    3.2003600000e+05    6.5863140891e+00    9.9692894201e-01
         9   -7.6433507014e+01    5.8452084003e+03   -1.5358445019e+02    7.7150943178e+01    3.7337449824e+01    9.1895337630e+00   -2.0011143378e+02    3.2007800000e+05    6.5843385634e+00    9.9686733912e-01
        10   -7.6421922138e+01    5.8431807771e+03   -1.5264941004e+02    7.6227487901e+01    3.7307234192e+01    9.1895337630e+00   -1.9914617799e+02    3.1950800000e+05    6.5846240593e+00    9.9692011520e-01
        11   -7.6425923795e+01    5.8442471879e+03   -1.5297356290e+02    7.6547639104e+01    3.7265133131e+01    9.1895337630e+00   -1.9942822979e+02    3.1923900000e+05    6.5815612949e+00    9.9694007353e-01
        12   -7.6414673326e+01    5.8421236334e+03   -1.5278196054e+02    7.6367287209e+01    3.7229063689e+01    9.1895337630e+00   -1.9920055799e+02    3.1904700000e+05    6.5830914328e+00    9.9695065905e-01
        13   -7.6440069550e+01    5.8462813799e+03   -1.5301560339e+02    7.6575533835e+01    3.7214802249e+01    9.1895337630e+00   -1.9941993940e+02    3.1884000000e+05    6.5849990255e+00    9.9690162441e-01
        14   -7.6452009828e+01    5.8479734217e+03   -1.5323364179e+02    7.6781631967e+01    3.7239951001e+01    9.1895337630e+00   -1.9966312656e+02    3.1892400000e+05    6.5865631505e+00    9.9685608928e-01
        15   -7.6434106083e+01    5.8452000416e+03   -1.5328687335e+02    7.6852767267e+01    3.7228228700e+01    9.1895337630e+00   -1.9970463581e+02    3.1873100000e+05    6.5871000371e+00    9.9688336045e-01
        16   -7.6415134582e+01    5.8424967046e+03   -1.5398381026e+02    7.7568675677e+01    3.7287432831e+01    9.1895337630e+00   -2.0046077685e+02    3.1848000000e+05    6.5840448586e+00    9.9685546325e-01
        17   -7.6419486735e+01    5.8431609067e+03   -1.5340841655e+02    7.6988929812e+01    3.7288633652e+01    9.1895337630e+00   -1.9988658396e+02    3.1825600000e+05    6.5837166176e+00    9.9685504568e-01
        18   -7.6433117620e+01    5.8453668794e+03   -1.5358934489e+02    7.7156227265e+01    3.7268126043e+01    9.1895337630e+00   -2.0004700469e+02    3.1847000000e+05    6.5835852740e+00    9.9688853860e-01
        19   -7.6426291522e+01    5.8441135629e+03   -1.5265655700e+02    7.6230265479e+01    3.7262432641e+01    9.1895337630e+00   -1.9910852340e+02    3.1818500000e+05    6.5833841742e+00    9.9689134868e-01
        20   -7.6434668140e+01    5.8454252450e+03   -1.5259750296e+02    7.6162834825e+01    3.7271320825e+01    9.1895337630e+00   -1.9905835755e+02    3.1852800000e+05    6.5830348491e+00    9.9686704798e-01
        21   -7.6433946334e+01    5.8451553982e+03   -1.5308550119e+02    7.6651554857e+01    3.7309327030e+01    9.1895337630e+00   -1.9958436198e+02    3.1912800000e+05    6.5815853062e+00    9.9691768556e-01
        22   -7.6429174352e+01    5.8445390915e+03   -1.5311391253e+02    7.6684738173e+01    3.7285733069e+01    9.1895337630e+00   -1.9958917936e+02    3.1934500000e+05    6.5819570446e+00    9.9693179042e-01
        23   -7.6426273521e+01    5.8442159250e+03   -1.5353733403e+02    7.7111060509e+01    3.7277793369e+01    9.1895337630e+00   -2.0000466116e+02    3.1895600000e+05    6.5828983386e+00    9.9689186968e-01
        24   -7.6427238750e+01    5.8442381194e+03   -1.5276790504e+02    7.6340666290e+01    3.7292947523e+01    9.1895337630e+00   -1.9925038633e+02    3.1873300000e+05    6.5814882072e+00    9.9690384898e-01
        25   -7.6430756236e+01    5.8451754448e+03   -1.5338299802e+02    7.6952241779e+01    3.7308290062e+01    9.1895337630e+00   -1.9988082184e+02    3.1873100000e+05    6.5844510850e+00    9.9684500338e-01
        26   -7.6429600025e+01    5.8447461517e+03   -1.5367192309e+02    7.7242323067e+01    3.7319503321e+01    9.1895337630e+00   -2.0018096018e+02    3.1876500000e+05    6.5810542208e+00    9.9689653258e-01
        27   -7.6428377891e+01    5.8444151128e+03   -1.5328889903e+02    7.6860521142e+01    3.7334311561e+01    9.1895337630e+00   -1.9981274436e+02    3.1850200000e+05    6.5820946837e+00    9.9684828489e-01
        28   -7.6426072302e+01    5.8438850524e+03   -1.5351551671e+02    7.7089444408e+01    3.7322506701e+01    9.1895337630e+00   -2.0002755717e+02    3.1861800000e+05    6.5818560035e+00    9.9690319356e-01
        29   -7.6438258871e+01    5.8457699872e+03   -1.5336968892e+02    7.6931430052e+01    3.7292308873e+01    9.1895337630e+00   -1.9985153156e+02    3.1846400000e+05    6.5836965566e+00    9.9688041621e-01
        30   -7.6431304299e+01    5.8451348199e+03   -1.5273872683e+02    7.6307422529e+01    3.7257606069e+01    9.1895337630e+00   -1.9918586666e+02    3.1875400000e+05    6.5821148391e+00    9.9688570143e-01
        31   -7.6424958192e+01    5.8439589111e+03   -1.5314642048e+02    7.6721462288e+01    3.7232357236e+01    9.1895337630e+00   -1.9956831148e+02    3.1875300000e+05    6.5843337259e+00    9.9688497677e-01
        32   -7.6422485418e+01    5.8439132969e+03   -1.5316334615e+02    7.6740860732e+01    3.7221784981e+01    9.1895337630e+00   -1.9957466489e+02    3.1864600000e+05    6.5848365249e+00    9.9685771823e-01
        33   -7.6419317136e+01    5.8431541152e+03   -1.5327948349e+02    7.6860166353e+01    3.7248739357e+01    9.1895337630e+00   -1.9971775661e+02    3.1831700000e+05    6.5880205206e+00    9.9689512852e-01
        34   -7.6430366115e+01    5.8448472755e+03   -1.5265843195e+02    7.6228065831e+01    3.7219273696e+01    9.1895337630e+00   -1.9906723940e+02    3.1790000000e+05    6.5836031716e+00    9.9691293941e-01
        35   -7.6429403012e+01    5.8446123326e+03   -1.5243351547e+02    7.6004112455e+01    3.7248571332e+01    9.1895337630e+00   -1.9887162056e+02    3.1796200000e+05    6.5844938784e+00    9.9688353042e-01
        36   -7.6434549973e+01    5.8454191674e+03   -1.5272180982e+02    7.6287259849e+01    3.7222188988e+01    9.1895337630e+00   -1.9913353257e+02    3.1837000000e+05    6.5839966038e+00    9.9687852412e-01
        37   -7.6427386562e+01    5.8453156481e+03   -1.5276175802e+02    7.6334371457e+01    3.7235101946e+01    9.1895337630e+00   -1.9918639373e+02    3.1857200000e+05    6.5811243370e+00    9.9689251790e-01
        38   -7.6429379334e+01    5.8445499140e+03   -1.5209784298e+02    7.5668463646e+01    3.7188524483e+01    9.1895337630e+00   -1.9847590123e+02    3.1877800000e+05    6.5802266708e+00    9.9686411833e-01
        39   -7.6428036277e+01    5.8446376275e+03   -1.5218880255e+02    7.5760766270e+01    3.7152753999e+01    9.1895337630e+00   -1.9853109031e+02    3.1912900000e+05    6.5800989209e+00    9.9693040164e-01
        40   -7.6416558203e+01    5.8427378244e+03   -1.5227326429e+02    7.5856706089e+01    3.7155752948e+01    9.1895337630e+00   -1.9861855100e+02    3.1909000000e+05    6.5843110516e+00    9.9692482153e-01
        41   -7.6425745520e+01    5.8439753259e+03   -1.5230650645e+02    7.5880760933e+01    3.7143067737e+01    9.1895337630e+00   -1.9863910795e+02    3.1889600000e+05    6.5820469164e+00    9.9691843685e-01
        42   -7.6418065675e+01    5.8427488255e+03   -1.5234165653e+02    7.5923590852e+01    3.7120355396e+01    9.1895337630e+00   -1.9865154569e+02    3.1929800000e+05    6.5823019091e+00    9.9695252369e-01
        43   -7.6435655537e+01    5.8456491142e+03   -1.5312017241e+02    7.6684516868e+01    3.7119587520e+01    9.1895337630e+00   -1.9942929369e+02    3.1956600000e+05    6.5809412094e+00    9.9690202401e-01
        44   -7.6433728573e+01    5.8455048802e+03   -1.5345328197e+02    7.7019553396e+01    3.7117847452e+01    9.1895337630e+00   -1.9976066318e+02    3.1983000000e+05    6.5840145397e+00    9.9688134696e-01
        45   -7.6428809589e+01    5.8446890862e+03   -1.5253282370e+02    7.6104014110e+01    3.7119701437e+01    9.1895337630e+00   -1.9884205890e+02    3.1964300000e+05    6.5835286971e+00    9.9692463810e-01
        46   -7.6429742128e+01    5.8446484745e+03   -1.5312438235e+02    7.6694640220e+01    3.7103057602e+01    9.1895337630e+00   -1.9941697371e+02    3.1931500000e+05    6.5830813574e+00    9.9690661694e-01
        47   -7.6440818380e+01    5.8464088312e+03   -1.5247584444e+02    7.6035026063e+01    3.7062696193e+01    9.1895337630e+00   -1.9872807440e+02    3.1923400000e+05    6.5865612286e+00    9.9694509575e-01
        48   -7.6425107398e+01    5.8438852865e+03   -1.5215585058e+02    7.5730743181e+01    3.7056834791e+01    9.1895337630e+00   -1.9840221913e+02    3.1892700000e+05    6.5835364289e+00    9.9695117999e-01
        49   -7.6429367612e+01    5.8444419354e+03   -1.5178261588e+02    7.5353248265e+01    3.7051192053e+01    9.1895337630e+00   -1.9802334169e+02    3.1898400000e+05    6.5844600680e+00    9.9692357390e-01
        50   -7.6434700948e+01    5.8458152910e+03   -1.5243465858e+02    7.5999957637e+01    3.7112790105e+01    9.1895337630e+00   -1.9873698245e+02    3.1915400000e+05    6.5849988407e+00    9.9690950359e-01
        51   -7.6415235966e+01    5.8421624083e+03   -1.5239717531e+02    7.5981939344e+01    3.7133672956e+01    9.1895337630e+00   -1.9872038203e+02    3.1927900000e+05    6.5812235891e+00    9.9693073783e-01
        52   -7.6419016065e+01    5.8433944165e+03   -1.5260826107e+02    7.6189245001e+01    3.7165131305e+01    9.1895337630e+00   -1.9896292613e+02    3.1929900000e+05    6.5838217258e+00    9.9685623759e-01
        53   -7.6418405613e+01    5.8433097441e+03   -1.5270881308e+02    7.6290407464e+01    3.7146006839e+01    9.1895337630e+00   -1.9904435368e+02    3.1896300000e+05    6.5830664854e+00    9.9684483100e-01
        54   -7.6416318836e+01    5.8427533779e+03   -1.5277055709e+02    7.6354238250e+01    3.7134639251e+01    9.1895337630e+00   -1.9909473010e+02    3.1874000000e+05    6.5833526959e+00    9.9693770513e-01
        55   -7.6418450589e+01    5.8430656164e+03   -1.5235134888e+02    7.5932898291e+01    3.7127367753e+01    9.1895337630e+00   -1.9866825040e+02    3.1884900000e+05    6.5842024026e+00    9.9692389826e-01
        56   -7.6430510291e+01    5.8445248091e+03   -1.5276891063e+02    7.6338400336e+01    3.7137864265e+01    9.1895337630e+00   -1.9909630866e+02    3.1920700000e+05    6.5843886778e+00    9.9687996081e-01
        57   -7.6417368639e+01    5.8427948413e+03   -1.5378451538e+02    7.7367146743e+01    3.7163634762e+01    9.1895337630e+00   -2.0013768391e+02    3.1921400000e+05    6.5863496340e+00    9.9684933940e-01
        58   -7.6422042507e+01    5.8435995093e+03   -1.5270469118e+02    7.6282648672e+01    3.7169059128e+01    9.1895337630e+00   -1.9906328407e+02    3.1886300000e+05    6.5857147860e+00    9.9690384566e-01
        59   -7.6426043289e+01    5.8441644679e+03   -1.5302185109e+02    7.6595807800e+01    3.7220585146e+01    9.1895337630e+00   -1.9943197000e+02    3.1917700000e+05    6.5844510354e+00    9.9689489250e-01
        60   -7.6429618171e+01    5.8448307933e+03   -1.5324121531e+02    7.6811597140e+01    3.7182610165e+01    9.1895337630e+00   -1.9961335924e+02    3.1855200000e+05    6.5855644544e+00    9.9689371485e-01
        61   -7.6426819371e+01    5.8442723589e+03   -1.5355814828e+02    7.7131328911e+01    3.7220285445e+01    9.1895337630e+00   -1.9996796749e+02    3.1867900000e+05    6.5822138569e+00    9.9689353339e-01
        62   -7.6430293446e+01    5.8455964805e+03   -1.5313621728e+02    7.6705923835e+01    3.7227444081e+01    9.1895337630e+00   -1.9955319513e+02    3.1952100000e+05    6.5811870574e+00    9.9689567730e-01
        63   -7.6422440904e+01    5.8436478357e+03   -1.5295306899e+02    7.6530628086e+01    3.7233117195e+01    9.1895337630e+00   -1.9937571995e+02    3.1964100000e+05    6.5827256350e+00    9.9686925695e-01
        64   -7.6416689575e+01    5.8426004525e+03   -1.5303362433e+02    7.6616934760e+01    3.7191038384e+01    9.1895337630e+00   -1.9941419648e+02    3.1937200000e+05    6.5821718967e+00    9.9687023114e-01
        65   -7.6431818520e+01    5.8451131109e+03   -1.5336824179e+02    7.6936423272e+01    3.7219219198e+01    9.1895337630e+00   -1.9977699475e+02    3.1913900000e+05    6.5839710166e+00    9.9689443519e-01
        66   -7.6421832543e+01    5.8434684186e+03   -1.5355910425e+02    7.7137271709e+01    3.7222640479e+01    9.1895337630e+00   -1.9997127849e+02    3.1944100000e+05    6.5819130578e+00    9.9685355337e-01
        67   -7.6416263746e+01    5.8423062518e+03   -1.5288954149e+02    7.6473277746e+01    3.7243246284e+01    9.1895337630e+00   -1.9932232154e+02    3.1940700000e+05    6.5816910918e+00    9.9684981761e-01
        68   -7.6420311548e+01    5.8432637086e+03   -1.5294216514e+02    7.6521853592e+01    3.7223308790e+01    9.1895337630e+00   -1.9935500769e+02    3.1909400000e+05    6.5809681802e+00    9.9688874976e-01
        69   -7.6427613410e+01    5.8442642726e+03   -1.5307604316e+02    7.6648429753e+01    3.7236610037e+01    9.1895337630e+00   -1.9950218696e+02    3.1879300000e+05    6.5831683337e+00    9.9691905148e-01
        70   -7.6419533517e+01    5.8431011213e+03   -1.5320725588e+02    7.6787722361e+01    3.7234938271e+01    9.1895337630e+00   -1.9963172791e+02    3.1904700000e+05    6.5865837989e+00    9.9688543132e-01
        71   -7.6416370186e+01    5.8426158794e+03   -1.5310313576e+02    7.6686765577e+01    3.7239818941e+01    9.1895337630e+00   -1.9953248847e+02    3.1967100000e+05    6.5868974465e+00    9.9686906622e-01
        72   -7.6420234680e+01    5.8436811283e+03   -1.5312782493e+02    7.6707590247e+01    3.7209369078e+01    9.1895337630e+00   -1.9952672777e+02    3.2005300000e+05    6.5894983682e+00    9.9678548832e-01
        73   -7.6429213965e+01    5.8445688035e+03   -1.5348635012e+02    7.7057136151e+01    3.7221996628e+01    9.1895337630e+00   -1.9989788051e+02    3.2009600000e+05    6.5886698369e+00    9.9687240996e-01
        74   -7.6434857147e+01    5.8452743948e+03   -1.5396312777e+02    7.7528270627e+01    3.7208393707e+01    9.1895337630e+00   -2.0036105524e+02    3.1970800000e+05    6.5850144366e+00    9.9683085744e-01
        75   -7.6438782796e+01    5.8458455526e+03   -1.5290323856e+02    7.6464455768e+01    3.7151435221e+01    9.1895337630e+00   -1.9924420755e+02    3.1961100000e+05    6.5833557365e+00    9.9689688906e-01
        76   -7.6426978846e+01    5.8440139968e+03   -1.5294534211e+02    7.6518363267e+01    3.7201444717e+01    9.1895337630e+00   -1.9933632059e+02    3.1972800000e+05    6.5832701493e+00    9.9695940557e-01
        77   -7.6425329776e+01    5.8440082801e+03   -1.5287527823e+02    7.6449948454e+01    3.7224128066e+01    9.1895337630e+00   -1.9928894006e+02    3.1961300000e+05    6.5829058363e+00    9.9689533822e-01
        78   -7.6426965841e+01    5.8440132059e+03   -1.5294783505e+02    7.6520869205e+01    3.7207918963e+01    9.1895337630e+00   -1.9934528777e+02    3.1924400000e+05    6.5825201241e+00    9.9683724221e-01
        79   -7.6425160837e+01    5.8440997845e+03   -1.5317530748e+02    7.6750146641e+01    3.7177880465e+01    9.1895337630e+00   -1.9954272171e+02    3.1945400000e+05    6.5820308150e+00    9.9685372510e-01
        80   -7.6420698339e+01    5.8430799019e+03   -1.5314942234e+02    7.6728724000e+01    3.7196977663e+01    9.1895337630e+00   -1.9953593376e+02    3.1956500000e+05    6.5852855630e+00    9.9682735632e-01
        81   -7.6435912279e+01    5.8454712771e+03   -1.5299293654e+02    7.6557024262e+01    3.7175081587e+01    9.1895337630e+00   -1.9935755189e+02    3.1911700000e+05    6.5805026739e+00    9.9684936930e-01
        82   -7.6437737161e+01    5.8456777089e+03   -1.5299916780e+02    7.6561430641e+01    3.7200385896e+01    9.1895337630e+00   -1.9938908746e+02    3.1922500000e+05    6.5795763181e+00    9.9683571482e-01
        83   -7.6440082767e+01    5.8466370914e+03   -1.5283258563e+02    7.6392502866e+01    3.7203174218e+01    9.1895337630e+00   -1.9922529361e+02    3.1907100000e+05    6.5817360179e+00    9.9691697570e-01
        84   -7.6437061919e+01    5.8455339395e+03   -1.5267633962e+02    7.6239277699e+01    3.7188451820e+01    9.1895337630e+00   -1.9905432520e+02    3.1846700000e+05    6.5823900288e+00    9.9692495989e-01
        85   -7.6420526050e+01    5.8431424071e+03   -1.5309308190e+02    7.6672555846e+01    3.7188642076e+01    9.1895337630e+00   -1.9947125773e+02    3.1818900000e+05    6.5818838700e+00    9.9692862809e-01
        86   -7.6426791376e+01    5.8440564462e+03   -1.5333993903e+02    7.6913147658e+01    3.7210040723e+01    9.1895337630e+00   -1.9973951352e+02    3.1877800000e+05    6.5821352079e+00    9.9681574322e-01
        87   -7.6427178672e+01    5.8443039121e+03   -1.5261896249e+02    7.6191783818e+01    3.7195607138e+01    9.1895337630e+00   -1.9900410339e+02    3.1863100000e+05    6.5830233149e+00    9.9691468085e-01
        88   -7.6416038278e+01    5.8425958949e+03   -1.5239265003e+02    7.5976611751e+01    3.7205672769e+01    9.1895337630e+00   -1.9878785656e+02    3.1854800000e+05    6.5852882382e+00    9.9690504748e-01
        89   -7.6424004974e+01    5.8437614644e+03   -1.5271168230e+02    7.6287677328e+01    3.7235057130e+01    9.1895337630e+00   -1.9913627319e+02    3.1840500000e+05    6.5844982379e+00    9.9692527772e-01
        90   -7.6423477789e+01    5.8435911487e+03   -1.5225450332e+02    7.5831025531e+01    3.7192013691e+01    9.1895337630e+00   -1.9863605077e+02    3.1820000000e+05    6.5828416285e+00    9.9696160641e-01
        91   -7.6426585589e+01    5.8441492680e+03   -1.5266430015e+02    7.6237714562e+01    3.7192163712e+01    9.1895337630e+00   -1.9904599763e+02    3.1810400000e+05    6.5833145364e+00    9.9694007283e-01
        92   -7.6418067629e+01    5.8427386185e+03   -1.5271905510e+02    7.6300987472e+01    3.7157548659e+01    9.1895337630e+00   -1.9906613752e+02    3.1802700000e+05    6.5829215222e+00    9.9691716672e-01
        93   -7.6419299432e+01    5.8430327786e+03   -1.5324645761e+02    7.6827158182e+01    3.7202580572e+01    9.1895337630e+00   -1.9963857195e+02    3.1806900000e+05    6.5830607673e+00    9.9688497705e-01
        94   -7.6442057846e+01    5.8462907760e+03   -1.5230781840e+02    7.5865760555e+01    3.7170506124e+01    9.1895337630e+00   -1.9866785829e+02    3.1774200000e+05    6.5841187580e+00    9.9694048913e-01
        95   -7.6444952171e+01    5.8488892885e+03   -1.5295650638e+02    7.6511554210e+01    3.7188615814e+01    9.1895337630e+00   -1.9933465596e+02    3.1808900000e+05    6.5893203023e+00    9.9689665405e-01
        96   -7.6447186130e+01    5.8472096338e+03   -1.5352317466e+02    7.7075988531e+01    3.7236609091e+01    9.1895337630e+00   -1.9994931751e+02    3.1834300000e+05    6.5866783036e+00    9.9682631828e-01
        97   -7.6426677981e+01    5.8443157277e+03   -1.5349490795e+02    7.7068229965e+01    3.7232892634e+01    9.1895337630e+00   -1.9991733434e+02    3.1864600000e+05    6.5877804130e+00    9.9687608946e-01
        98   -7.6424050787e+01    5.8436029721e+03   -1.5264137948e+02    7.6217328692e+01    3.7211193673e+01    9.1895337630e+00   -1.9904210692e+02    3.1866100000e+05    6.5831311201e+00    9.9696100798e-01
        99   -7.6415690063e+01    5.8425945923e+03   -1.5289320993e+02    7.6477519867e+01    3.7218428615e+01    9.1895337630e+00   -1.9930117231e+02    3.1869100000e+05    6.5842749545e+00    9.9694657821e-01
       100   -7.6427556558e+01    5.8441862487e+03   -1.5298194189e+02    7.6554385327e+01    3.7241777121e+01    9.1895337630e+00   -1.9941325277e+02    3.1844000000e+05    6.5842247955e+00    9.9699808762e-01
       101   -7.6414554363e+01    5.8422443808e+03   -1.5274361794e+02    7.6329063575e+01    3.7236839581e+01    9.1895337630e+00   -1.9916999128e+02    3.1870600000e+05    6.5825736096e+00    9.9688939038e-01
       102   -7.6429829668e+01    5.8446413890e+03   -1.5312103481e+02    7.6691205138e+01    3.7245320158e+01    9.1895337630e+00   -1.9955588873e+02    3.1879100000e+05    6.5804668495e+00    9.9683078371e-01
       103   -7.6438378736e+01    5.8460710684e+03   -1.5332806709e+02    7.6889688352e+01    3.7233537422e+01    9.1895337630e+00   -1.9975113827e+02    3.1865700000e+05    6.5797546566e+00    9.9687396718e-01
       104   -7.6429245154e+01    5.8444273596e+03   -1.5305213610e+02    7.6622890942e+01    3.7214522676e+01    9.1895337630e+00   -1.9945619253e+02    3.1823500000e+05    6.5876056311e+00    9.9685478571e-01
       105   -7.6430137060e+01    5.8447333780e+03   -1.5324061852e+02    7.6810481461e+01    3.7222090820e+01    9.1895337630e+00   -1.9965224310e+02    3.1813600000e+05    6.5867841461e+00    9.9684633216e-01
       106   -7.6413150104e+01    5.8423913639e+03   -1.5393252710e+02    7.7519376996e+01    3.7217256541e+01    9.1895337630e+00   -2.0033931740e+02    3.1835000000e+05    6.5862301007e+00    9.9683247010e-01
       107   -7.6427044449e+01    5.8442210948e+03   -1.5328158395e+02    7.6854539502e+01    3.7192414920e+01    9.1895337630e+00   -1.9966353264e+02    3.1844300000e+05    6.5846918450e+00    9.9691477698e-01
       108   -7.6424236426e+01    5.8435623557e+03   -1.5321515140e+02    7.6790914978e+01    3.7194309612e+01    9.1895337630e+00   -1.9959899478e+02    3.1861600000e+05    6.5854275135e+00    9.9692774496e-01
       109   -7.6422121766e+01    5.8435326471e+03   -1.5296091973e+02    7.6538797963e+01    3.7213028820e+01    9.1895337630e+00   -1.9936348231e+02    3.1907000000e+05    6.5852155398e+00    9.9684646164e-01
       110   -7.6416794003e+01    5.8425451261e+03   -1.5276415384e+02    7.6347359835e+01    3.7186586136e+01    9.1895337630e+00   -1.9914027374e+02    3.1924700000e+05    6.5841480875e+00    9.9689815917e-01
       111   -7.6431846306e+01    5.8450055963e+03   -1.5399553913e+02    7.7563692827e+01    3.7237665512e+01    9.1895337630e+00   -2.0042273841e+02    3.1937500000e+05    6.5839218475e+00    9.9683020728e-01
       112   -7.6424142288e+01    5.8438581599e+03   -1.5350616835e+02    7.7082026061e+01    3.7187136086e+01    9.1895337630e+00   -1.9988283820e+02    3.1882400000e+05    6.5844734248e+00    9.9683972010e-01
       113   -7.6443089744e+01    5.8464766111e+03   -1.5304541659e+02    7.6602326842e+01    3.7239389927e+01    9.1895337630e+00   -1.9947434028e+02    3.1883400000e+05    6.5822617244e+00    9.9689487042e-01
       114   -7.6422550056e+01    5.8434378100e+03   -1.5314730991e+02    7.6724759854e+01    3.7223551231e+01    9.1895337630e+00   -1.9956039490e+02    3.1906000000e+05    6.5852760755e+00    9.9685573447e-01
       115   -7.6423784344e+01    5.8437889918e+03   -1.5293529884e+02    7.6511514494e+01    3.7188539101e+01    9.1895337630e+00   -1.9931337170e+02    3.1851100000e+05    6.5887844433e+00    9.9688428130e-01
       116   -7.6426448342e+01    5.8443937047e+03   -1.5295875561e+02    7.6532307266e+01    3.7214874414e+01    9.1895337630e+00   -1.9936316378e+02    3.1826000000e+05    6.5890676716e+00    9.9683854769e-01
       117   -7.6431170995e+01    5.8450130318e+03   -1.5316743122e+02    7.6736260230e+01    3.7251666614e+01    9.1895337630e+00   -1.9960863160e+02    3.1845500000e+05    6.5854473239e+00    9.9692321634e-01
       118   -7.6430401813e+01    5.8449843481e+03   -1.5294595167e+02    7.6515549861e+01    3.7267606531e+01    9.1895337630e+00   -1.9940309197e+02    3.1881800000e+05    6.5838477985e+00    9.9689962712e-01
       119   -7.6410337506e+01    5.8421708037e+03   -1.5277519854e+02    7.6364861038e+01    3.7218431168e+01    9.1895337630e+00   -1.9918316348e+02    3.1858300000e+05    6.5832744268e+00    9.9693788515e-01
       120   -7.6436046116e+01    5.8457393031e+03   -1.5285201239e+02    7.6415966272e+01    3.7198180300e+01    9.1895337630e+00   -1.9923972645e+02    3.1853100000e+05    6.5853934065e+00    9.9687579925e-01
       121   -7.6426861202e+01    5.8441136117e+03   -1.5297387459e+02    7.6547013392e+01    3.7223114192e+01    9.1895337630e+00   -1.9938652255e+02    3.1853800000e+05    6.5840746185e+00    9.9687308101e-01
       122   -7.6416912634e+01    5.8425236020e+03   -1.5313060621e+02    7.6713693580e+01    3.7201542724e+01    9.1895337630e+00   -1.9952168270e+02    3.1858600000e+05    6.5846031555e+00    9.9692440787e-01
       123   -7.6425275449e+01    5.8440849294e+03   -1.5298257372e+02    7.6557298270e+01    3.7205985296e+01    9.1895337630e+00   -1.9937809278e+02    3.1886400000e+05    6.5865422703e+00    9.9687665856e-01
       124   -7.6413130250e+01    5.8420708235e+03   -1.5328031625e+02    7.6867185995e+01    3.7210325200e+01    9.1895337630e+00   -1.9968017521e+02    3.1901000000e+05    6.5847245013e+00    9.9687920192e-01
       125   -7.6413562703e+01    5.8423167732e+03   -1.5405071112e+02    7.7637148421e+01    3.7198203361e+01    9.1895337630e+00   -2.0043844825e+02    3.1916100000e+05    6.5851912514e+00    9.9686535541e-01
       126   -7.6418353339e+01    5.8432155832e+03   -1.5356282859e+02    7.7144475253e+01    3.7177130203e+01    9.1895337630e+00   -1.9992949256e+02    3.1897600000e+05    6.5855138157e+00    9.9688331218e-01
       127   -7.6427873099e+01    5.8443302449e+03   -1.5302402361e+02    7.6596150513e+01    3.7170065275e+01    9.1895337630e+00   -1.9938362265e+02    3.1895700000e+05    6.5825062553e+00    9.9687184053e-01
       128   -7.6427053798e+01    5.8441062219e+03   -1.5364053223e+02    7.7213478430e+01    3.7149128694e+01    9.1895337630e+00   -1.9997919469e+02    3.1914000000e+05    6.5829624833e+00    9.9685727280e-01
       129   -7.6421482935e+01    5.8432944604e+03   -1.5280946152e+02    7.6387978590e+01    3.7144566848e+01    9.1895337630e+00   -1.9914356213e+02    3.1942900000e+05    6.5833521895e+00    9.9690108352e-01
       130   -7.6433560097e+01    5.8461777502e+03   -1.5253952334e+02    7.6105963245e+01    3.7127905573e+01    9.1895337630e+00   -1.9885696268e+02    3.1951600000e+05    6.5846442949e+00    9.9690663336e-01
       131   -7.6434370783e+01    5.8452957852e+03   -1.5340805099e+02    7.6973680211e+01    3.7127720861e+01    9.1895337630e+00   -1.9972530562e+02    3.1953700000e+05    6.5842389703e+00    9.9683475676e-01
       132   -7.6421984950e+01    5.8434356600e+03   -1.5349849778e+02    7.7076512834e+01    3.7128451714e+01    9.1895337630e+00   -1.9981648326e+02    3.1960200000e+05    6.5818604506e+00    9.9684624748e-01
       133   -7.6430015777e+01    5.8449482312e+03   -1.5310725647e+02    7.6677240691e+01    3.7136993705e+01    9.1895337630e+00   -1.9943378394e+02    3.1960300000e+05    6.5816358999e+00    9.9690802101e-01
       134   -7.6420412157e+01    5.8433474025e+03   -1.5345305708e+02    7.7032644926e+01    3.7136092853e+01    9.1895337630e+00   -1.9977868370e+02    3.1968800000e+05    6.5851142847e+00    9.9680368759e-01
       135   -7.6424129572e+01    5.8445171125e+03   -1.5334285755e+02    7.6918727978e+01    3.7160060140e+01    9.1895337630e+00   -1.9969245145e+02    3.1955600000e+05    6.5848778769e+00    9.9688316635e-01
       136   -7.6429683766e+01    5.8444702360e+03   -1.5299425888e+02    7.6564575115e+01    3.7149680652e+01    9.1895337630e+00   -1.9933347330e+02    3.2003900000e+05    6.5867718349e+00    9.9686183368e-01
       137   -7.6419858084e+01    5.8429485385e+03   -1.5262145364e+02    7.6201595558e+01    3.7109098863e+01    9.1895337630e+00   -1.9892008627e+02    3.2011100000e+05    6.5846415713e+00    9.9688430536e-01
       138   -7.6436909227e+01    5.8457566240e+03   -1.5229934152e+02    7.5862432294e+01    3.7099913192e+01    9.1895337630e+00   -1.9858878848e+02    3.2051600000e+05    6.5855460123e+00    9.9686855235e-01
       139   -7.6435857285e+01    5.8455497394e+03   -1.5307534144e+02    7.6639484151e+01    3.7136733488e+01    9.1895337630e+00   -1.9940160869e+02    3.2027600000e+05    6.5850501807e+00    9.9689539881e-01
       140   -7.6427750442e+01    5.8444533724e+03   -1.5268134602e+02    7.6253595578e+01    3.7155951581e+01    9.1895337630e+00   -1.9902683136e+02    3.2044800000e+05    6.5895296545e+00    9.9687726939e-01
       141   -7.6426508767e+01    5.8441946743e+03   -1.5275923516e+02    7.6332726391e+01    3.7196665924e+01    9.1895337630e+00   -1.9914543484e+02    3.2062800000e+05    6.5848800902e+00    9.9692860500e-01
       142   -7.6420039079e+01    5.8430724555e+03   -1.5254501065e+02    7.6124971575e+01    3.7196492423e+01    9.1895337630e+00   -1.9893103684e+02    3.2077100000e+05    6.5864228854e+00    9.9692828776e-01
       143   -7.6421985452e+01    5.8436815294e+03   -1.5300464700e+02    7.6582661547e+01    3.7219717832e+01    9.1895337630e+00   -1.9941389859e+02    3.2120000000e+05    6.5877161504e+00    9.9696265529e-01
       144   -7.6418540644e+01    5.8429329450e+03   -1.5363242257e+02    7.7213881924e+01    3.7231643525e+01    9.1895337630e+00   -2.0005359986e+02    3.2134900000e+05    6.5845875017e+00    9.9689542222e-01
       145   -7.6428666517e+01    5.8447748327e+03   -1.5373402265e+02    7.7305356137e+01    3.7247151317e+01    9.1895337630e+00   -2.0017070773e+02    3.2108200000e+05    6.5859302435e+00    9.9685677741e-01
       146   -7.6431367863e+01    5.8453133623e+03   -1.5345999466e+02    7.7028626802e+01    3.7248989108e+01    9.1895337630e+00   -1.9989851754e+02    3.2030500000e+05    6.5869567413e+00    9.9686727493e-01
       147   -7.6425866550e+01    5.8442823103e+03   -1.5332521257e+02    7.6899346023e+01    3.7245162021e+01    9.1895337630e+00   -1.9975990836e+02    3.2025500000e+05    6.5847323606e+00    9.9687603687e-01
       148   -7.6436403161e+01    5.8455698325e+03   -1.5328169712e+02    7.6845293961e+01    3.7217532376e+01    9.1895337630e+00   -1.9968876326e+02    3.2024500000e+05    6.5834612396e+00    9.9690112903e-01
       149   -7.6439682845e+01    5.8462625987e+03   -1.5299085474e+02    7.6551171892e+01    3.7244591529e+01    9.1895337630e+00   -1.9942498003e+02    3.2028100000e+05    6.5831346597e+00    9.9688265605e-01
       150   -7.6420226559e+01    5.8429669618e+03   -1.5287466842e+02    7.6454441864e+01    3.7252472409e+01    9.1895337630e+00   -1.9931667460e+02    3.2011100000e+05    6.5845947379e+00    9.9695193503e-01
       151   -7.6424014764e+01    5.8435592727e+03   -1.5304410177e+02    7.6620087007e+01    3.7225460662e+01    9.1895337630e+00   -1.9945909620e+02    3.1999800000e+05    6.5815369203e+00    9.9682646252e-01
       152   -7.6446469735e+01    5.8474088333e+03   -1.5244597338e+02    7.5999503644e+01    3.7210514272e+01    9.1895337630e+00   -1.9884602141e+02    3.1987800000e+05    6.5839272131e+00    9.9690640658e-01
       153   -7.6429421472e+01    5.8445475904e+03   -1.5273011440e+02    7.6300692926e+01    3.7240777040e+01    9.1895337630e+00   -1.9916042520e+02    3.1941000000e+05    6.5849042168e+00    9.9690890653e-01
       154   -7.6428914393e+01    5.8446356455e+03   -1.5278948467e+02    7.6360570276e+01    3.7196057248e+01    9.1895337630e+00   -1.9917507568e+02    3.1921000000e+05    6.5833322184e+00    9.9690699934e-01
       155   -7.6422883125e+01    5.8437058795e+03   -1.5318605017e+02    7.6763167043e+01    3.7278676508e+01    9.1895337630e+00   -1.9965426044e+02    3.1943500000e+05    6.5840374043e+00    9.9692247844e-01
       156   -7.6433942720e+01    5.8452424866e+03   -1.5335140441e+02    7.6917461686e+01    3.7287933363e+01    9.1895337630e+00   -1.9982887153e+02    3.2006100000e+05    6.5853778088e+00    9.9689217700e-01
       157   -7.6428247999e+01    5.8443326702e+03   -1.5243659707e+02    7.6008349068e+01    3.7260570084e+01    9.1895337630e+00   -1.9888670091e+02    3.2046900000e+05    6.5834663282e+00    9.9691430469e-01
       158   -7.6415958325e+01    5.8424268080e+03   -1.5242089764e+02    7.6004939319e+01    3.7261804883e+01    9.1895337630e+00   -1.9887223629e+02    3.2064000000e+05    6.5827242842e+00    9.9688852467e-01
       159   -7.6421302237e+01    5.8432008741e+03   -1.5317651792e+02    7.6755215685e+01    3.7254313791e+01    9.1895337630e+00   -1.9962036548e+02    3.2102500000e+05    6.5811443359e+00    9.9690507998e-01
       160   -7.6428598814e+01    5.8443949581e+03   -1.5377637960e+02    7.7347780782e+01    3.7228858866e+01    9.1895337630e+00   -2.0019477222e+02    3.2117000000e+05    6.5856422811e+00    9.9690545100e-01
       161   -7.6418658764e+01    5.8432293293e+03   -1.5275682402e+02    7.6338165253e+01    3.7232115996e+01    9.1895337630e+00   -1.9917847378e+02    3.2114800000e+05    6.5867511843e+00    9.9685288185e-01
       162   -7.6409904391e+01    5.8415277534e+03   -1.5295200023e+02    7.6542095834e+01    3.7284527019e+01    9.1895337630e+00   -1.9942606101e+02    3.2118600000e+05    6.5849867121e+00    9.9684181716e-01
       163   -7.6415024382e+01    5.8423181850e+03   -1.5279955101e+02    7.6384526623e+01    3.7262284271e+01    9.1895337630e+00   -1.9925136904e+02    3.2118700000e+05    6.5862789500e+00    9.9686086515e-01
       164   -7.6426164279e+01    5.8441180096e+03   -1.5297928060e+02    7.6553116319e+01    3.7285268485e+01    9.1895337630e+00   -1.9945408285e+02    3.2070100000e+05    6.5841695522e+00    9.9693837210e-01
       165   -7.6412860015e+01    5.8419276917e+03   -1.5271302936e+02    7.6300169348e+01    3.7260364635e+01    9.1895337630e+00   -1.9916292776e+02    3.2035100000e+05    6.5837732663e+00    9.9698209687e-01
       166   -7.6417024158e+01    5.8425861566e+03   -1.5273809218e+02    7.6321068020e+01    3.7253066702e+01    9.1895337630e+00   -1.9918069264e+02    3.2046300000e+05    6.5820769143e+00    9.9689639861e-01
       167   -7.6423560620e+01    5.8434464930e+03   -1.5287585085e+02    7.6452290228e+01    3.7231787593e+01    9.1895337630e+00   -1.9929717220e+02    3.2034700000e+05    6.5823796422e+00    9.9691660124e-01
       168   -7.6419844764e+01    5.8430735344e+03   -1.5247618849e+02    7.6056343728e+01    3.7221208962e+01    9.1895337630e+00   -1.9888693122e+02    3.2014200000e+05    6.5825599809e+00    9.9689020322e-01
       169   -7.6425720162e+01    5.8439330837e+03   -1.5334369071e+02    7.6917970551e+01    3.7232933394e+01    9.1895337630e+00   -1.9976615787e+02    3.1989600000e+05    6.5825021451e+00    9.9685542675e-01
       170   -7.6427158111e+01    5.8440407671e+03   -1.5237412145e+02    7.5946963341e+01    3.7216954518e+01    9.1895337630e+00   -1.9878060973e+02    3.2015100000e+05    6.5836932318e+00    9.9688129191e-01
       171   -7.6411906200e+01    5.8418739925e+03   -1.5317687482e+02    7.6764968625e+01    3.7200249136e+01    9.1895337630e+00   -1.9956665772e+02    3.1965200000e+05    6.5861454812e+00    9.9686589285e-01
       172   -7.6429396780e+01    5.8446233446e+03   -1.5306653172e+02    7.6637134940e+01    3.7254993600e+01    9.1895337630e+00   -1.9951105908e+02    3.1986900000e+05    6.5861905818e+00    9.9692162652e-01
       173   -7.6426921492e+01    5.8441976534e+03   -1.5342673793e+02    7.6999816434e+01    3.7221609439e+01    9.1895337630e+00   -1.9983788113e+02    3.2022500000e+05    6.5858560849e+00    9.9691197077e-01
       174   -7.6427453459e+01    5.8441072736e+03   -1.5319276225e+02    7.6765308787e+01    3.7225538683e+01    9.1895337630e+00   -1.9960783469e+02    3.2026300000e+05    6.5855986672e+00    9.9686761389e-01
       175   -7.6429699625e+01    5.8445978327e+03   -1.5268260586e+02    7.6252906240e+01    3.7214157085e+01    9.1895337630e+00   -1.9908629671e+02    3.2001600000e+05    6.5845716304e+00    9.9690138574e-01
       176   -7.6426925033e+01    5.8440615053e+03   -1.5232938012e+02    7.5902455088e+01    3.7239966976e+01    9.1895337630e+00   -1.9875888086e+02    3.2014400000e+05    6.5867935112e+00    9.9691308536e-01
       177   -7.6429714079e+01    5.8447081022e+03   -1.5285306436e+02    7.6423350286e+01    3.7300345671e+01    9.1895337630e+00   -1.9934294380e+02    3.2023900000e+05    6.5857956084e+00    9.9688441479e-01
       178   -7.6422858129e+01    5.8436317439e+03   -1.5297938640e+02    7.6556528269e+01    3.7264804428e+01    9.1895337630e+00   -1.9943372459e+02    3.1988300000e+05    6.5875288221e+00    9.9682016307e-01
       179   -7.6418786281e+01    5.8426915220e+03   -1.5243787985e+02    7.6019093574e+01    3.7244551962e+01    9.1895337630e+00   -1.9887196558e+02    3.2002900000e+05    6.5842807720e+00    9.9686297388e-01
       180   -7.6419751030e+01    5.8429642880e+03   -1.5305620976e+02    7.6636458735e+01    3.7253779316e+01    9.1895337630e+00   -1.9949952284e+02    3.2028300000e+05    6.5850585816e+00    9.9690009941e-01
       181   -7.6417824870e+01    5.8429283487e+03   -1.5325323853e+02    7.6835413658e+01    3.7240207800e+01    9.1895337630e+00   -1.9968298009e+02    3.2043100000e+05    6.5853767286e+00    9.9682260053e-01
       182   -7.6414646415e+01    5.8422969550e+03   -1.5278220459e+02    7.6367558172e+01    3.7237792035e+01    9.1895337630e+00   -1.9920953038e+02    3.2121300000e+05    6.5816541788e+00    9.9687175351e-01
       183   -7.6420220415e+01    5.8433436204e+03   -1.5441212515e+02    7.7991904735e+01    3.7300602372e+01    9.1895337630e+00   -2.0090226128e+02    3.2156500000e+05    6.5847360096e+00    9.9686057702e-01
       184   -7.6427362593e+01    5.8445894047e+03   -1.5457563643e+02    7.8148273836e+01    3.7290694036e+01    9.1895337630e+00   -2.0105586423e+02    3.2213600000e+05    6.5853446830e+00    9.9683173015e-01
       185   -7.6431336388e+01    5.8451269750e+03   -1.5298978116e+02    7.6558444771e+01    3.7285235673e+01    9.1895337630e+00   -1.9946455059e+02    3.2252500000e+05    6.5836582154e+00    9.9693828316e-01
       186   -7.6420389309e+01    5.8432266280e+03   -1.5318089797e+02    7.6760508665e+01    3.7299759172e+01    9.1895337630e+00   -1.9967019091e+02    3.2216400000e+05    6.5862283337e+00    9.9695546853e-01
       187   -7.6427750071e+01    5.8443848722e+03   -1.5277470938e+02    7.6346959306e+01    3.7264602591e+01    9.1895337630e+00   -1.9922884573e+02    3.2234500000e+05    6.5865697543e+00    9.9690017143e-01
       188   -7.6435406217e+01    5.8464561487e+03   -1.5325746505e+02    7.6822058829e+01    3.7254694840e+01    9.1895337630e+00   -1.9970169365e+02    3.2292900000e+05    6.5862974279e+00    9.9685664537e-01
       189   -7.6426517594e+01    5.8439663126e+03   -1.5304899466e+02    7.6622477063e+01    3.7262888068e+01    9.1895337630e+00   -1.9950141649e+02    3.2301800000e+05    6.5857848047e+00    9.9689974429e-01
       190   -7.6434266891e+01    5.8455795205e+03   -1.5269805646e+02    7.6263789573e+01    3.7232284700e+01    9.1895337630e+00   -1.9911987493e+02    3.2330300000e+05    6.5833353195e+00    9.9689121368e-01
       191   -7.6432381123e+01    5.8448839355e+03   -1.5360346626e+02    7.7171085138e+01    3.7237424606e+01    9.1895337630e+00   -2.0003042463e+02    3.2355300000e+05    6.5847179651e+00    9.9694532287e-01
       192   -7.6431748730e+01    5.8449862698e+03   -1.5337672125e+02    7.6944972518e+01    3.7204089766e+01    9.1895337630e+00   -1.9977034478e+02    3.2351200000e+05    6.5833259244e+00    9.9684544470e-01
       193   -7.6428783415e+01    5.8442548516e+03   -1.5315422454e+02    7.6725441129e+01    3.7201871793e+01    9.1895337630e+00   -1.9954563010e+02    3.2316300000e+05    6.5830805795e+00    9.9688530129e-01
       194   -7.6432844188e+01    5.8455371664e+03   -1.5251604661e+02    7.6083202427e+01    3.7243569529e+01    9.1895337630e+00   -1.9894914991e+02    3.2339400000e+05    6.5831654709e+00    9.9692776424e-01
       195   -7.6425851121e+01    5.8441754745e+03   -1.5284985891e+02    7.6424007785e+01    3.7267786915e+01    9.1895337630e+00   -1.9930717958e+02    3.2327300000e+05    6.5869778909e+00    9.9694158888e-01
       196   -7.6418801280e+01    5.8428488069e+03   -1.5320367786e+02    7.6784876584e+01    3.7260378146e+01    9.1895337630e+00   -1.9965358977e+02    3.2267300000e+05    6.5888360888e+00    9.9684932538e-01
       197   -7.6429804746e+01    5.8447518759e+03   -1.5332836894e+02    7.6898564192e+01    3.7243359497e+01    9.1895337630e+00   -1.9976126220e+02    3.2260600000e+05    6.5925219044e+00    9.9693516692e-01
       198   -7.6427418415e+01    5.8441206538e+03   -1.5288659211e+02    7.6459173691e+01    3.7214321505e+01    9.1895337630e+00   -1.9929044737e+02    3.2240700000e+05    6.5901761807e+00    9.9691109649e-01
       199   -7.6433726847e+01    5.8452201707e+03   -1.5335219384e+02    7.6918466993e+01    3.7275271987e+01    9.1895337630e+00   -1.9981699959e+02    3.2254000000e+05    6.5910050140e+00    9.9689849350e-01
