#   index    LocalEnergy         LocalEnergy_sq      LocalPotential      Kinetic             ElecElec            IonIon              IonElec             BlockWeight         BlockCPU            AcceptRatio         
         0   -7.6404489119e+01    5.8399483264e+03   -1.5307081765e+02    7.6666328532e+01    3.7248186392e+01    9.1895337630e+00   -1.9950853781e+02    3.2039900000e+05    5.4922691931e-01    9.9697547344e-01
         1   -7.6414009053e+01    5.8414139118e+03   -1.5348753197e+02    7.7073522912e+01    3.7250883303e+01    9.1895337630e+00   -1.9992794903e+02    3.1999900000e+05    5.3652332345e-01    9.9687923220e-01
         2   -7.6402287650e+01    5.8393136153e+03   -1.5305926219e+02    7.6656974541e+01    3.7267771616e+01    9.1895337630e+00   -1.9951656757e+02    3.2004000000e+05    5.3751872608e-01    9.9695096563e-01
         3   -7.6407978177e+01    5.8405677216e+03   -1.5301444816e+02    7.6606469985e+01    3.7272684153e+01    9.1895337630e+00   -1.9947666608e+02    3.1999900000e+05    5.3814212042e-01    9.9685431580e-01
         4   -7.6414385357e+01    5.8416681685e+03   -1.5353487560e+02    7.7120490242e+01    3.7268018849e+01    9.1895337630e+00   -1.9999242821e+02    3.2002800000e+05    5.3982907765e-01    9.9687948174e-01
         5   -7.6410921218e+01    5.8412706782e+03   -1.5377627408e+02    7.7365352860e+01    3.7225272778e+01    9.1895337630e+00   -2.0019108062e+02    3.1992700000e+05    5.3880670125e-01    9.9681442165e-01
         6   -7.6432844407e+01    5.8440127451e+03   -1.5360836476e+02    7.7175520351e+01    3.7228211312e+01    9.1895337630e+00   -2.0002610983e+02    3.1989100000e+05    5.3507381792e-01    9.9693082539e-01
         7   -7.6429874612e+01    5.8435678609e+03   -1.5311262037e+02    7.6682745757e+01    3.7222848576e+01    9.1895337630e+00   -1.9952500271e+02    3.1978900000e+05    5.3613440219e-01    9.9687325655e-01
         8   -7.6427310008e+01    5.8434185611e+03   -1.5259989588e+02    7.6172585869e+01    3.7233232911e+01    9.1895337630e+00   -1.9902266255e+02    3.1933200000e+05    5.3659588501e-01    9.9689939549e-01
         9   -7.6422841861e+01    5.8425632043e+03   -1.5295116837e+02    7.6528326508e+01    3.7226015014e+01    9.1895337630e+00   -1.9936671715e+02    3.1928100000e+05    5.3673373722e-01    9.9682526479e-01
        10   -7.6424156606e+01    5.8429958938e+03   -1.5243655278e+02    7.6012396171e+01    3.7192609833e+01    9.1895337630e+00   -1.9881869637e+02    3.1965500000e+05    5.3689419729e-01    9.9687714160e-01
        11   -7.6428957766e+01    5.8435010398e+03   -1.5273728748e+02    7.6308329710e+01    3.7194507963e+01    9.1895337630e+00   -1.9912132920e+02    3.1954300000e+05    5.3808407492e-01    9.9691562443e-01
        12   -7.6422419539e+01    5.8429284879e+03   -1.5315101964e+02    7.6728600103e+01    3.7216400706e+01    9.1895337630e+00   -1.9955695411e+02    3.1944200000e+05    5.3792657551e-01    9.9690533157e-01
        13   -7.6419319135e+01    5.8423129182e+03   -1.5305394370e+02    7.6634624563e+01    3.7173287029e+01    9.1895337630e+00   -1.9941676449e+02    3.1903100000e+05    5.5637285036e-01    9.9697530707e-01
        14   -7.6422875955e+01    5.8430046405e+03   -1.5282613308e+02    7.6403257124e+01    3.7140895587e+01    9.1895337630e+00   -1.9915656243e+02    3.1895900000e+05    5.4002684987e-01    9.9691112376e-01
        15   -7.6421717945e+01    5.8423788340e+03   -1.5343923734e+02    7.7017519392e+01    3.7192185153e+01    9.1895337630e+00   -1.9982095625e+02    3.1896000000e+05    5.3902369190e-01    9.9684009420e-01
        16   -7.6426356156e+01    5.8432117978e+03   -1.5310584840e+02    7.6679492249e+01    3.7140512127e+01    9.1895337630e+00   -1.9943589429e+02    3.1878600000e+05    5.3970170885e-01    9.9685887733e-01
        17   -7.6415788254e+01    5.8415428070e+03   -1.5265157891e+02    7.6235790656e+01    3.7134353952e+01    9.1895337630e+00   -1.9897546662e+02    3.1862000000e+05    5.3836689661e-01    9.9692043268e-01
        18   -7.6429345409e+01    5.8435925071e+03   -1.5270473368e+02    7.6275388271e+01    3.7136917564e+01    9.1895337630e+00   -1.9903118501e+02    3.1879700000e+05    5.3832553415e-01    9.9690172193e-01
        19   -7.6420747849e+01    5.8423405349e+03   -1.5281116974e+02    7.6390421893e+01    3.7155752951e+01    9.1895337630e+00   -1.9915645646e+02    3.1857200000e+05    5.3952115209e-01    9.9694859203e-01
        20   -7.6440805964e+01    5.8452932294e+03   -1.5293818096e+02    7.6497374997e+01    3.7148990541e+01    9.1895337630e+00   -1.9927670527e+02    3.1831800000e+05    5.3913626277e-01    9.9686953247e-01
        21   -7.6421844562e+01    5.8426101337e+03   -1.5310521412e+02    7.6683369557e+01    3.7110301523e+01    9.1895337630e+00   -1.9940504941e+02    3.1795100000e+05    5.3777336440e-01    9.9686839769e-01
        22   -7.6429188853e+01    5.8437158499e+03   -1.5291783508e+02    7.6488646232e+01    3.7125463344e+01    9.1895337630e+00   -1.9923283219e+02    3.1794000000e+05    5.3977132780e-01    9.9688255544e-01
        23   -7.6416813125e+01    5.8420262214e+03   -1.5241907388e+02    7.6002260751e+01    3.7110774953e+01    9.1895337630e+00   -1.9871938259e+02    3.1800600000e+05    5.3822240421e-01    9.9689895344e-01
        24   -7.6420623262e+01    5.8423606739e+03   -1.5246430868e+02    7.6043685420e+01    3.7142203064e+01    9.1895337630e+00   -1.9879604551e+02    3.1763800000e+05    5.3818436723e-01    9.9694922986e-01
        25   -7.6421161293e+01    5.8425090101e+03   -1.5283606687e+02    7.6414905581e+01    3.7159762134e+01    9.1895337630e+00   -1.9918536277e+02    3.1755500000e+05    5.3898836388e-01    9.9687815229e-01
        26   -7.6416083899e+01    5.8415396911e+03   -1.5308317136e+02    7.6667087463e+01    3.7148062134e+01    9.1895337630e+00   -1.9942076726e+02    3.1739700000e+05    5.3905450022e-01    9.9686199337e-01
        27   -7.6418906464e+01    5.8421741364e+03   -1.5318671349e+02    7.6767807025e+01    3.7191482673e+01    9.1895337630e+00   -1.9956772993e+02    3.1794000000e+05    5.3763917086e-01    9.9685754354e-01
        28   -7.6417001031e+01    5.8416978139e+03   -1.5301969592e+02    7.6602694885e+01    3.7183597082e+01    9.1895337630e+00   -1.9939282676e+02    3.1781600000e+05    5.4002681518e-01    9.9685610653e-01
        29   -7.6434565112e+01    5.8443405908e+03   -1.5300390829e+02    7.6569343175e+01    3.7183571444e+01    9.1895337630e+00   -1.9937701349e+02    3.1790800000e+05    5.4000418402e-01    9.9687255114e-01
        30   -7.6420190539e+01    5.8423299869e+03   -1.5262164349e+02    7.6201452950e+01    3.7118837452e+01    9.1895337630e+00   -1.9893001470e+02    3.1820700000e+05    5.3763772575e-01    9.9694255448e-01
        31   -7.6432958199e+01    5.8441458553e+03   -1.5320708915e+02    7.6774130953e+01    3.7186173493e+01    9.1895337630e+00   -1.9958279641e+02    3.1834600000e+05    5.3846350062e-01    9.9690374262e-01
        32   -7.6423427746e+01    5.8426666122e+03   -1.5371759661e+02    7.7294168862e+01    3.7193648761e+01    9.1895337630e+00   -2.0010077913e+02    3.1859100000e+05    5.3944109700e-01    9.9683673516e-01
        33   -7.6420630898e+01    5.8422869966e+03   -1.5325859986e+02    7.6837968958e+01    3.7164886099e+01    9.1895337630e+00   -1.9961301972e+02    3.1845700000e+05    5.4045047312e-01    9.9683725270e-01
        34   -7.6419101659e+01    5.8421001903e+03   -1.5322747388e+02    7.6808372218e+01    3.7184634496e+01    9.1895337630e+00   -1.9960164214e+02    3.1857400000e+05    5.4062751309e-01    9.9693919160e-01
        35   -7.6421535416e+01    5.8423610433e+03   -1.5304675202e+02    7.6625216608e+01    3.7163788458e+01    9.1895337630e+00   -1.9940007424e+02    3.1872300000e+05    5.4084769958e-01    9.9690804324e-01
        36   -7.6434604898e+01    5.8446613112e+03   -1.5310383176e+02    7.6669226864e+01    3.7154853077e+01    9.1895337630e+00   -1.9944821860e+02    3.1872000000e+05    5.4010498057e-01    9.9683846367e-01
        37   -7.6425572048e+01    5.8431782552e+03   -1.5330229598e+02    7.6876723936e+01    3.7137647442e+01    9.1895337630e+00   -1.9962947719e+02    3.1843700000e+05    5.3898023463e-01    9.9693676253e-01
        38   -7.6441582928e+01    5.8455205314e+03   -1.5312540358e+02    7.6683820648e+01    3.7108496212e+01    9.1895337630e+00   -1.9942343355e+02    3.1810200000e+05    5.3814177717e-01    9.9689133981e-01
        39   -7.6428589873e+01    5.8435836271e+03   -1.5283961086e+02    7.6411020984e+01    3.7101487645e+01    9.1895337630e+00   -1.9913063227e+02    3.1830800000e+05    5.3697054592e-01    9.9692433154e-01
        40   -7.6424605117e+01    5.8429406795e+03   -1.5335180527e+02    7.6927200150e+01    3.7102245807e+01    9.1895337630e+00   -1.9964358484e+02    3.1874800000e+05    5.4038162461e-01    9.9687931326e-01
        41   -7.6415493259e+01    5.8412911731e+03   -1.5309177417e+02    7.6676280908e+01    3.7134522828e+01    9.1895337630e+00   -1.9941583076e+02    3.1853300000e+05    5.3663402844e-01    9.9687399346e-01
        42   -7.6422387422e+01    5.8429524749e+03   -1.5322960864e+02    7.6807221216e+01    3.7102116030e+01    9.1895337630e+00   -1.9952125843e+02    3.1830000000e+05    5.4117790025e-01    9.9692426308e-01
        43   -7.6423436590e+01    5.8434270579e+03   -1.5318676562e+02    7.6763329026e+01    3.7101872623e+01    9.1895337630e+00   -1.9947817200e+02    3.1800100000e+05    5.4109553882e-01    9.9677477467e-01
        44   -7.6432181443e+01    5.8441794497e+03   -1.5298425417e+02    7.6552072724e+01    3.7083736540e+01    9.1895337630e+00   -1.9925752447e+02    3.1808200000e+05    5.3869939928e-01    9.9690165618e-01
        45   -7.6433289526e+01    5.8442173905e+03   -1.5326457987e+02    7.6831290344e+01    3.7098024606e+01    9.1895337630e+00   -1.9955213824e+02    3.1828600000e+05    5.3927584172e-01    9.9690095114e-01
        46   -7.6432704060e+01    5.8439623224e+03   -1.5318071081e+02    7.6748006751e+01    3.7107719661e+01    9.1895337630e+00   -1.9947796423e+02    3.1884000000e+05    5.3983840768e-01    9.9679603548e-01
        47   -7.6427780050e+01    5.8434647614e+03   -1.5322111450e+02    7.6793334449e+01    3.7096389297e+01    9.1895337630e+00   -1.9950703756e+02    3.1859000000e+05    5.4123808306e-01    9.9684951599e-01
        48   -7.6412261405e+01    5.8410348583e+03   -1.5264294985e+02    7.6230688445e+01    3.7094013185e+01    9.1895337630e+00   -1.9892649680e+02    3.1799600000e+05    5.4252120410e-01    9.9691773053e-01
        49   -7.6413315431e+01    5.8411952869e+03   -1.5229630851e+02    7.5882993075e+01    3.7063965993e+01    9.1895337630e+00   -1.9854980826e+02    3.1768000000e+05    5.4123618007e-01    9.9696234377e-01
        50   -7.6416603804e+01    5.8418860989e+03   -1.5264398013e+02    7.6227376329e+01    3.7127147572e+01    9.1895337630e+00   -1.9896066147e+02    3.1753200000e+05    5.3966222187e-01    9.9692588838e-01
        51   -7.6424102791e+01    5.8430106841e+03   -1.5269794110e+02    7.6273838307e+01    3.7134410174e+01    9.1895337630e+00   -1.9902188503e+02    3.1743900000e+05    5.3992581134e-01    9.9691166852e-01
        52   -7.6429839411e+01    5.8437059324e+03   -1.5240250854e+02    7.5972669134e+01    3.7106021824e+01    9.1895337630e+00   -1.9869806413e+02    3.1754500000e+05    5.3678743313e-01    9.9688946108e-01
        53   -7.6412851033e+01    5.8411496697e+03   -1.5275465112e+02    7.6341800092e+01    3.7157720521e+01    9.1895337630e+00   -1.9910190541e+02    3.1785900000e+05    5.3690188346e-01    9.9690513390e-01
        54   -7.6422204215e+01    5.8425655027e+03   -1.5298545279e+02    7.6563248571e+01    3.7145187381e+01    9.1895337630e+00   -1.9932017393e+02    3.1834100000e+05    5.3517425568e-01    9.9688069709e-01
        55   -7.6426399522e+01    5.8430006099e+03   -1.5313785595e+02    7.6711456433e+01    3.7187987655e+01    9.1895337630e+00   -1.9951537737e+02    3.1833000000e+05    5.3726554864e-01    9.9695922773e-01
        56   -7.6424749902e+01    5.8430412749e+03   -1.5298044615e+02    7.6555696252e+01    3.7174078688e+01    9.1895337630e+00   -1.9934405860e+02    3.1824700000e+05    5.3766402586e-01    9.9687143153e-01
        57   -7.6419846341e+01    5.8420736984e+03   -1.5307152018e+02    7.6651673837e+01    3.7149241464e+01    9.1895337630e+00   -1.9941029541e+02    3.1825800000e+05    5.3839955147e-01    9.9689789377e-01
        58   -7.6421651869e+01    5.8423591938e+03   -1.5262662834e+02    7.6204976471e+01    3.7125263839e+01    9.1895337630e+00   -1.9894142594e+02    3.1818000000e+05    5.3766433776e-01    9.9691216147e-01
        59   -7.6423999623e+01    5.8427195608e+03   -1.5256256001e+02    7.6138560391e+01    3.7118094512e+01    9.1895337630e+00   -1.9887018829e+02    3.1811200000e+05    5.3942142976e-01    9.9693342411e-01
        60   -7.6425192692e+01    5.8430626250e+03   -1.5247581716e+02    7.6050624463e+01    3.7044734055e+01    9.1895337630e+00   -1.9871008497e+02    3.1813400000e+05    5.4247918350e-01    9.9691245967e-01
        61   -7.6417155509e+01    5.8418641815e+03   -1.5252322927e+02    7.6106073758e+01    3.7106486665e+01    9.1895337630e+00   -1.9881924970e+02    3.1794500000e+05    5.3911358636e-01    9.9693265024e-01
        62   -7.6420915417e+01    5.8423341562e+03   -1.5340080953e+02    7.6979894116e+01    3.7149940252e+01    9.1895337630e+00   -1.9974028355e+02    3.1835300000e+05    5.3728442294e-01    9.9685557018e-01
        63   -7.6427876941e+01    5.8434770003e+03   -1.5241351743e+02    7.5985640491e+01    3.7153855493e+01    9.1895337630e+00   -1.9875690669e+02    3.1878600000e+05    5.3989915429e-01    9.9691181348e-01
        64   -7.6425635378e+01    5.8429939631e+03   -1.5309247043e+02    7.6666835048e+01    3.7154626547e+01    9.1895337630e+00   -1.9943663074e+02    3.1855400000e+05    5.3877310626e-01    9.9689964390e-01
        65   -7.6416767256e+01    5.8414721714e+03   -1.5271212902e+02    7.6295361764e+01    3.7164123917e+01    9.1895337630e+00   -1.9906578670e+02    3.1838500000e+05    5.3802013092e-01    9.9686523946e-01
        66   -7.6405811174e+01    5.8399689163e+03   -1.5297260185e+02    7.6566790679e+01    3.7145170571e+01    9.1895337630e+00   -1.9930730619e+02    3.1799400000e+05    5.3778671282e-01    9.9693701636e-01
        67   -7.6418467808e+01    5.8417747402e+03   -1.5276355631e+02    7.6345088505e+01    3.7136540031e+01    9.1895337630e+00   -1.9908963011e+02    3.1783400000e+05    5.3708281520e-01    9.9685861604e-01
        68   -7.6412010433e+01    5.8410072481e+03   -1.5312309793e+02    7.6711087498e+01    3.7175318290e+01    9.1895337630e+00   -1.9948794998e+02    3.1773200000e+05    5.3919026476e-01    9.9689417097e-01
        69   -7.6424122602e+01    5.8440930560e+03   -1.5228697722e+02    7.5862854622e+01    3.7160696097e+01    9.1895337630e+00   -1.9863720708e+02    3.1730900000e+05    5.3934398347e-01    9.9694993197e-01
        70   -7.6430750307e+01    5.8439361239e+03   -1.5261671082e+02    7.6185960513e+01    3.7186294146e+01    9.1895337630e+00   -1.9899253873e+02    3.1749100000e+05    5.3939992960e-01    9.9695107805e-01
        71   -7.6428563923e+01    5.8439472755e+03   -1.5327668643e+02    7.6848122506e+01    3.7189445391e+01    9.1895337630e+00   -1.9965566558e+02    3.1718800000e+05    5.3897393102e-01    9.9689902270e-01
        72   -7.6419065923e+01    5.8420321526e+03   -1.5288488143e+02    7.6465815509e+01    3.7198998363e+01    9.1895337630e+00   -1.9927341356e+02    3.1743900000e+05    5.4122039658e-01    9.9691986539e-01
        73   -7.6422050976e+01    5.8426195030e+03   -1.5295708822e+02    7.6535037247e+01    3.7209221512e+01    9.1895337630e+00   -1.9935584350e+02    3.1705900000e+05    5.3960575035e-01    9.9685522108e-01
        74   -7.6421177906e+01    5.8421499877e+03   -1.5300847712e+02    7.6587299214e+01    3.7205889117e+01    9.1895337630e+00   -1.9940390000e+02    3.1702300000e+05    5.3973108656e-01    9.9688380740e-01
        75   -7.6418940739e+01    5.8424841347e+03   -1.5270053358e+02    7.6281592841e+01    3.7200858432e+01    9.1895337630e+00   -1.9909092578e+02    3.1738900000e+05    5.4009274208e-01    9.9692213724e-01
        76   -7.6423150605e+01    5.8425997268e+03   -1.5313607795e+02    7.6712927347e+01    3.7165319826e+01    9.1895337630e+00   -1.9949093154e+02    3.1768700000e+05    5.3739151244e-01    9.9687528949e-01
        77   -7.6424181916e+01    5.8428266066e+03   -1.5253364107e+02    7.6109459149e+01    3.7179472937e+01    9.1895337630e+00   -1.9890264776e+02    3.1770200000e+05    5.3849915634e-01    9.9688802573e-01
        78   -7.6418960964e+01    5.8420020766e+03   -1.5319129611e+02    7.6772335144e+01    3.7206259728e+01    9.1895337630e+00   -1.9958708960e+02    3.1801400000e+05    5.3963548883e-01    9.9686935548e-01
        79   -7.6425220359e+01    5.8429037968e+03   -1.5315966035e+02    7.6734439993e+01    3.7205919037e+01    9.1895337630e+00   -1.9955511315e+02    3.1835300000e+05    5.3972308916e-01    9.9693859556e-01
        80   -7.6425770473e+01    5.8431237945e+03   -1.5285443994e+02    7.6428669470e+01    3.7173725645e+01    9.1895337630e+00   -1.9921769935e+02    3.1882500000e+05    5.4397759155e-01    9.9693333365e-01
        81   -7.6424464912e+01    5.8431415726e+03   -1.5260093567e+02    7.6176470759e+01    3.7178908941e+01    9.1895337630e+00   -1.9896937838e+02    3.1904300000e+05    5.4108356496e-01    9.9689175019e-01
        82   -7.6420374585e+01    5.8423794867e+03   -1.5197074197e+02    7.5550367385e+01    3.7121474447e+01    9.1895337630e+00   -1.9828175018e+02    3.1901400000e+05    5.3993698107e-01    9.9688198589e-01
        83   -7.6425821840e+01    5.8430074080e+03   -1.5211154971e+02    7.5685727873e+01    3.7126192060e+01    9.1895337630e+00   -1.9842727554e+02    3.1897000000e+05    5.3902075127e-01    9.9692432040e-01
        84   -7.6424531508e+01    5.8428220127e+03   -1.5284591570e+02    7.6421384188e+01    3.7162994391e+01    9.1895337630e+00   -1.9919844385e+02    3.1828100000e+05    5.3921796195e-01    9.9691294189e-01
        85   -7.6417792837e+01    5.8416274960e+03   -1.5197530169e+02    7.5557508854e+01    3.7112667040e+01    9.1895337630e+00   -1.9827750249e+02    3.1836100000e+05    5.3904463148e-01    9.9691765599e-01
        86   -7.6416366638e+01    5.8417303262e+03   -1.5237289353e+02    7.5956526888e+01    3.7148205159e+01    9.1895337630e+00   -1.9871063245e+02    3.1828500000e+05    5.3890795651e-01    9.9685455707e-01
        87   -7.6432064332e+01    5.8437982129e+03   -1.5317712440e+02    7.6745060066e+01    3.7179232512e+01    9.1895337630e+00   -1.9954589067e+02    3.1805100000e+05    5.3848590591e-01    9.9688993044e-01
        88   -7.6428056451e+01    5.8433493071e+03   -1.5329209763e+02    7.6864041184e+01    3.7162319249e+01    9.1895337630e+00   -1.9964395065e+02    3.1850400000e+05    5.4001874484e-01    9.9691747327e-01
        89   -7.6420885671e+01    5.8421247183e+03   -1.5301743562e+02    7.6596549952e+01    3.7165673993e+01    9.1895337630e+00   -1.9937264338e+02    3.1872500000e+05    5.4177449241e-01    9.9692056696e-01
        90   -7.6417086392e+01    5.8417455741e+03   -1.5267126729e+02    7.6254180897e+01    3.7176163614e+01    9.1895337630e+00   -1.9903696467e+02    3.1866700000e+05    5.4126356882e-01    9.9693351887e-01
        91   -7.6423244010e+01    5.8425753829e+03   -1.5305630298e+02    7.6633058971e+01    3.7209025020e+01    9.1895337630e+00   -1.9945486176e+02    3.1907400000e+05    5.4013538500e-01    9.9689586648e-01
        92   -7.6417913287e+01    5.8419422987e+03   -1.5306816628e+02    7.6650252992e+01    3.7232288583e+01    9.1895337630e+00   -1.9948998863e+02    3.1917200000e+05    5.4050660849e-01    9.9685356973e-01
        93   -7.6418449947e+01    5.8419759543e+03   -1.5299836366e+02    7.6579913715e+01    3.7211063485e+01    9.1895337630e+00   -1.9939896091e+02    3.1869400000e+05    5.4195691765e-01    9.9692620081e-01
        94   -7.6432345501e+01    5.8445470215e+03   -1.5271237641e+02    7.6280030911e+01    3.7251270439e+01    9.1895337630e+00   -1.9915318061e+02    3.1841900000e+05    5.4218767114e-01    9.9694828969e-01
        95   -7.6427363372e+01    5.8433385523e+03   -1.5269259309e+02    7.6265229717e+01    3.7261389555e+01    9.1895337630e+00   -1.9914351641e+02    3.1851100000e+05    5.4083559040e-01    9.9689420414e-01
        96   -7.6415666471e+01    5.8415273116e+03   -1.5218009821e+02    7.5764431742e+01    3.7182073232e+01    9.1895337630e+00   -1.9855170521e+02    3.1836800000e+05    5.3877440237e-01    9.9692359720e-01
        97   -7.6422794063e+01    5.8425913365e+03   -1.5305268825e+02    7.6629894189e+01    3.7233369966e+01    9.1895337630e+00   -1.9947559198e+02    3.1799500000e+05    5.3921917746e-01    9.9690691822e-01
        98   -7.6415398342e+01    5.8415062672e+03   -1.5248620847e+02    7.6070810132e+01    3.7238553919e+01    9.1895337630e+00   -1.9891429616e+02    3.1778300000e+05    5.3954132353e-01    9.9690962100e-01
        99   -7.6422462248e+01    5.8426079578e+03   -1.5271940329e+02    7.6296941041e+01    3.7242781560e+01    9.1895337630e+00   -1.9915171861e+02    3.1786700000e+05    5.3977219323e-01    9.9693223531e-01
       100   -7.6417813129e+01    5.8419789588e+03   -1.5272970743e+02    7.6311894298e+01    3.7250579568e+01    9.1895337630e+00   -1.9916982076e+02    3.1808600000e+05    5.4417439244e-01    9.9688083628e-01
       101   -7.6417594093e+01    5.8417828727e+03   -1.5320805184e+02    7.6790457750e+01    3.7289425753e+01    9.1895337630e+00   -1.9968701136e+02    3.1838700000e+05    5.3893685975e-01    9.9684647300e-01
       102   -7.6411254851e+01    5.8407781335e+03   -1.5375789114e+02    7.7346636288e+01    3.7304523268e+01    9.1895337630e+00   -2.0025194817e+02    3.1891800000e+05    5.4085842737e-01    9.9685413544e-01
       103   -7.6411020756e+01    5.8409806261e+03   -1.5355696570e+02    7.7145944943e+01    3.7306292177e+01    9.1895337630e+00   -2.0005279164e+02    3.1882200000e+05    5.4142942150e-01    9.9686536891e-01
       104   -7.6410135142e+01    5.8407585966e+03   -1.5265658790e+02    7.6246452755e+01    3.7263189874e+01    9.1895337630e+00   -1.9910931153e+02    3.1830800000e+05    5.4065319739e-01    9.9694898982e-01
       105   -7.6425201053e+01    5.8429455280e+03   -1.5293568542e+02    7.6510484370e+01    3.7277459857e+01    9.1895337630e+00   -1.9940267904e+02    3.1824100000e+05    5.3963971303e-01    9.9686626875e-01
       106   -7.6418899968e+01    5.8420947580e+03   -1.5275881603e+02    7.6339916061e+01    3.7247439092e+01    9.1895337630e+00   -1.9919578888e+02    3.1818900000e+05    5.3942983769e-01    9.9689368362e-01
       107   -7.6419754558e+01    5.8421893404e+03   -1.5314884328e+02    7.6729088725e+01    3.7288139873e+01    9.1895337630e+00   -1.9962651692e+02    3.1864300000e+05    5.4014957079e-01    9.9690992515e-01
       108   -7.6415749716e+01    5.8415798195e+03   -1.5296195371e+02    7.6546203990e+01    3.7265702401e+01    9.1895337630e+00   -1.9941718987e+02    3.1880300000e+05    5.3969349707e-01    9.9686105487e-01
       109   -7.6416239215e+01    5.8415767519e+03   -1.5241867990e+02    7.6002440684e+01    3.7263754451e+01    9.1895337630e+00   -1.9887196811e+02    3.1907400000e+05    5.4086871039e-01    9.9687071946e-01
       110   -7.6419329910e+01    5.8420969451e+03   -1.5330049553e+02    7.6881165619e+01    3.7292279334e+01    9.1895337630e+00   -1.9978230863e+02    3.1923100000e+05    5.4011757352e-01    9.9692938471e-01
       111   -7.6424936067e+01    5.8428475908e+03   -1.5364126603e+02    7.7216329965e+01    3.7292542652e+01    9.1895337630e+00   -2.0012334245e+02    3.1922400000e+05    5.4012713992e-01    9.9684878292e-01
       112   -7.6434006737e+01    5.8444302558e+03   -1.5302348226e+02    7.6589475528e+01    3.7271902405e+01    9.1895337630e+00   -1.9948491843e+02    3.1930900000e+05    5.3982178869e-01    9.9687423153e-01
       113   -7.6423032766e+01    5.8429321237e+03   -1.5303628726e+02    7.6613254493e+01    3.7307624865e+01    9.1895337630e+00   -1.9953344589e+02    3.1930800000e+05    5.3878486327e-01    9.9685923361e-01
       114   -7.6422050165e+01    5.8426586118e+03   -1.5255640750e+02    7.6134357339e+01    3.7227999286e+01    9.1895337630e+00   -1.9897394055e+02    3.1993800000e+05    5.4020062523e-01    9.9690863802e-01
       115   -7.6416828129e+01    5.8419933003e+03   -1.5251656138e+02    7.6099733247e+01    3.7264355548e+01    9.1895337630e+00   -1.9897045069e+02    3.2045000000e+05    5.3903406580e-01    9.9693419498e-01
       116   -7.6414128799e+01    5.8414832538e+03   -1.5292913150e+02    7.6515002696e+01    3.7281674990e+01    9.1895337630e+00   -1.9940034025e+02    3.2070100000e+05    5.3890767444e-01    9.9691537117e-01
       117   -7.6424916027e+01    5.8430063226e+03   -1.5283516608e+02    7.6410250056e+01    3.7305725804e+01    9.1895337630e+00   -1.9933042565e+02    3.2070200000e+05    5.3951764067e-01    9.9697120361e-01
       118   -7.6434204593e+01    5.8443443459e+03   -1.5301562939e+02    7.6581424800e+01    3.7268948083e+01    9.1895337630e+00   -1.9947411124e+02    3.2098000000e+05    5.3903803641e-01    9.9687532627e-01
       119   -7.6432710160e+01    5.8443019451e+03   -1.5278596375e+02    7.6353253592e+01    3.7268064567e+01    9.1895337630e+00   -1.9924356208e+02    3.2118200000e+05    5.3926666058e-01    9.9692162594e-01
       120   -7.6434131158e+01    5.8443198799e+03   -1.5244563286e+02    7.6011501701e+01    3.7222068114e+01    9.1895337630e+00   -1.9885723474e+02    3.2073600000e+05    5.4340641661e-01    9.9686605600e-01
       121   -7.6428090305e+01    5.8435091758e+03   -1.5228105507e+02    7.5852964764e+01    3.7212368531e+01    9.1895337630e+00   -1.9868295736e+02    3.2075200000e+05    5.3904045940e-01    9.9690376213e-01
       122   -7.6427421967e+01    5.8435135774e+03   -1.5287236693e+02    7.6444944959e+01    3.7227053516e+01    9.1895337630e+00   -1.9928895421e+02    3.2087800000e+05    5.3984358268e-01    9.9691617497e-01
       123   -7.6426616454e+01    5.8431855972e+03   -1.5284070447e+02    7.6414088014e+01    3.7257273114e+01    9.1895337630e+00   -1.9928751134e+02    3.2094200000e+05    5.3934744684e-01    9.9687043931e-01
       124   -7.6419792224e+01    5.8422400454e+03   -1.5308186572e+02    7.6662073499e+01    3.7286365151e+01    9.1895337630e+00   -1.9955776464e+02    3.2080800000e+05    5.4000437921e-01    9.9698113629e-01
       125   -7.6419548967e+01    5.8421043719e+03   -1.5351985123e+02    7.7100302260e+01    3.7258661630e+01    9.1895337630e+00   -1.9996804662e+02    3.2048200000e+05    5.4043850692e-01    9.9691025192e-01
       126   -7.6424437369e+01    5.8431564473e+03   -1.5327365150e+02    7.6849214131e+01    3.7244658423e+01    9.1895337630e+00   -1.9970784369e+02    3.2077000000e+05    5.3997015113e-01    9.9689341418e-01
       127   -7.6424198911e+01    5.8430620153e+03   -1.5305640359e+02    7.6632204680e+01    3.7247460564e+01    9.1895337630e+00   -1.9949339792e+02    3.2033200000e+05    5.4154406465e-01    9.9688815798e-01
       128   -7.6418290140e+01    5.8420216847e+03   -1.5306794786e+02    7.6649657724e+01    3.7194796355e+01    9.1895337630e+00   -1.9945227798e+02    3.1995400000e+05    5.4266847596e-01    9.9688732561e-01
       129   -7.6417492442e+01    5.8420008419e+03   -1.5290883586e+02    7.6491343417e+01    3.7164178893e+01    9.1895337630e+00   -1.9926254852e+02    3.1975000000e+05    5.4197956043e-01    9.9691716785e-01
       130   -7.6410534921e+01    5.8409971815e+03   -1.5262775559e+02    7.6217220665e+01    3.7178210533e+01    9.1895337630e+00   -1.9899549988e+02    3.1913400000e+05    5.3963033026e-01    9.9688795722e-01
       131   -7.6420417292e+01    5.8422481543e+03   -1.5288871861e+02    7.6468301322e+01    3.7200376035e+01    9.1895337630e+00   -1.9927862841e+02    3.1918900000e+05    5.3987365434e-01    9.9688400667e-01
       132   -7.6425710122e+01    5.8433507310e+03   -1.5274839045e+02    7.6322680328e+01    3.7213800016e+01    9.1895337630e+00   -1.9915172423e+02    3.1917100000e+05    5.4026143985e-01    9.9690814707e-01
       133   -7.6422098178e+01    5.8427144621e+03   -1.5241341397e+02    7.5991315792e+01    3.7246310258e+01    9.1895337630e+00   -1.9884925799e+02    3.1888000000e+05    5.4108787740e-01    9.9692591745e-01
       134   -7.6406114035e+01    5.8399979737e+03   -1.5309224473e+02    7.6686130695e+01    3.7257556761e+01    9.1895337630e+00   -1.9953933525e+02    3.1856700000e+05    5.4079868055e-01    9.9681616753e-01
       135   -7.6412739315e+01    5.8450743756e+03   -1.5280678236e+02    7.6394043041e+01    3.7239852029e+01    9.1895337630e+00   -1.9923616815e+02    3.1843200000e+05    5.3886695513e-01    9.9687779267e-01
       136   -7.6425494891e+01    5.8429323157e+03   -1.5279078253e+02    7.6365287639e+01    3.7233328429e+01    9.1895337630e+00   -1.9921364472e+02    3.1800300000e+05    5.3935813899e-01    9.9686046600e-01
       137   -7.6425975083e+01    5.8432700558e+03   -1.5284226278e+02    7.6416287692e+01    3.7241537516e+01    9.1895337630e+00   -1.9927333405e+02    3.1791700000e+05    5.3867030665e-01    9.9695282704e-01
       138   -7.6432636762e+01    5.8442140006e+03   -1.5313676727e+02    7.6704130511e+01    3.7288000361e+01    9.1895337630e+00   -1.9961430140e+02    3.1834700000e+05    5.4064709921e-01    9.9688581351e-01
       139   -7.6434039863e+01    5.8449805590e+03   -1.5282154869e+02    7.6387508825e+01    3.7273933392e+01    9.1895337630e+00   -1.9928501584e+02    3.1736000000e+05    5.4300627157e-01    9.9688217250e-01
       140   -7.6425407467e+01    5.8436200569e+03   -1.5310466727e+02    7.6679259799e+01    3.7295190780e+01    9.1895337630e+00   -1.9958939181e+02    3.1712400000e+05    5.4481304413e-01    9.9692566529e-01
       141   -7.6434580523e+01    5.8443844023e+03   -1.5353123703e+02    7.7096656508e+01    3.7310337157e+01    9.1895337630e+00   -2.0003110795e+02    3.1703600000e+05    5.4040633091e-01    9.9680537611e-01
       142   -7.6424046373e+01    5.8426796106e+03   -1.5336582051e+02    7.6941774132e+01    3.7305787820e+01    9.1895337630e+00   -1.9986114209e+02    3.1750900000e+05    5.4097010259e-01    9.9689400941e-01
       143   -7.6423542395e+01    5.8426851119e+03   -1.5334832954e+02    7.6924787144e+01    3.7239726786e+01    9.1895337630e+00   -1.9977759009e+02    3.1777100000e+05    5.3975114582e-01    9.9688963026e-01
       144   -7.6429407335e+01    5.8434284682e+03   -1.5341706314e+02    7.6987655804e+01    3.7242175358e+01    9.1895337630e+00   -1.9984877226e+02    3.1764200000e+05    5.4002946176e-01    9.9687000637e-01
       145   -7.6412855563e+01    5.8409777993e+03   -1.5295180987e+02    7.6538954310e+01    3.7250390734e+01    9.1895337630e+00   -1.9939173437e+02    3.1712700000e+05    5.3904936239e-01    9.9690587578e-01
       146   -7.6426261825e+01    5.8430517256e+03   -1.5281695326e+02    7.6390691433e+01    3.7271155242e+01    9.1895337630e+00   -1.9927764226e+02    3.1702800000e+05    5.4025642043e-01    9.9689830662e-01
       147   -7.6434264414e+01    5.8443384747e+03   -1.5297317552e+02    7.6538911107e+01    3.7263045465e+01    9.1895337630e+00   -1.9942575475e+02    3.1740500000e+05    5.4048220650e-01    9.9687356327e-01
       148   -7.6428058856e+01    5.8433284715e+03   -1.5263451796e+02    7.6206459105e+01    3.7252659233e+01    9.1895337630e+00   -1.9907671096e+02    3.1801400000e+05    5.4000438437e-01    9.9693316868e-01
       149   -7.6430435064e+01    5.8437746920e+03   -1.5255652510e+02    7.6126090037e+01    3.7257534435e+01    9.1895337630e+00   -1.9900359330e+02    3.1833000000e+05    5.4019184144e-01    9.9688988396e-01
       150   -7.6431401279e+01    5.8440294331e+03   -1.5379543404e+02    7.7364032763e+01    3.7327294642e+01    9.1895337630e+00   -2.0031226245e+02    3.1829100000e+05    5.3901975042e-01    9.9687550427e-01
       151   -7.6426422157e+01    5.8433771575e+03   -1.5317205225e+02    7.6745630096e+01    3.7345882168e+01    9.1895337630e+00   -1.9970746818e+02    3.1805300000e+05    5.4152647039e-01    9.9685168844e-01
       152   -7.6428453097e+01    5.8434778430e+03   -1.5370237369e+02    7.7273920595e+01    3.7367312295e+01    9.1895337630e+00   -2.0025921975e+02    3.1805100000e+05    5.4029046149e-01    9.9684818344e-01
       153   -7.6436457667e+01    5.8446264764e+03   -1.5338284698e+02    7.6946389310e+01    3.7352354154e+01    9.1895337630e+00   -1.9992473489e+02    3.1844300000e+05    5.4149657997e-01    9.9688785303e-01
       154   -7.6427833452e+01    5.8436645081e+03   -1.5309294216e+02    7.6665108703e+01    3.7299238530e+01    9.1895337630e+00   -1.9958171445e+02    3.1904400000e+05    5.4020076744e-01    9.9686856108e-01
       155   -7.6430552364e+01    5.8437933570e+03   -1.5321302574e+02    7.6782473380e+01    3.7283860818e+01    9.1895337630e+00   -1.9968642033e+02    3.1941500000e+05    5.4039969893e-01    9.9695236830e-01
       156   -7.6435129828e+01    5.8445421728e+03   -1.5284477683e+02    7.6409646997e+01    3.7284130534e+01    9.1895337630e+00   -1.9931844112e+02    3.1989500000e+05    5.4108294128e-01    9.9690683580e-01
       157   -7.6433001582e+01    5.8444313863e+03   -1.5307389282e+02    7.6640891234e+01    3.7326330327e+01    9.1895337630e+00   -1.9958975691e+02    3.2028500000e+05    5.4114953932e-01    9.9689860999e-01
       158   -7.6430786267e+01    5.8439323699e+03   -1.5284983324e+02    7.6419046978e+01    3.7323070686e+01    9.1895337630e+00   -1.9936243769e+02    3.2017300000e+05    5.3927617505e-01    9.9688747886e-01
       159   -7.6427907409e+01    5.8433677671e+03   -1.5324843616e+02    7.6820528748e+01    3.7328050741e+01    9.1895337630e+00   -1.9976602066e+02    3.2002700000e+05    5.3835149068e-01    9.9685166725e-01
       160   -7.6418784452e+01    5.8421434037e+03   -1.5304732735e+02    7.6628542902e+01    3.7291551174e+01    9.1895337630e+00   -1.9952841229e+02    3.2004700000e+05    5.4240461101e-01    9.9690895150e-01
       161   -7.6423017349e+01    5.8426950998e+03   -1.5262996070e+02    7.6206943352e+01    3.7280841954e+01    9.1895337630e+00   -1.9910033642e+02    3.2015100000e+05    5.3819295223e-01    9.9697323914e-01
       162   -7.6416328171e+01    5.8415173604e+03   -1.5354175957e+02    7.7125431397e+01    3.7318563566e+01    9.1895337630e+00   -2.0004985690e+02    3.2017100000e+05    5.3899930601e-01    9.9690182630e-01
       163   -7.6421862607e+01    5.8424080194e+03   -1.5342379943e+02    7.7001936822e+01    3.7292015382e+01    9.1895337630e+00   -1.9990534857e+02    3.2061200000e+05    5.3915812021e-01    9.9684393123e-01
       164   -7.6418972313e+01    5.8422595565e+03   -1.5248426359e+02    7.6065291279e+01    3.7241903482e+01    9.1895337630e+00   -1.9891570084e+02    3.2026300000e+05    5.3922596323e-01    9.9693276460e-01
       165   -7.6418118036e+01    5.8417488168e+03   -1.5242909293e+02    7.6010974894e+01    3.7237462464e+01    9.1895337630e+00   -1.9885608916e+02    3.2011300000e+05    5.3935436927e-01    9.9692208321e-01
       166   -7.6419781073e+01    5.8421152647e+03   -1.5291172851e+02    7.6491947440e+01    3.7242412402e+01    9.1895337630e+00   -1.9934367468e+02    3.1980500000e+05    5.4056372511e-01    9.9690174218e-01
       167   -7.6426407531e+01    5.8435926581e+03   -1.5287812136e+02    7.6451713831e+01    3.7255828041e+01    9.1895337630e+00   -1.9932348317e+02    3.1959500000e+05    5.3832986320e-01    9.9687774000e-01
       168   -7.6430323459e+01    5.8437068918e+03   -1.5226600465e+02    7.5835681193e+01    3.7272305275e+01    9.1895337630e+00   -1.9872784369e+02    3.1978200000e+05    5.3867951436e-01    9.9695341622e-01
       169   -7.6420517765e+01    5.8423076949e+03   -1.5196728801e+02    7.5546770248e+01    3.7254885196e+01    9.1895337630e+00   -1.9841170697e+02    3.1991900000e+05    5.3890031423e-01    9.9690018419e-01
       170   -7.6425864886e+01    5.8430683818e+03   -1.5256636189e+02    7.6140497000e+01    3.7270527498e+01    9.1895337630e+00   -1.9902642315e+02    3.1998700000e+05    5.3839758848e-01    9.9692242250e-01
       171   -7.6421104176e+01    5.8424282492e+03   -1.5322777236e+02    7.6806668179e+01    3.7250980029e+01    9.1895337630e+00   -1.9966828615e+02    3.2007300000e+05    5.3951278982e-01    9.9686310195e-01
       172   -7.6430705069e+01    5.8437710657e+03   -1.5264092146e+02    7.6210216389e+01    3.7208154705e+01    9.1895337630e+00   -1.9903860993e+02    3.2051500000e+05    5.3962395949e-01    9.9698519724e-01
       173   -7.6429190682e+01    5.8434946117e+03   -1.5291475068e+02    7.6485559999e+01    3.7237329352e+01    9.1895337630e+00   -1.9934161380e+02    3.2083000000e+05    5.3845788468e-01    9.9690916599e-01
       174   -7.6430664502e+01    5.8437974350e+03   -1.5371631252e+02    7.7285648016e+01    3.7287963652e+01    9.1895337630e+00   -2.0019380993e+02    3.2073500000e+05    5.4019505740e-01    9.9690439926e-01
       175   -7.6424094088e+01    5.8430219444e+03   -1.5333937257e+02    7.6915278487e+01    3.7295064764e+01    9.1895337630e+00   -1.9982397110e+02    3.2063900000e+05    5.3957215921e-01    9.9679745372e-01
       176   -7.6417215128e+01    5.8417402040e+03   -1.5291931963e+02    7.6502104503e+01    3.7287902123e+01    9.1895337630e+00   -1.9939675552e+02    3.2057100000e+05    5.3924649720e-01    9.9693894270e-01
       177   -7.6418546962e+01    5.8420381259e+03   -1.5352944163e+02    7.7110894667e+01    3.7310515965e+01    9.1895337630e+00   -2.0002949136e+02    3.2001400000e+05    5.3801523930e-01    9.9683449353e-01
       178   -7.6427111312e+01    5.8432871782e+03   -1.5268387799e+02    7.6256766678e+01    3.7283776483e+01    9.1895337630e+00   -1.9915718824e+02    3.2008000000e+05    5.3894178598e-01    9.9687147514e-01
       179   -7.6421716159e+01    5.8424273613e+03   -1.5290623604e+02    7.6484519880e+01    3.7293857788e+01    9.1895337630e+00   -1.9938962759e+02    3.2017000000e+05    5.3833918611e-01    9.9695713763e-01
       180   -7.6419015706e+01    5.8420013448e+03   -1.5323348801e+02    7.6814472306e+01    3.7265158526e+01    9.1895337630e+00   -1.9968818030e+02    3.2019900000e+05    5.4238336810e-01    9.9686602362e-01
       181   -7.6432366338e+01    5.8442014829e+03   -1.5282466750e+02    7.6392301160e+01    3.7265260662e+01    9.1895337630e+00   -1.9927946192e+02    3.2037300000e+05    5.3967631684e-01    9.9687255952e-01
       182   -7.6426505122e+01    5.8433352562e+03   -1.5341454546e+02    7.6988040334e+01    3.7239191772e+01    9.1895337630e+00   -1.9984327099e+02    3.2045700000e+05    5.3840618737e-01    9.9690545441e-01
       183   -7.6429606581e+01    5.8434476317e+03   -1.5364703151e+02    7.7217424931e+01    3.7251100685e+01    9.1895337630e+00   -2.0008766596e+02    3.2064000000e+05    5.3997473506e-01    9.9683431709e-01
       184   -7.6425940370e+01    5.8429864107e+03   -1.5344381741e+02    7.7017877036e+01    3.7266802318e+01    9.1895337630e+00   -1.9990015349e+02    3.2037800000e+05    5.3917360177e-01    9.9688099005e-01
       185   -7.6423738397e+01    5.8426823684e+03   -1.5233722116e+02    7.5913482762e+01    3.7277017952e+01    9.1895337630e+00   -1.9880377287e+02    3.1994000000e+05    5.3957183346e-01    9.9692882899e-01
       186   -7.6421588473e+01    5.8424764611e+03   -1.5245054670e+02    7.6028958223e+01    3.7276590072e+01    9.1895337630e+00   -1.9891667053e+02    3.1998900000e+05    5.3879272081e-01    9.9687689770e-01
       187   -7.6428139947e+01    5.8433898942e+03   -1.5256454040e+02    7.6136400449e+01    3.7236482626e+01    9.1895337630e+00   -1.9899055679e+02    3.1981000000e+05    5.3883440688e-01    9.9690146171e-01
       188   -7.6427180382e+01    5.8432724158e+03   -1.5283051636e+02    7.6403335979e+01    3.7226633660e+01    9.1895337630e+00   -1.9924668378e+02    3.1989400000e+05    5.4049953835e-01    9.9691531087e-01
       189   -7.6415323075e+01    5.8413860648e+03   -1.5230148647e+02    7.5886163399e+01    3.7240483846e+01    9.1895337630e+00   -1.9873150408e+02    3.1986100000e+05    5.4006449406e-01    9.9690994102e-01
       190   -7.6415674587e+01    5.8416363462e+03   -1.5320382884e+02    7.6788154250e+01    3.7294489964e+01    9.1895337630e+00   -1.9968785256e+02    3.1980100000e+05    5.3934641521e-01    9.9687996359e-01
       191   -7.6418388052e+01    5.8420175564e+03   -1.5325248135e+02    7.6834093302e+01    3.7286536773e+01    9.1895337630e+00   -1.9972855189e+02    3.2038300000e+05    5.4139000985e-01    9.9687372463e-01
       192   -7.6412288130e+01    5.8410935950e+03   -1.5411403362e+02    7.7701745490e+01    3.7274458548e+01    9.1895337630e+00   -2.0057802593e+02    3.2076500000e+05    5.3934669802e-01    9.9688801899e-01
       193   -7.6407885903e+01    5.8403922154e+03   -1.5337213833e+02    7.6964252429e+01    3.7279866648e+01    9.1895337630e+00   -1.9984153874e+02    3.2034000000e+05    5.3952027661e-01    9.9692066026e-01
       194   -7.6420914802e+01    5.8426979108e+03   -1.5366051081e+02    7.7239596004e+01    3.7304930012e+01    9.1895337630e+00   -2.0015497458e+02    3.2014400000e+05    5.3925571669e-01    9.9693548212e-01
       195   -7.6421610739e+01    5.8424639753e+03   -1.5320378174e+02    7.6782170998e+01    3.7286037869e+01    9.1895337630e+00   -1.9967935337e+02    3.2019400000e+05    5.3831141910e-01    9.9688164433e-01
       196   -7.6418738338e+01    5.8422088241e+03   -1.5304155068e+02    7.6622812344e+01    3.7250412698e+01    9.1895337630e+00   -1.9948149714e+02    3.2002100000e+05    5.3854151957e-01    9.9687749061e-01
       197   -7.6419146133e+01    5.8422890172e+03   -1.5325473084e+02    7.6835584709e+01    3.7249222792e+01    9.1895337630e+00   -1.9969348740e+02    3.1972300000e+05    5.3878236678e-01    9.9685057972e-01
       198   -7.6415269720e+01    5.8420047702e+03   -1.5320701770e+02    7.6791747978e+01    3.7229547545e+01    9.1895337630e+00   -1.9962609901e+02    3.2017800000e+05    5.3955644146e-01    9.9691890889e-01
       199   -7.6430599903e+01    5.8439078026e+03   -1.5301264763e+02    7.6582047725e+01    3.7257991457e+01    9.1895337630e+00   -1.9946017285e+02    3.2096600000e+05    5.3933614334e-01    9.9689686717e-01
