#   index    LocalEnergy         LocalEnergy_sq      LocalPotential      Kinetic             ElecElec            IonIon              IonElec             BlockWeight         BlockCPU            AcceptRatio         
         0   -7.6382517909e+01    5.8375580836e+03   -1.5248658875e+02    7.6104070838e+01    3.7311081470e+01    9.1895337630e+00   -1.9898720398e+02    8.1920000000e+03    1.3041768907e-02    3.0887451172e-01
         1   -7.6375208319e+01    5.8367079024e+03   -1.5233032424e+02    7.5955115920e+01    3.7333478911e+01    9.1895337630e+00   -1.9885333691e+02    8.1920000000e+03    1.3050960403e-02    3.1040527344e-01
         2   -7.6384346207e+01    5.8380356997e+03   -1.5210643385e+02    7.5722087641e+01    3.7292547295e+01    9.1895337630e+00   -1.9858851491e+02    8.1920000000e+03    1.3043115015e-02    3.1075195313e-01
         3   -7.6383950036e+01    5.8382014150e+03   -1.5228661441e+02    7.5902664371e+01    3.7325859983e+01    9.1895337630e+00   -1.9880200815e+02    8.1920000000e+03    1.3045655803e-02    3.0963378906e-01
         4   -7.6367397457e+01    5.8354135634e+03   -1.5206763240e+02    7.5700234940e+01    3.7282386862e+01    9.1895337630e+00   -1.9853955302e+02    8.1920000000e+03    1.3051087446e-02    3.1077392578e-01
         5   -7.6382459272e+01    5.8373064313e+03   -1.5250984578e+02    7.6127386505e+01    3.7298592856e+01    9.1895337630e+00   -1.9899797240e+02    8.1920000000e+03    1.3043264373e-02    3.1128662109e-01
         6   -7.6376877704e+01    5.8366691451e+03   -1.5243895091e+02    7.6062073202e+01    3.7311325933e+01    9.1895337630e+00   -1.9893981060e+02    8.1920000000e+03    1.3041587980e-02    3.0982421875e-01
         7   -7.6387028369e+01    5.8380424153e+03   -1.5255618634e+02    7.6169157967e+01    3.7257782800e+01    9.1895337630e+00   -1.9900350290e+02    8.1920000000e+03    1.3053491159e-02    3.0936035156e-01
         8   -7.6378272569e+01    5.8369288422e+03   -1.5272040653e+02    7.6342133957e+01    3.7318954426e+01    9.1895337630e+00   -1.9922889472e+02    8.1920000000e+03    1.3041473075e-02    3.1040527344e-01
         9   -7.6375349711e+01    5.8365585434e+03   -1.5285530387e+02    7.6479954156e+01    3.7291167735e+01    9.1895337630e+00   -1.9933600536e+02    8.1920000000e+03    1.3043561442e-02    3.1081787109e-01
        10   -7.6379633167e+01    5.8371243731e+03   -1.5301663155e+02    7.6636998380e+01    3.7317503263e+01    9.1895337630e+00   -1.9952366857e+02    8.1920000000e+03    1.3052382307e-02    3.1137695313e-01
        11   -7.6361507431e+01    5.8345104045e+03   -1.5271278009e+02    7.6351272663e+01    3.7272063922e+01    9.1895337630e+00   -1.9917437778e+02    8.1920000000e+03    1.3046837035e-02    3.1100585938e-01
        12   -7.6329801922e+01    5.8295812647e+03   -1.5298411040e+02    7.6654308477e+01    3.7204107345e+01    9.1895337630e+00   -1.9937775151e+02    8.1920000000e+03    1.3042778208e-02    3.0982910156e-01
        13   -7.6398165435e+01    5.8395910263e+03   -1.5311360468e+02    7.6715439243e+01    3.7207915170e+01    9.1895337630e+00   -1.9951105361e+02    8.1920000000e+03    1.3050471037e-02    3.0953613281e-01
        14   -7.6372422596e+01    5.8369415567e+03   -1.5319521760e+02    7.6822795000e+01    3.7384926317e+01    9.1895337630e+00   -1.9976967768e+02    8.1920000000e+03    1.3042251959e-02    3.1044189453e-01
        15   -7.6383989819e+01    5.8376268598e+03   -1.5324987432e+02    7.6865884500e+01    3.7359727494e+01    9.1895337630e+00   -1.9979913558e+02    8.1920000000e+03    1.3046042939e-02    3.0997802734e-01
        16   -7.6347189403e+01    5.8318803899e+03   -1.5324848374e+02    7.6901294341e+01    3.7266248214e+01    9.1895337630e+00   -1.9970426572e+02    8.1920000000e+03    1.3042594837e-02    3.1061035156e-01
        17   -7.6367117030e+01    5.8351097213e+03   -1.5331077508e+02    7.6943658046e+01    3.7342665462e+01    9.1895337630e+00   -1.9984297430e+02    8.1920000000e+03    1.3051885790e-02    3.1081542969e-01
        18   -7.6366215596e+01    5.8356827561e+03   -1.5287836417e+02    7.6512148579e+01    3.7251678766e+01    9.1895337630e+00   -1.9931957670e+02    8.1920000000e+03    1.3041774750e-02    3.1000244141e-01
        19   -7.6367989590e+01    5.8357143942e+03   -1.5306988696e+02    7.6701897366e+01    3.7330028199e+01    9.1895337630e+00   -1.9958944892e+02    8.1920000000e+03    1.3045769857e-02    3.1047851563e-01
        20   -7.6361714611e+01    5.8345596910e+03   -1.5300795673e+02    7.6646242119e+01    3.7290774579e+01    9.1895337630e+00   -1.9948826507e+02    8.1920000000e+03    1.3052596741e-02    3.1118896484e-01
        21   -7.6371802141e+01    5.8359551248e+03   -1.5323634094e+02    7.6864538797e+01    3.7371257355e+01    9.1895337630e+00   -1.9979713206e+02    8.1920000000e+03    1.3042495954e-02    3.1076171875e-01
        22   -7.6366897725e+01    5.8351033998e+03   -1.5305113355e+02    7.6684235829e+01    3.7348149046e+01    9.1895337630e+00   -1.9958881636e+02    8.1920000000e+03    1.3043245930e-02    3.1075683594e-01
        23   -7.6376066571e+01    5.8370379975e+03   -1.5367286146e+02    7.7296794892e+01    3.7387095891e+01    9.1895337630e+00   -2.0024949112e+02    8.1920000000e+03    1.3052907995e-02    3.0964111328e-01
        24   -7.6352624501e+01    5.8329326395e+03   -1.5374037755e+02    7.7387753050e+01    3.7360457932e+01    9.1895337630e+00   -2.0029036925e+02    8.1920000000e+03    1.3041338913e-02    3.0927001953e-01
        25   -7.6360402899e+01    5.8338681524e+03   -1.5319323553e+02    7.6832832635e+01    3.7262008293e+01    9.1895337630e+00   -1.9964477759e+02    8.1920000000e+03    1.3042957589e-02    3.1045410156e-01
        26   -7.6378713454e+01    5.8366138997e+03   -1.5289966118e+02    7.6520947723e+01    3.7350092729e+01    9.1895337630e+00   -1.9943928767e+02    8.1920000000e+03    1.3050620783e-02    3.0988525391e-01
        27   -7.6412013487e+01    5.8421978049e+03   -1.5310765296e+02    7.6695639469e+01    3.7382282094e+01    9.1895337630e+00   -1.9967946881e+02    8.1920000000e+03    1.3045251447e-02    3.0996337891e-01
        28   -7.6407816260e+01    5.8413454681e+03   -1.5292600692e+02    7.6518190662e+01    3.7184034735e+01    9.1895337630e+00   -1.9929957542e+02    8.1920000000e+03    1.3043726823e-02    3.1192626953e-01
        29   -7.6399940906e+01    5.8409254762e+03   -1.5280355788e+02    7.6403616969e+01    3.7298454777e+01    9.1895337630e+00   -1.9929154642e+02    8.1920000000e+03    1.3049942427e-02    3.1024902344e-01
        30   -7.6347196354e+01    5.8324500910e+03   -1.5256312999e+02    7.6215933635e+01    3.7277351399e+01    9.1895337630e+00   -1.9903001515e+02    8.1920000000e+03    1.3043667416e-02    3.1081787109e-01
        31   -7.6366591095e+01    5.8349658382e+03   -1.5243343407e+02    7.6066842973e+01    3.7104868873e+01    9.1895337630e+00   -1.9872783670e+02    8.1920000000e+03    1.3044382742e-02    3.0899902344e-01
        32   -7.6343089857e+01    5.8311683892e+03   -1.5235731679e+02    7.6014226928e+01    3.7213261172e+01    9.1895337630e+00   -1.9876011172e+02    8.1920000000e+03    1.3048148950e-02    3.0918457031e-01
        33   -7.6378334950e+01    5.8368196594e+03   -1.5232461308e+02    7.5946278126e+01    3.7298461183e+01    9.1895337630e+00   -1.9881260802e+02    8.1920000000e+03    1.3042900449e-02    3.1067382813e-01
        34   -7.6360182686e+01    5.8346281388e+03   -1.5204717281e+02    7.5686990125e+01    3.7174053295e+01    9.1895337630e+00   -1.9841075987e+02    8.1920000000e+03    1.3043254551e-02    3.1043701172e-01
        35   -7.6370272662e+01    5.8353872512e+03   -1.5220682242e+02    7.5836549761e+01    3.7205416234e+01    9.1895337630e+00   -1.9860177242e+02    8.1920000000e+03    1.3055025715e-02    3.1139160156e-01
        36   -7.6386438967e+01    5.8379476782e+03   -1.5240396342e+02    7.6017524455e+01    3.7220807093e+01    9.1895337630e+00   -1.9881430428e+02    8.1920000000e+03    1.3042908934e-02    3.1063232422e-01
        37   -7.6343983725e+01    5.8311460844e+03   -1.5245567161e+02    7.6111687881e+01    3.7314266084e+01    9.1895337630e+00   -1.9895947145e+02    8.1920000000e+03    1.3042400809e-02    3.1055664062e-01
        38   -7.6361104064e+01    5.8339768240e+03   -1.5278427541e+02    7.6423171344e+01    3.7331898296e+01    9.1895337630e+00   -1.9930570747e+02    8.1920000000e+03    1.3049328758e-02    3.0939941406e-01
        39   -7.6363743725e+01    5.8345145380e+03   -1.5309221404e+02    7.6728470315e+01    3.7496330183e+01    9.1895337630e+00   -1.9977807799e+02    8.1920000000e+03    1.3043897997e-02    3.0902587891e-01
        40   -7.6392701030e+01    5.8390620672e+03   -1.5316507993e+02    7.6772378904e+01    3.7393708925e+01    9.1895337630e+00   -1.9974832262e+02    8.1920000000e+03    1.3041783566e-02    3.0998779297e-01
        41   -7.6378644173e+01    5.8366217149e+03   -1.5304109219e+02    7.6662448021e+01    3.7451782057e+01    9.1895337630e+00   -1.9968240801e+02    8.1920000000e+03    1.3052233953e-02    3.1087890625e-01
        42   -7.6386855378e+01    5.8379350945e+03   -1.5292104277e+02    7.6534187397e+01    3.7347528194e+01    9.1895337630e+00   -1.9945810473e+02    8.1920000000e+03    1.3041687438e-02    3.1017822266e-01
        43   -7.6388008540e+01    5.8381269925e+03   -1.5272642384e+02    7.6338415301e+01    3.7478269524e+01    9.1895337630e+00   -1.9939422713e+02    8.1920000000e+03    1.3045896112e-02    3.1013916016e-01
        44   -7.6388670887e+01    5.8385234918e+03   -1.5262702044e+02    7.6238349551e+01    3.7367855979e+01    9.1895337630e+00   -1.9918441018e+02    8.1920000000e+03    1.3040608823e-02    3.0814697266e-01
        45   -7.6399499148e+01    5.8401636966e+03   -1.5276804136e+02    7.6368542210e+01    3.7459820305e+01    9.1895337630e+00   -1.9941739543e+02    8.1920000000e+03    1.3050409982e-02    3.0920410156e-01
        46   -7.6404441616e+01    5.8407251672e+03   -1.5274259609e+02    7.6338154470e+01    3.7311689354e+01    9.1895337630e+00   -1.9924381920e+02    8.1920000000e+03    1.3042571011e-02    3.1031982422e-01
        47   -7.6393081903e+01    5.8387749319e+03   -1.5241516388e+02    7.6022081978e+01    3.7288452367e+01    9.1895337630e+00   -1.9889315001e+02    8.1920000000e+03    1.3046889365e-02    3.1103759766e-01
        48   -7.6375278263e+01    5.8363119018e+03   -1.5230782674e+02    7.5932548481e+01    3.7325931648e+01    9.1895337630e+00   -1.9882329215e+02    8.1920000000e+03    1.3049825181e-02    3.1020507813e-01
        49   -7.6350100021e+01    5.8325620109e+03   -1.5223945599e+02    7.5889355967e+01    3.7357312169e+01    9.1895337630e+00   -1.9878630192e+02    8.1920000000e+03    1.3042567076e-02    3.1006347656e-01
        50   -7.6401597263e+01    5.8402816409e+03   -1.5251449578e+02    7.6112898514e+01    3.7348143596e+01    9.1895337630e+00   -1.9905217314e+02    8.1920000000e+03    1.3043482571e-02    3.1050781250e-01
        51   -7.6402093040e+01    5.8404585351e+03   -1.5297239921e+02    7.6570306168e+01    3.7363359654e+01    9.1895337630e+00   -1.9952529262e+02    8.1920000000e+03    1.3054648402e-02    3.1033203125e-01
        52   -7.6376991784e+01    5.8366019266e+03   -1.5276339111e+02    7.6386399321e+01    3.7237480470e+01    9.1895337630e+00   -1.9919040534e+02    8.1920000000e+03    1.3042142820e-02    3.1062255859e-01
        53   -7.6381161013e+01    5.8369989487e+03   -1.5270540323e+02    7.6324242215e+01    3.7216446469e+01    9.1895337630e+00   -1.9911138346e+02    8.1920000000e+03    1.3044154432e-02    3.1168457031e-01
        54   -7.6359064038e+01    5.8341549691e+03   -1.5283842933e+02    7.6479365288e+01    3.7222936264e+01    9.1895337630e+00   -1.9925089935e+02    8.1920000000e+03    1.3050237494e-02    3.0955810547e-01
        55   -7.6351363358e+01    5.8332067232e+03   -1.5320214750e+02    7.6850784147e+01    3.7277690906e+01    9.1895337630e+00   -1.9966937217e+02    8.1920000000e+03    1.3044748651e-02    3.0997558594e-01
        56   -7.6407540224e+01    5.8410121619e+03   -1.5307072751e+02    7.6663187284e+01    3.7323135229e+01    9.1895337630e+00   -1.9958339650e+02    8.1920000000e+03    1.3043629739e-02    3.1159423828e-01
        57   -7.6395483747e+01    5.8393498239e+03   -1.5337899880e+02    7.6983515055e+01    3.7332284497e+01    9.1895337630e+00   -1.9990081706e+02    8.1920000000e+03    1.3052295901e-02    3.1084228516e-01
        58   -7.6390433546e+01    5.8391387649e+03   -1.5320675833e+02    7.6816324787e+01    3.7285562356e+01    9.1895337630e+00   -1.9968185445e+02    8.1920000000e+03    1.3042738950e-02    3.1068603516e-01
        59   -7.6394789853e+01    5.8392811367e+03   -1.5300936066e+02    7.6614570807e+01    3.7275920597e+01    9.1895337630e+00   -1.9947481502e+02    8.1920000000e+03    1.3046227623e-02    3.1057617188e-01
        60   -7.6372374164e+01    5.8360486620e+03   -1.5273290254e+02    7.6360528380e+01    3.7216697033e+01    9.1895337630e+00   -1.9913913334e+02    8.1920000000e+03    1.3052108208e-02    3.1133300781e-01
        61   -7.6429982295e+01    5.8455369347e+03   -1.5286453863e+02    7.6434556338e+01    3.7230228527e+01    9.1895337630e+00   -1.9928430092e+02    8.1920000000e+03    1.3041638018e-02    3.1078857422e-01
        62   -7.6409748004e+01    5.8430691364e+03   -1.5323946723e+02    7.6829719229e+01    3.7384669234e+01    9.1895337630e+00   -1.9981367023e+02    8.1920000000e+03    1.3042670924e-02    3.1033203125e-01
        63   -7.6399265559e+01    5.8402410907e+03   -1.5327346105e+02    7.6874195491e+01    3.7296361625e+01    9.1895337630e+00   -1.9975935644e+02    8.1920000000e+03    1.3054783880e-02    3.1024414062e-01
        64   -7.6401803590e+01    5.8408725759e+03   -1.5312353793e+02    7.6721734342e+01    3.7305274792e+01    9.1895337630e+00   -1.9961834649e+02    8.1920000000e+03    1.3040994366e-02    3.0980468750e-01
        65   -7.6373172358e+01    5.8360436794e+03   -1.5322189753e+02    7.6848725177e+01    3.7296068455e+01    9.1895337630e+00   -1.9970749975e+02    8.1920000000e+03    1.3042173647e-02    3.0999511719e-01
        66   -7.6385789633e+01    5.8379308988e+03   -1.5329614557e+02    7.6910355939e+01    3.7329477900e+01    9.1895337630e+00   -1.9981515724e+02    8.1920000000e+03    1.3051067708e-02    3.0978027344e-01
        67   -7.6391103589e+01    5.8386935295e+03   -1.5294482792e+02    7.6553724332e+01    3.7319715363e+01    9.1895337630e+00   -1.9945407705e+02    8.1920000000e+03    1.3045289982e-02    3.0975830078e-01
        68   -7.6380350798e+01    5.8368519605e+03   -1.5330450645e+02    7.6924155655e+01    3.7383828374e+01    9.1895337630e+00   -1.9987786859e+02    8.1920000000e+03    1.3042643332e-02    3.1108642578e-01
        69   -7.6402318453e+01    5.8408315666e+03   -1.5358738065e+02    7.7185062193e+01    3.7358252878e+01    9.1895337630e+00   -2.0013516729e+02    8.1920000000e+03    1.3043025673e-02    3.1073974609e-01
        70   -7.6377222517e+01    5.8366598083e+03   -1.5374633602e+02    7.7369113500e+01    3.7323630313e+01    9.1895337630e+00   -2.0025950009e+02    8.1920000000e+03    1.3051882782e-02    3.1079101563e-01
        71   -7.6422106324e+01    5.8440387855e+03   -1.5360141964e+02    7.7179313312e+01    3.7318766292e+01    9.1895337630e+00   -2.0010971969e+02    8.1920000000e+03    1.3045988493e-02    3.1065917969e-01
        72   -7.6399069116e+01    5.8416969670e+03   -1.5350412805e+02    7.7105058935e+01    3.7307472859e+01    9.1895337630e+00   -2.0000113467e+02    8.1920000000e+03    1.3041819513e-02    3.0995117187e-01
        73   -7.6368246867e+01    5.8353350952e+03   -1.5333903758e+02    7.6970790708e+01    3.7338693469e+01    9.1895337630e+00   -1.9986726481e+02    8.1920000000e+03    1.3051894230e-02    3.1004638672e-01
        74   -7.6398530467e+01    5.8397683875e+03   -1.5341774573e+02    7.7019215262e+01    3.7287260634e+01    9.1895337630e+00   -1.9989454013e+02    8.1920000000e+03    1.3039896694e-02    3.0831787109e-01
        75   -7.6370777935e+01    5.8356461639e+03   -1.5363283088e+02    7.7262052949e+01    3.7336772636e+01    9.1895337630e+00   -2.0015913728e+02    8.1920000000e+03    1.3045961509e-02    3.1054443359e-01
        76   -7.6356558885e+01    5.8334944634e+03   -1.5360063950e+02    7.7244080613e+01    3.7175966290e+01    9.1895337630e+00   -1.9996613955e+02    8.1920000000e+03    1.3050172145e-02    3.0975341797e-01
        77   -7.6375111838e+01    5.8370433368e+03   -1.5351385971e+02    7.7138747875e+01    3.7267571259e+01    9.1895337630e+00   -1.9997096474e+02    8.1920000000e+03    1.3043758095e-02    3.1128662109e-01
        78   -7.6375367505e+01    5.8366517389e+03   -1.5366318541e+02    7.7287817905e+01    3.7308912632e+01    9.1895337630e+00   -2.0016163181e+02    8.1920000000e+03    1.3042668369e-02    3.1104736328e-01
        79   -7.6385984055e+01    5.8383011879e+03   -1.5377461159e+02    7.7388627530e+01    3.7230963302e+01    9.1895337630e+00   -2.0019510865e+02    8.1920000000e+03    1.3053449502e-02    3.0982666016e-01
