#   index    LocalEnergy         LocalEnergy_sq      LocalPotential      Kinetic             ElecElec            IonIon              IonElec             BlockWeight         BlockCPU            AcceptRatio         
         0   -7.6598386372e+01    5.8723883137e+03   -1.3514236242e+02    5.8543976052e+01    3.7290244767e+01    9.1895337630e+00   -1.8162214095e+02    8.1920000000e+03    1.6183315349e-02    3.1108642578e-01
         1   -7.6557045093e+01    5.8658294740e+03   -1.3592404606e+02    5.9367000968e+01    3.7380681353e+01    9.1895337630e+00   -1.8249426118e+02    8.1920000000e+03    1.6172988295e-02    3.1024658203e-01
         2   -7.6526384997e+01    5.8612838151e+03   -1.3632904522e+02    5.9802660218e+01    3.7356832889e+01    9.1895337630e+00   -1.8287541187e+02    8.1920000000e+03    1.6180105280e-02    3.1035400391e-01
         3   -7.6543934333e+01    5.8637362514e+03   -1.3685034633e+02    6.0306412000e+01    3.7382090078e+01    9.1895337630e+00   -1.8342197017e+02    8.1920000000e+03    1.6169031074e-02    3.0973632812e-01
         4   -7.6560258370e+01    5.8665437647e+03   -1.3727919951e+02    6.0718941142e+01    3.7472994968e+01    9.1895337630e+00   -1.8394172824e+02    8.1920000000e+03    1.6177220956e-02    3.1139648438e-01
         5   -7.6548400316e+01    5.8645232962e+03   -1.3753229860e+02    6.0983898283e+01    3.7397486059e+01    9.1895337630e+00   -1.8411931842e+02    8.1920000000e+03    1.6181285180e-02    3.1002929688e-01
         6   -7.6531734677e+01    5.8617364328e+03   -1.3800611131e+02    6.1474376636e+01    3.7428590767e+01    9.1895337630e+00   -1.8462423584e+02    8.1920000000e+03    1.6173987048e-02    3.1134521484e-01
         7   -7.6514052565e+01    5.8592179409e+03   -1.3836793206e+02    6.1853879499e+01    3.7425353312e+01    9.1895337630e+00   -1.8498281914e+02    8.1920000000e+03    1.6166764430e-02    3.0949462891e-01
         8   -7.6497881603e+01    5.8566674971e+03   -1.3891633580e+02    6.2418454198e+01    3.7419200940e+01    9.1895337630e+00   -1.8552507050e+02    8.1920000000e+03    1.6168464864e-02    3.0992187500e-01
         9   -7.6491754828e+01    5.8558688959e+03   -1.3955000419e+02    6.3058249364e+01    3.7529273742e+01    9.1895337630e+00   -1.8626881170e+02    8.1920000000e+03    1.6162153357e-02    3.0997558594e-01
        10   -7.6510321695e+01    5.8585613977e+03   -1.3962385643e+02    6.3113534739e+01    3.7392698433e+01    9.1895337630e+00   -1.8620608863e+02    8.1920000000e+03    1.6156371266e-02    3.0974365234e-01
        11   -7.6500913504e+01    5.8570763783e+03   -1.4012650699e+02    6.3625593484e+01    3.7360693368e+01    9.1895337630e+00   -1.8667673412e+02    8.1920000000e+03    1.6170111758e-02    3.1037353516e-01
        12   -7.6520471720e+01    5.8601554483e+03   -1.4041320338e+02    6.3892731655e+01    3.7487841956e+01    9.1895337630e+00   -1.8709057909e+02    8.1920000000e+03    1.6171223548e-02    3.1109375000e-01
        13   -7.6436896295e+01    5.8476192433e+03   -1.4076605058e+02    6.4329154280e+01    3.7555396812e+01    9.1895337630e+00   -1.8751098115e+02    8.1920000000e+03    1.6173944086e-02    3.1099609375e-01
        14   -7.6485164386e+01    5.8546826683e+03   -1.4101408334e+02    6.4528918954e+01    3.7595975286e+01    9.1895337630e+00   -1.8779959239e+02    8.1920000000e+03    1.6173374126e-02    3.1027832031e-01
        15   -7.6472924579e+01    5.8532622191e+03   -1.4164457850e+02    6.5171653925e+01    3.7616145649e+01    9.1895337630e+00   -1.8845025792e+02    8.1920000000e+03    1.6157259098e-02    3.0950927734e-01
        16   -7.6451059934e+01    5.8499445122e+03   -1.4190722819e+02    6.5456168255e+01    3.7548019177e+01    9.1895337630e+00   -1.8864478113e+02    8.1920000000e+03    1.6160823689e-02    3.0976562500e-01
        17   -7.6465165461e+01    5.8524300223e+03   -1.4211225055e+02    6.5647085093e+01    3.7578143929e+01    9.1895337630e+00   -1.8887992825e+02    8.1920000000e+03    1.6178927637e-02    3.1072021484e-01
        18   -7.6452875585e+01    5.8502667058e+03   -1.4239612229e+02    6.5943246710e+01    3.7576397447e+01    9.1895337630e+00   -1.8916205350e+02    8.1920000000e+03    1.6157945814e-02    3.0974121094e-01
        19   -7.6442891511e+01    5.8481299447e+03   -1.4264900818e+02    6.6206116665e+01    3.7581583272e+01    9.1895337630e+00   -1.8942012521e+02    8.1920000000e+03    1.6162540245e-02    3.0937988281e-01
        20   -7.6405696117e+01    5.8426356914e+03   -1.4270638502e+02    6.6300688906e+01    3.7642521235e+01    9.1895337630e+00   -1.8953844002e+02    8.1920000000e+03    1.6170746020e-02    3.1015625000e-01
        21   -7.6428421144e+01    5.8465676574e+03   -1.4323591210e+02    6.6807490960e+01    3.7728372933e+01    9.1895337630e+00   -1.9015381880e+02    8.1920000000e+03    1.6181179445e-02    3.0945068359e-01
        22   -7.6423410689e+01    5.8457289851e+03   -1.4352231721e+02    6.7098906520e+01    3.7626037337e+01    9.1895337630e+00   -1.9033788831e+02    8.1920000000e+03    1.6166153995e-02    3.0946777344e-01
        23   -7.6420802086e+01    5.8451101459e+03   -1.4341542612e+02    6.6994624032e+01    3.7674521069e+01    9.1895337630e+00   -1.9027948095e+02    8.1920000000e+03    1.6176876477e-02    3.0967529297e-01
        24   -7.6433922032e+01    5.8469888360e+03   -1.4394117943e+02    6.7507257400e+01    3.7654553153e+01    9.1895337630e+00   -1.9078526635e+02    8.1920000000e+03    1.6178410528e-02    3.1076171875e-01
        25   -7.6435335224e+01    5.8470705855e+03   -1.4392912780e+02    6.7493792571e+01    3.7562468901e+01    9.1895337630e+00   -1.9068113046e+02    8.1920000000e+03    1.6169824369e-02    3.0964843750e-01
        26   -7.6417761057e+01    5.8446832467e+03   -1.4459208117e+02    6.8174320109e+01    3.7627483209e+01    9.1895337630e+00   -1.9140909814e+02    8.1920000000e+03    1.6156626456e-02    3.0872314453e-01
        27   -7.6438006456e+01    5.8478936648e+03   -1.4495926861e+02    6.8521262155e+01    3.7614835847e+01    9.1895337630e+00   -1.9176363822e+02    8.1920000000e+03    1.6166442857e-02    3.0892333984e-01
        28   -7.6418077791e+01    5.8447679476e+03   -1.4501572093e+02    6.8597643140e+01    3.7707564874e+01    9.1895337630e+00   -1.9191281957e+02    8.1920000000e+03    1.6159588178e-02    3.0982666016e-01
        29   -7.6464418256e+01    5.8515905255e+03   -1.4514380793e+02    6.8679389674e+01    3.7668091838e+01    9.1895337630e+00   -1.9200143353e+02    8.1920000000e+03    1.6173659322e-02    3.1054199219e-01
        30   -7.6458113030e+01    5.8508980156e+03   -1.4512527195e+02    6.8667158922e+01    3.7549887770e+01    9.1895337630e+00   -1.9186469349e+02    8.1920000000e+03    1.6171302617e-02    3.0948242188e-01
        31   -7.6495443061e+01    5.8563312678e+03   -1.4494822412e+02    6.8452781063e+01    3.7600061169e+01    9.1895337630e+00   -1.9173781906e+02    8.1920000000e+03    1.6172448953e-02    3.1014160156e-01
        32   -7.6460175084e+01    5.8509561272e+03   -1.4493996063e+02    6.8479785542e+01    3.7565278128e+01    9.1895337630e+00   -1.9169477252e+02    8.1920000000e+03    1.6152495926e-02    3.0849121094e-01
        33   -7.6450000330e+01    5.8499861746e+03   -1.4554613344e+02    6.9096133110e+01    3.7634368809e+01    9.1895337630e+00   -1.9237003601e+02    8.1920000000e+03    1.6170798825e-02    3.1026367188e-01
        34   -7.6417072872e+01    5.8445233583e+03   -1.4537527234e+02    6.8958199468e+01    3.7619394348e+01    9.1895337630e+00   -1.9218420045e+02    8.1920000000e+03    1.6169957484e-02    3.1121337891e-01
        35   -7.6422005349e+01    5.8461070411e+03   -1.4574445778e+02    6.9322452426e+01    3.7487238715e+01    9.1895337630e+00   -1.9242123025e+02    8.1920000000e+03    1.6170532458e-02    3.1114990234e-01
        36   -7.6395937662e+01    5.8417956405e+03   -1.4626852122e+02    6.9872583561e+01    3.7650316494e+01    9.1895337630e+00   -1.9310837148e+02    8.1920000000e+03    1.6162975146e-02    3.0954589844e-01
        37   -7.6419252521e+01    5.8453906570e+03   -1.4657658453e+02    7.0157332010e+01    3.7730663691e+01    9.1895337630e+00   -1.9349678199e+02    8.1920000000e+03    1.6159530921e-02    3.0970458984e-01
        38   -7.6425103160e+01    5.8457134715e+03   -1.4659739245e+02    7.0172289294e+01    3.7786312064e+01    9.1895337630e+00   -1.9357323828e+02    8.1920000000e+03    1.6164958659e-02    3.0962402344e-01
        39   -7.6404620884e+01    5.8427930279e+03   -1.4642486659e+02    7.0020245704e+01    3.7758737425e+01    9.1895337630e+00   -1.9337313778e+02    8.1920000000e+03    1.6178346625e-02    3.0981689453e-01
