#   index    LocalEnergy         LocalEnergy_sq      LocalPotential      Kinetic             ElecElec            IonIon              LocalECP            NonLocalECP         BlockWeight         BlockCPU            AcceptRatio         
         0   -1.7224046376e+01    2.9705195956e+02   -3.0968195749e+01    1.3744149374e+01    1.7111015739e+01    6.9795078914e+00   -5.7057084171e+01    1.9983647917e+00    2.6720000000e+03    1.3619568944e-01    3.7703967066e-01
         1   -1.7259832671e+01    2.9828122257e+02   -3.0907941435e+01    1.3648108764e+01    1.7037312833e+01    6.9795078914e+00   -5.6713840449e+01    1.7890782893e+00    2.6720000000e+03    1.3695466518e-01    3.7991205090e-01
         2   -1.7238118364e+01    2.9755584323e+02   -3.0833451278e+01    1.3595332913e+01    1.7178470241e+01    6.9795078914e+00   -5.6809530705e+01    1.8181012944e+00    2.6720000000e+03    1.3451603055e-01    3.7948166168e-01
         3   -1.7251523207e+01    2.9806310988e+02   -3.0589819730e+01    1.3338296523e+01    1.6955287522e+01    6.9795078914e+00   -5.6361629745e+01    1.8370146012e+00    2.6720000000e+03    1.3555261493e-01    3.8383233533e-01
         4   -1.7245603605e+01    2.9785303747e+02   -3.0912238903e+01    1.3666635298e+01    1.7261694746e+01    6.9795078914e+00   -5.7064236160e+01    1.9107946192e+00    2.6720000000e+03    1.3882637024e-01    3.8033308383e-01
         5   -1.7228423195e+01    2.9720900179e+02   -3.0793110384e+01    1.3564687188e+01    1.7102553136e+01    6.9795078914e+00   -5.6732951238e+01    1.8577798270e+00    2.6720000000e+03    1.3341557980e-01    3.7986526946e-01
         6   -1.7238215314e+01    2.9761614274e+02   -3.0935303516e+01    1.3697088202e+01    1.7228886962e+01    6.9795078914e+00   -5.6870941160e+01    1.7272427900e+00    2.6720000000e+03    1.3732793927e-01    3.7745134731e-01
         7   -1.7235662603e+01    2.9751791649e+02   -3.1011013082e+01    1.3775350479e+01    1.7126050351e+01    6.9795078914e+00   -5.7052242432e+01    1.9356711078e+00    2.6720000000e+03    1.3519555330e-01    3.8260666168e-01
         8   -1.7249287980e+01    2.9790873960e+02   -3.1007968238e+01    1.3758680258e+01    1.7188190326e+01    6.9795078914e+00   -5.7029172073e+01    1.8535056168e+00    2.6720000000e+03    1.3661295176e-01    3.7866766467e-01
         9   -1.7226318782e+01    2.9712107615e+02   -3.0701833429e+01    1.3475514647e+01    1.7120573932e+01    6.9795078914e+00   -5.6639323746e+01    1.8374084929e+00    2.6720000000e+03    1.3421815634e-01    3.7966878743e-01
        10   -1.7204638851e+01    2.9639400565e+02   -3.0872878561e+01    1.3668239711e+01    1.6985728238e+01    6.9795078914e+00   -5.6627163581e+01    1.7890488901e+00    2.6720000000e+03    1.3330972195e-01    3.8559131737e-01
        11   -1.7243880687e+01    2.9769087855e+02   -3.0778907393e+01    1.3535026706e+01    1.7155658006e+01    6.9795078914e+00   -5.6806448072e+01    1.8923747815e+00    2.6720000000e+03    1.3950225711e-01    3.7938809880e-01
        12   -1.7234960894e+01    2.9751286103e+02   -3.0698261256e+01    1.3463300362e+01    1.7109191928e+01    6.9795078914e+00   -5.6698996098e+01    1.9120350219e+00    2.6720000000e+03    1.3896480203e-01    3.8219498503e-01
        13   -1.7263833332e+01    2.9847992906e+02   -3.0874941671e+01    1.3611108340e+01    1.7161565677e+01    6.9795078914e+00   -5.6937408064e+01    1.9213928246e+00    2.6720000000e+03    1.4075425267e-01    3.7924775449e-01
        14   -1.7236837106e+01    2.9752973205e+02   -3.0667941989e+01    1.3431104883e+01    1.7045800729e+01    6.9795078914e+00   -5.6566253815e+01    1.8730032059e+00    2.6720000000e+03    1.3469272852e-01    3.7860217066e-01
        15   -1.7251413498e+01    2.9799936121e+02   -3.0596006255e+01    1.3344592757e+01    1.7120313855e+01    6.9795078914e+00   -5.6516248524e+01    1.8204205229e+00    2.6720000000e+03    1.4092263579e-01    3.8097866766e-01
        16   -1.7208554228e+01    2.9652030632e+02   -3.0666279845e+01    1.3457725617e+01    1.7158606085e+01    6.9795078914e+00   -5.6728769957e+01    1.9243761355e+00    2.6720000000e+03    1.3802510500e-01    3.8043600299e-01
        17   -1.7240827853e+01    2.9770797893e+02   -3.0948248702e+01    1.3707420849e+01    1.7153014239e+01    6.9795078914e+00   -5.6845560616e+01    1.7647897838e+00    2.6720000000e+03    1.3600689173e-01    3.7718001497e-01
        18   -1.7227501627e+01    2.9717164917e+02   -3.1137815264e+01    1.3910313637e+01    1.7139036986e+01    6.9795078914e+00   -5.7041557803e+01    1.7851976616e+00    2.6720000000e+03    1.3674300909e-01    3.7526197605e-01
        19   -1.7243019825e+01    2.9771527996e+02   -3.0987918686e+01    1.3744898861e+01    1.7109553606e+01    6.9795078914e+00   -5.7053766231e+01    1.9767860477e+00    2.6720000000e+03    1.3586416841e-01    3.7995883234e-01
        20   -1.7233474102e+01    2.9741311888e+02   -3.1392953844e+01    1.4159479742e+01    1.7241755362e+01    6.9795078914e+00   -5.7418151544e+01    1.8039344462e+00    2.6720000000e+03    1.3708958030e-01    3.7674962575e-01
        21   -1.7250581042e+01    2.9799561066e+02   -3.0938193705e+01    1.3687612663e+01    1.7091088238e+01    6.9795078914e+00   -5.7000858675e+01    1.9920688405e+00    2.6720000000e+03    1.3529449701e-01    3.7873315868e-01
        22   -1.7247044290e+01    2.9795716131e+02   -3.0738414606e+01    1.3491370315e+01    1.7224939217e+01    6.9795078914e+00   -5.6945872541e+01    2.0030108264e+00    2.6720000000e+03    1.4126980305e-01    3.7969685629e-01
        23   -1.7248336443e+01    2.9797732834e+02   -3.0746342421e+01    1.3498005979e+01    1.7095082782e+01    6.9795078914e+00   -5.6555566087e+01    1.7346329927e+00    2.6720000000e+03    1.3889071345e-01    3.8223241018e-01
        24   -1.7266705525e+01    2.9863404968e+02   -3.1103599184e+01    1.3836893659e+01    1.7124374921e+01    6.9795078914e+00   -5.7262485912e+01    2.0550039158e+00    2.6720000000e+03    1.3719305396e-01    3.8038922156e-01
        25   -1.7251363215e+01    2.9807959315e+02   -3.0890116978e+01    1.3638753763e+01    1.7230053459e+01    6.9795078914e+00   -5.7033459593e+01    1.9337812644e+00    2.6720000000e+03    1.3870435953e-01    3.7810628743e-01
        26   -1.7241253432e+01    2.9761954261e+02   -3.0810627097e+01    1.3569373665e+01    1.7047214886e+01    6.9795078914e+00   -5.6666574834e+01    1.8292249592e+00    2.6720000000e+03    1.3368350267e-01    3.8468375749e-01
        27   -1.7264880991e+01    2.9859849300e+02   -3.0615657065e+01    1.3350776074e+01    1.6905458510e+01    6.9795078914e+00   -5.6487362291e+01    1.9867388248e+00    2.6720000000e+03    1.4095839858e-01    3.7978106287e-01
        28   -1.7227677447e+01    2.9714050280e+02   -3.0841421518e+01    1.3613744070e+01    1.7160242529e+01    6.9795078914e+00   -5.6879946687e+01    1.8987747489e+00    2.6720000000e+03    1.3846269250e-01    3.8020209581e-01
        29   -1.7237146791e+01    2.9750966604e+02   -3.0808085967e+01    1.3570939176e+01    1.7029712240e+01    6.9795078914e+00   -5.6846246737e+01    2.0289406379e+00    2.6720000000e+03    1.3608431816e-01    3.7848053892e-01
        30   -1.7230080266e+01    2.9724117212e+02   -3.0816201786e+01    1.3586121520e+01    1.6971677883e+01    6.9795078914e+00   -5.6627815978e+01    1.8604284171e+00    2.6720000000e+03    1.3354784250e-01    3.8270022455e-01
        31   -1.7199342475e+01    2.9648944899e+02   -3.0531066239e+01    1.3331723764e+01    1.7002213558e+01    6.9795078914e+00   -5.6190777922e+01    1.6779902330e+00    2.6720000000e+03    1.3359332085e-01    3.8519835329e-01
        32   -1.7232448777e+01    2.9726493522e+02   -3.1094016346e+01    1.3861567569e+01    1.7177431092e+01    6.9795078914e+00   -5.7151891071e+01    1.9009357420e+00    2.6720000000e+03    1.3838145137e-01    3.7669348802e-01
        33   -1.7252785033e+01    2.9810576254e+02   -3.0620239031e+01    1.3367453997e+01    1.7069158333e+01    6.9795078914e+00   -5.6544054094e+01    1.8751488389e+00    2.6720000000e+03    1.3282832503e-01    3.8108158683e-01
        34   -1.7253490180e+01    2.9814437719e+02   -3.0759795963e+01    1.3506305783e+01    1.7165083838e+01    6.9795078914e+00   -5.6895336048e+01    1.9909483552e+00    2.6720000000e+03    1.3738563657e-01    3.8164296407e-01
        35   -1.7231062705e+01    2.9736265406e+02   -3.1017929850e+01    1.3786867144e+01    1.7056871546e+01    6.9795078914e+00   -5.6947377276e+01    1.8930679890e+00    2.6720000000e+03    1.3254556060e-01    3.7939745509e-01
        36   -1.7243995947e+01    2.9785798920e+02   -3.0686649933e+01    1.3442653987e+01    1.7052124207e+01    6.9795078914e+00   -5.6617928252e+01    1.8996462196e+00    2.6720000000e+03    1.3623657823e-01    3.8227919162e-01
        37   -1.7238075261e+01    2.9759708084e+02   -3.1044610514e+01    1.3806535253e+01    1.7163330776e+01    6.9795078914e+00   -5.7065293294e+01    1.8778441130e+00    2.6720000000e+03    1.3386711478e-01    3.7812500000e-01
        38   -1.7240569159e+01    2.9761302113e+02   -3.0615672246e+01    1.3375103087e+01    1.7209620327e+01    6.9795078914e+00   -5.6624416949e+01    1.8196164847e+00    2.6720000000e+03    1.3586011529e-01    3.8134356287e-01
        39   -1.7237770056e+01    2.9756775021e+02   -3.1100096043e+01    1.3862325987e+01    1.7244964952e+01    6.9795078914e+00   -5.7183223774e+01    1.8586548876e+00    2.6720000000e+03    1.4267483354e-01    3.8141841317e-01
        40   -1.7244983356e+01    2.9784931303e+02   -3.0704857729e+01    1.3459874372e+01    1.6986424095e+01    6.9795078914e+00   -5.6399847701e+01    1.7290579863e+00    2.6720000000e+03    1.4077165723e-01    3.8352357784e-01
        41   -1.7253004371e+01    2.9804839669e+02   -3.1010408025e+01    1.3757403653e+01    1.7211299121e+01    6.9795078914e+00   -5.7160983752e+01    1.9597687155e+00    2.6720000000e+03    1.4188888669e-01    3.7732035928e-01
        42   -1.7237838220e+01    2.9751822280e+02   -3.0829898143e+01    1.3592059923e+01    1.7093284336e+01    6.9795078914e+00   -5.6810727156e+01    1.9080367855e+00    2.6720000000e+03    1.3390240073e-01    3.7880800898e-01
        43   -1.7235257562e+01    2.9741112766e+02   -3.0506361483e+01    1.3271103920e+01    1.7009200208e+01    6.9795078914e+00   -5.6219472220e+01    1.7244026379e+00    2.6720000000e+03    1.4065393806e-01    3.8299026946e-01
        44   -1.7243573176e+01    2.9774027364e+02   -3.0913372625e+01    1.3669799449e+01    1.7188517024e+01    6.9795078914e+00   -5.7022868847e+01    1.9414713072e+00    2.6720000000e+03    1.3622456789e-01    3.8223241018e-01
        45   -1.7247344175e+01    2.9787657887e+02   -3.0628676810e+01    1.3381332635e+01    1.7084283212e+01    6.9795078914e+00   -5.6759585242e+01    2.0671173280e+00    2.6720000000e+03    1.3546356559e-01    3.7884543413e-01
        46   -1.7256376406e+01    2.9828303635e+02   -3.1112272234e+01    1.3855895828e+01    1.7202215937e+01    6.9795078914e+00   -5.7267521389e+01    1.9735253260e+00    2.6720000000e+03    1.3966161013e-01    3.7958458084e-01
        47   -1.7257053974e+01    2.9839533692e+02   -3.1126950062e+01    1.3869896088e+01    1.7248380514e+01    6.9795078914e+00   -5.7210355594e+01    1.8555171263e+00    2.6720000000e+03    1.3573700190e-01    3.8193300898e-01
        48   -1.7241307126e+01    2.9766665899e+02   -3.1038234144e+01    1.3796927019e+01    1.7243891898e+01    6.9795078914e+00   -5.7098644984e+01    1.8370110496e+00    2.6720000000e+03    1.3543918729e-01    3.8034244012e-01
        49   -1.7235203829e+01    2.9742174985e+02   -3.0822929125e+01    1.3587725296e+01    1.7090955781e+01    6.9795078914e+00   -5.6845038078e+01    1.9516452797e+00    2.6720000000e+03    1.3483965397e-01    3.7879865269e-01
        50   -1.7245954289e+01    2.9785038425e+02   -3.0970894773e+01    1.3724940484e+01    1.7137022611e+01    6.9795078914e+00   -5.6955212248e+01    1.8677869728e+00    2.6720000000e+03    1.4095947146e-01    3.7932260479e-01
        51   -1.7240911744e+01    2.9761247416e+02   -3.0949892787e+01    1.3708981042e+01    1.7111804208e+01    6.9795078914e+00   -5.6799672272e+01    1.7584673852e+00    2.6720000000e+03    1.3893398643e-01    3.8066991018e-01
        52   -1.7219344916e+01    2.9685416219e+02   -3.0784366305e+01    1.3565021389e+01    1.7065363941e+01    6.9795078914e+00   -5.6528661979e+01    1.6994238422e+00    2.6720000000e+03    1.4098984003e-01    3.8225112275e-01
        53   -1.7241196791e+01    2.9772230171e+02   -3.0783356888e+01    1.3542160097e+01    1.7186375299e+01    6.9795078914e+00   -5.6846980766e+01    1.8977406872e+00    2.6720000000e+03    1.3940218091e-01    3.7747005988e-01
        54   -1.7232108873e+01    2.9731370124e+02   -3.1050971861e+01    1.3818862988e+01    1.7262544963e+01    6.9795078914e+00   -5.7234301562e+01    1.9412768473e+00    2.6720000000e+03    1.3506153226e-01    3.7811564371e-01
        55   -1.7221160264e+01    2.9692374397e+02   -3.0944732375e+01    1.3723572110e+01    1.7196751913e+01    6.9795078914e+00   -5.6837142730e+01    1.7161505514e+00    2.6720000000e+03    1.3423284888e-01    3.7775074850e-01
        56   -1.7235711377e+01    2.9747755351e+02   -3.0702380073e+01    1.3466668696e+01    1.7026882803e+01    6.9795078914e+00   -5.6612255905e+01    1.9034851379e+00    2.6720000000e+03    1.3483273983e-01    3.8056699102e-01
        57   -1.7227506869e+01    2.9722117174e+02   -3.0946080408e+01    1.3718573539e+01    1.7119971823e+01    6.9795078914e+00   -5.6861916768e+01    1.8163566446e+00    2.6720000000e+03    1.3902449608e-01    3.8036115269e-01
        58   -1.7235581820e+01    2.9747347352e+02   -3.1133221958e+01    1.3897640139e+01    1.7127163793e+01    6.9795078914e+00   -5.7143810380e+01    1.9039167368e+00    2.6720000000e+03    1.3410794735e-01    3.8050149701e-01
        59   -1.7237770541e+01    2.9755410615e+02   -3.1028822881e+01    1.3791052340e+01    1.7003991328e+01    6.9795078914e+00   -5.6975636370e+01    1.9633142698e+00    2.6720000000e+03    1.3278925419e-01    3.8121257485e-01
        60   -1.7248401887e+01    2.9790365385e+02   -3.0809672311e+01    1.3561270423e+01    1.6985320913e+01    6.9795078914e+00   -5.6567320292e+01    1.7928191770e+00    2.6720000000e+03    1.3916119933e-01    3.8146519461e-01
        61   -1.7246752175e+01    2.9787389060e+02   -3.0789486975e+01    1.3542734800e+01    1.7022391589e+01    6.9795078914e+00   -5.6587436595e+01    1.7960501389e+00    2.6720000000e+03    1.3476029038e-01    3.8258794910e-01
        62   -1.7245913399e+01    2.9785881014e+02   -3.0848296376e+01    1.3602382976e+01    1.7396196289e+01    6.9795078914e+00   -5.7083330757e+01    1.8593302010e+00    2.6720000000e+03    1.3578483462e-01    3.8141841317e-01
        63   -1.7234977801e+01    2.9748165851e+02   -3.1027831977e+01    1.3792854175e+01    1.7094611495e+01    6.9795078914e+00   -5.6923928771e+01    1.8219774077e+00    2.6720000000e+03    1.3375267386e-01    3.8252245509e-01
        64   -1.7232189840e+01    2.9734737906e+02   -3.0791179305e+01    1.3558989465e+01    1.7040803808e+01    6.9795078914e+00   -5.6502665210e+01    1.6911742046e+00    2.6720000000e+03    1.3594499230e-01    3.8154940120e-01
        65   -1.7224439760e+01    2.9705625777e+02   -3.0381675787e+01    1.3157236027e+01    1.6878324334e+01    6.9795078914e+00   -5.6129191516e+01    1.8896835036e+00    2.6720000000e+03    1.3423970342e-01    3.8218562874e-01
        66   -1.7222635078e+01    2.9697176348e+02   -3.0755395871e+01    1.3532760793e+01    1.7042206646e+01    6.9795078914e+00   -5.6632166168e+01    1.8550557597e+00    2.6720000000e+03    1.3495951891e-01    3.8237275449e-01
        67   -1.7217748901e+01    2.9691263312e+02   -3.0674150981e+01    1.3456402080e+01    1.7107976678e+01    6.9795078914e+00   -5.6562438976e+01    1.8008034253e+00    2.6720000000e+03    1.3879439235e-01    3.8111901198e-01
        68   -1.7226812215e+01    2.9720095393e+02   -3.1005122814e+01    1.3778310599e+01    1.7274189635e+01    6.9795078914e+00   -5.7045581327e+01    1.7867609866e+00    2.6720000000e+03    1.3830074668e-01    3.8081025449e-01
        69   -1.7244214851e+01    2.9774108593e+02   -3.0982582727e+01    1.3738367876e+01    1.7121497752e+01    6.9795078914e+00   -5.6967306583e+01    1.8837182124e+00    2.6720000000e+03    1.4067181945e-01    3.8015531437e-01
        70   -1.7234216155e+01    2.9741642971e+02   -3.0983588432e+01    1.3749372277e+01    1.7226008158e+01    6.9795078914e+00   -5.7137142313e+01    1.9480378322e+00    2.6720000000e+03    1.3993480802e-01    3.8092252994e-01
        71   -1.7220651981e+01    2.9691639618e+02   -3.0585700577e+01    1.3365048596e+01    1.7043601783e+01    6.9795078914e+00   -5.6497567451e+01    1.8887571998e+00    2.6720000000e+03    1.3993465900e-01    3.8054827844e-01
        72   -1.7263852021e+01    2.9849131902e+02   -3.0713177288e+01    1.3449325266e+01    1.7018228888e+01    6.9795078914e+00   -5.6675990064e+01    1.9650759973e+00    2.6720000000e+03    1.3655343652e-01    3.8296220060e-01
        73   -1.7246347008e+01    2.9781701783e+02   -3.0833882907e+01    1.3587535899e+01    1.7191806376e+01    6.9795078914e+00   -5.6946639667e+01    1.9414424927e+00    2.6720000000e+03    1.3823366165e-01    3.8349550898e-01
        74   -1.7240723498e+01    2.9765728512e+02   -3.1031729876e+01    1.3791006378e+01    1.7141264697e+01    6.9795078914e+00   -5.6997743499e+01    1.8452410350e+00    2.6720000000e+03    1.3706767559e-01    3.8021145210e-01
        75   -1.7235375147e+01    2.9745493854e+02   -3.1030492587e+01    1.3795117440e+01    1.7128766269e+01    6.9795078914e+00   -5.6962394488e+01    1.8236277411e+00    2.6720000000e+03    1.3435664773e-01    3.8021145210e-01
        76   -1.7239430187e+01    2.9763402537e+02   -3.0877432892e+01    1.3638002705e+01    1.7172578818e+01    6.9795078914e+00   -5.6795372478e+01    1.7658528767e+00    2.6720000000e+03    1.3495317101e-01    3.8008982036e-01
        77   -1.7236691181e+01    2.9749761867e+02   -3.0609752563e+01    1.3373061382e+01    1.7077127119e+01    6.9795078914e+00   -5.6469986747e+01    1.8035991728e+00    2.6720000000e+03    1.3418126106e-01    3.8179266467e-01
        78   -1.7241788877e+01    2.9772725494e+02   -3.0919883800e+01    1.3678094924e+01    1.7104787225e+01    6.9795078914e+00   -5.6972436786e+01    1.9682578695e+00    2.6720000000e+03    1.4141955972e-01    3.8355164671e-01
        79   -1.7219746006e+01    2.9692723862e+02   -3.1102056625e+01    1.3882310619e+01    1.7132737953e+01    6.9795078914e+00   -5.7124025314e+01    1.9097228446e+00    2.6720000000e+03    1.3759601116e-01    3.8029565868e-01
