#   index    LocalEnergy         LocalEnergy_sq      LocalPotential      Kinetic             ElecElec            IonIon              IonElec             BlockWeight         BlockCPU            AcceptRatio         
         0   -7.6398983415e+01    5.8396882816e+03   -1.5360992016e+02    7.7210936743e+01    3.7196174516e+01    9.1895337630e+00   -1.9999562844e+02    8.1920000000e+03    3.8256707116e-01    3.1010253906e-01
         1   -7.6416505736e+01    5.8424436063e+03   -1.5353937665e+02    7.7122870915e+01    3.7183591997e+01    9.1895337630e+00   -1.9991250241e+02    8.1920000000e+03    3.8251663416e-01    3.0916259766e-01
         2   -7.6433468071e+01    5.8451380060e+03   -1.5402243163e+02    7.7588963557e+01    3.7262834947e+01    9.1895337630e+00   -2.0047480034e+02    8.1920000000e+03    3.8249495390e-01    3.1013183594e-01
         3   -7.6445887693e+01    5.8469001003e+03   -1.5392478612e+02    7.7478898427e+01    3.7250247119e+01    9.1895337630e+00   -2.0036456700e+02    8.1920000000e+03    3.8254344294e-01    3.0955322266e-01
         4   -7.6399584438e+01    5.8401208347e+03   -1.5389681153e+02    7.7497227088e+01    3.7204333343e+01    9.1895337630e+00   -2.0029067863e+02    8.1920000000e+03    3.8251842479e-01    3.0845703125e-01
         5   -7.6403124609e+01    5.8403479379e+03   -1.5376083987e+02    7.7357715265e+01    3.7277012978e+01    9.1895337630e+00   -2.0022738661e+02    8.1920000000e+03    3.8254031454e-01    3.0984130859e-01
         6   -7.6403834772e+01    5.8408660658e+03   -1.5414746271e+02    7.7743627941e+01    3.7149281140e+01    9.1895337630e+00   -2.0048627762e+02    8.1920000000e+03    3.8252868689e-01    3.1102294922e-01
         7   -7.6400130687e+01    5.8408312727e+03   -1.5416966423e+02    7.7769533538e+01    3.7160679222e+01    9.1895337630e+00   -2.0051987721e+02    8.1920000000e+03    3.8252363500e-01    3.1076660156e-01
         8   -7.6425077284e+01    5.8441754582e+03   -1.5422476309e+02    7.7799685808e+01    3.7142155762e+01    9.1895337630e+00   -2.0055645262e+02    8.1920000000e+03    3.8249810092e-01    3.0975097656e-01
         9   -7.6413377362e+01    5.8419116194e+03   -1.5441581473e+02    7.8002437366e+01    3.7201728635e+01    9.1895337630e+00   -2.0080707713e+02    8.1920000000e+03    3.8252300272e-01    3.1079589844e-01
        10   -7.6431824757e+01    5.8452856072e+03   -1.5466455656e+02    7.8232731806e+01    3.7382033334e+01    9.1895337630e+00   -2.0123612366e+02    8.1920000000e+03    3.8251441058e-01    3.0939453125e-01
        11   -7.6411354302e+01    5.8419900223e+03   -1.5458835793e+02    7.8177003633e+01    3.7182342355e+01    9.1895337630e+00   -2.0096023405e+02    8.1920000000e+03    3.8251728177e-01    3.0837890625e-01
        12   -7.6428976789e+01    5.8449742811e+03   -1.5462906170e+02    7.8200084907e+01    3.7306635825e+01    9.1895337630e+00   -2.0112523128e+02    8.1920000000e+03    3.8250507023e-01    3.1063232422e-01
        13   -7.6421051271e+01    5.8433721208e+03   -1.5456631618e+02    7.8145264907e+01    3.7227759599e+01    9.1895337630e+00   -2.0098360954e+02    8.1920000000e+03    3.8249175985e-01    3.0968505859e-01
        14   -7.6399172554e+01    5.8400585206e+03   -1.5450209665e+02    7.8102924101e+01    3.7173784559e+01    9.1895337630e+00   -2.0086541498e+02    8.1920000000e+03    3.8251991162e-01    3.0968261719e-01
        15   -7.6404914313e+01    5.8407847036e+03   -1.5414080163e+02    7.7735887314e+01    3.7187620401e+01    9.1895337630e+00   -2.0051795579e+02    8.1920000000e+03    3.8249257436e-01    3.0927246094e-01
        16   -7.6403886335e+01    5.8406476367e+03   -1.5413120013e+02    7.7727313793e+01    3.7219280439e+01    9.1895337630e+00   -2.0054001433e+02    8.1920000000e+03    3.8249000466e-01    3.0888671875e-01
        17   -7.6410463765e+01    5.8413042540e+03   -1.5410530745e+02    7.7694843690e+01    3.7169832657e+01    9.1895337630e+00   -2.0046467387e+02    8.1920000000e+03    3.8249901991e-01    3.0927246094e-01
        18   -7.6402141719e+01    5.8400674195e+03   -1.5436921558e+02    7.7967073865e+01    3.7152924275e+01    9.1895337630e+00   -2.0071167362e+02    8.1920000000e+03    3.8252444259e-01    3.0951904297e-01
        19   -7.6424200508e+01    5.8436290955e+03   -1.5447344022e+02    7.8049239709e+01    3.7142661721e+01    9.1895337630e+00   -2.0080563570e+02    8.1920000000e+03    3.8255145125e-01    3.0912597656e-01
        20   -7.6413740328e+01    5.8419596313e+03   -1.5445815530e+02    7.8044414974e+01    3.7187966717e+01    9.1895337630e+00   -2.0083565578e+02    8.1920000000e+03    3.8250174167e-01    3.1095214844e-01
        21   -7.6413346744e+01    5.8419393323e+03   -1.5438096295e+02    7.7967616202e+01    3.7202988124e+01    9.1895337630e+00   -2.0077348483e+02    8.1920000000e+03    3.8253297467e-01    3.1060546875e-01
        22   -7.6431881985e+01    5.8453321485e+03   -1.5455332013e+02    7.8121438140e+01    3.7242357958e+01    9.1895337630e+00   -2.0098521185e+02    8.1920000000e+03    3.8252766813e-01    3.1052490234e-01
        23   -7.6407908653e+01    5.8417052738e+03   -1.5429067123e+02    7.7882762578e+01    3.7183890146e+01    9.1895337630e+00   -2.0066409514e+02    8.1920000000e+03    3.8249713871e-01    3.1033691406e-01
        24   -7.6440886198e+01    5.8462242824e+03   -1.5418804244e+02    7.7747156246e+01    3.7204872647e+01    9.1895337630e+00   -2.0058244885e+02    8.1920000000e+03    3.8249521740e-01    3.0963134766e-01
        25   -7.6443654972e+01    5.8467146847e+03   -1.5425648226e+02    7.7812827288e+01    3.7214911984e+01    9.1895337630e+00   -2.0066092801e+02    8.1920000000e+03    3.8249224742e-01    3.1023437500e-01
        26   -7.6427633509e+01    5.8440259514e+03   -1.5414276631e+02    7.7715132803e+01    3.7227744567e+01    9.1895337630e+00   -2.0056004464e+02    8.1920000000e+03    3.8252307938e-01    3.0922363281e-01
        27   -7.6421228055e+01    5.8432161591e+03   -1.5404149660e+02    7.7620268546e+01    3.7156669300e+01    9.1895337630e+00   -2.0038769966e+02    8.1920000000e+03    3.8253275658e-01    3.0905761719e-01
        28   -7.6435660876e+01    5.8454890056e+03   -1.5403406070e+02    7.7598399820e+01    3.7337390799e+01    9.1895337630e+00   -2.0056098526e+02    8.1920000000e+03    3.8495664686e-01    3.0808837891e-01
        29   -7.6461756942e+01    5.8496090539e+03   -1.5388542117e+02    7.7423664223e+01    3.7240730720e+01    9.1895337630e+00   -2.0031568565e+02    8.1920000000e+03    3.8250734702e-01    3.1005371094e-01
        30   -7.6436212236e+01    5.8456325157e+03   -1.5378881113e+02    7.7352598894e+01    3.7244349087e+01    9.1895337630e+00   -2.0022269398e+02    8.1920000000e+03    3.8247549787e-01    3.0982177734e-01
        31   -7.6431557295e+01    5.8454516806e+03   -1.5351517600e+02    7.7083618704e+01    3.7153056070e+01    9.1895337630e+00   -1.9985776583e+02    8.1920000000e+03    3.8251788860e-01    3.1024902344e-01
        32   -7.6407948506e+01    5.8415467447e+03   -1.5345255722e+02    7.7044608714e+01    3.7187162191e+01    9.1895337630e+00   -1.9982925317e+02    8.1920000000e+03    3.8249395112e-01    3.0943359375e-01
        33   -7.6426097149e+01    5.8468060418e+03   -1.5334306957e+02    7.6916972419e+01    3.7224784542e+01    9.1895337630e+00   -1.9975738787e+02    8.1920000000e+03    3.8247742119e-01    3.0940185547e-01
        34   -7.6399441625e+01    5.8398683810e+03   -1.5325222275e+02    7.6852781127e+01    3.7325981563e+01    9.1895337630e+00   -1.9976773808e+02    8.1920000000e+03    3.8250171280e-01    3.0943603516e-01
        35   -7.6384349729e+01    5.8372764533e+03   -1.5323957762e+02    7.6855227892e+01    3.7261016647e+01    9.1895337630e+00   -1.9969012803e+02    8.1920000000e+03    3.8250837469e-01    3.0980712891e-01
        36   -7.6416060485e+01    5.8423767612e+03   -1.5284547550e+02    7.6429415013e+01    3.7132779866e+01    9.1895337630e+00   -1.9916778913e+02    8.1920000000e+03    3.8252907841e-01    3.0868164063e-01
        37   -7.6401755496e+01    5.8399956276e+03   -1.5318164453e+02    7.6779889031e+01    3.7145988578e+01    9.1895337630e+00   -1.9951716687e+02    8.1920000000e+03    3.8248162520e-01    3.0972412109e-01
        38   -7.6409564686e+01    5.8413987040e+03   -1.5310194309e+02    7.6692378405e+01    3.7090796773e+01    9.1895337630e+00   -1.9938227363e+02    8.1920000000e+03    3.8254949864e-01    3.1052246094e-01
        39   -7.6398787654e+01    5.8396430995e+03   -1.5302517976e+02    7.6626392106e+01    3.7202081415e+01    9.1895337630e+00   -1.9941679494e+02    8.1920000000e+03    3.8250609093e-01    3.0970458984e-01
        40   -7.6432280886e+01    5.8451238064e+03   -1.5299843156e+02    7.6566150678e+01    3.7182586303e+01    9.1895337630e+00   -1.9937055163e+02    8.1920000000e+03    3.8251001088e-01    3.1140625000e-01
        41   -7.6419416305e+01    5.8433168598e+03   -1.5310798242e+02    7.6688566112e+01    3.7216621159e+01    9.1895337630e+00   -1.9951413734e+02    8.1920000000e+03    3.8253867057e-01    3.1055419922e-01
        42   -7.6432089009e+01    5.8468622124e+03   -1.5304653348e+02    7.6614444471e+01    3.7144090427e+01    9.1895337630e+00   -1.9938015767e+02    8.1920000000e+03    3.8252466519e-01    3.1015625000e-01
        43   -7.6386924611e+01    5.8448179175e+03   -1.5327300239e+02    7.6886077781e+01    3.7224098414e+01    9.1895337630e+00   -1.9968663457e+02    8.1920000000e+03    3.8252788456e-01    3.0959228516e-01
        44   -7.6403960111e+01    5.8409003970e+03   -1.5310317255e+02    7.6699212438e+01    3.7197451406e+01    9.1895337630e+00   -1.9949015772e+02    8.1920000000e+03    3.8254829503e-01    3.1183349609e-01
        45   -7.6396366746e+01    5.8393913834e+03   -1.5319703063e+02    7.6800663883e+01    3.7252873827e+01    9.1895337630e+00   -1.9963943822e+02    8.1920000000e+03    3.8249371974e-01    3.0969726562e-01
        46   -7.6400648200e+01    5.8400184804e+03   -1.5331504395e+02    7.6914395753e+01    3.7250994938e+01    9.1895337630e+00   -1.9975557265e+02    8.1920000000e+03    3.8245772347e-01    3.0888916016e-01
        47   -7.6417040521e+01    5.8429199181e+03   -1.5330016936e+02    7.6883128842e+01    3.7171156596e+01    9.1895337630e+00   -1.9966085972e+02    8.1920000000e+03    3.8252929101e-01    3.1086181641e-01
        48   -7.6430319578e+01    5.8446647847e+03   -1.5337046689e+02    7.6940147313e+01    3.7218322346e+01    9.1895337630e+00   -1.9977832300e+02    8.1920000000e+03    3.8248830564e-01    3.1001464844e-01
        49   -7.6459303591e+01    5.8495297367e+03   -1.5333216440e+02    7.6872860813e+01    3.7134247233e+01    9.1895337630e+00   -1.9965594540e+02    8.1920000000e+03    3.8256187039e-01    3.0947753906e-01
        50   -7.6413059361e+01    5.8425270470e+03   -1.5334854355e+02    7.6935484191e+01    3.7114420344e+01    9.1895337630e+00   -1.9965249766e+02    8.1920000000e+03    3.8252884636e-01    3.1058837891e-01
        51   -7.6394761616e+01    5.8394616260e+03   -1.5331986439e+02    7.6925102772e+01    3.7069875391e+01    9.1895337630e+00   -1.9957927354e+02    8.1920000000e+03    3.8249959071e-01    3.1054931641e-01
        52   -7.6393617486e+01    5.8389514338e+03   -1.5333324363e+02    7.6939626140e+01    3.7119935144e+01    9.1895337630e+00   -1.9964271253e+02    8.1920000000e+03    3.8252536478e-01    3.1090087891e-01
        53   -7.6403195755e+01    5.8412640135e+03   -1.5359802634e+02    7.7194830583e+01    3.7149558129e+01    9.1895337630e+00   -1.9993711823e+02    8.1920000000e+03    3.8254976810e-01    3.1149658203e-01
        54   -7.6418549619e+01    5.8431548906e+03   -1.5326156186e+02    7.6843012240e+01    3.7098234029e+01    9.1895337630e+00   -1.9954932965e+02    8.1920000000e+03    3.8252642505e-01    3.0994873047e-01
        55   -7.6419142161e+01    5.8428062834e+03   -1.5362538796e+02    7.7206245801e+01    3.7234713320e+01    9.1895337630e+00   -2.0004963504e+02    8.1920000000e+03    3.8251871213e-01    3.0931884766e-01
        56   -7.6430948407e+01    5.8445264105e+03   -1.5323362704e+02    7.6802678630e+01    3.7127454363e+01    9.1895337630e+00   -1.9955061516e+02    8.1920000000e+03    3.8249103294e-01    3.1087646484e-01
        57   -7.6421197662e+01    5.8432853726e+03   -1.5307174261e+02    7.6650544951e+01    3.7159866208e+01    9.1895337630e+00   -1.9942114258e+02    8.1920000000e+03    3.8250436613e-01    3.0983886719e-01
        58   -7.6405777575e+01    5.8421575072e+03   -1.5331425659e+02    7.6908479011e+01    3.7161791281e+01    9.1895337630e+00   -1.9966558163e+02    8.1920000000e+03    3.8256599198e-01    3.1164794922e-01
        59   -7.6418967722e+01    5.8432764875e+03   -1.5359373502e+02    7.7174767302e+01    3.7074154242e+01    9.1895337630e+00   -1.9985742303e+02    8.1920000000e+03    3.8252688547e-01    3.1070068359e-01
        60   -7.6413464995e+01    5.8423538444e+03   -1.5358785628e+02    7.7174391285e+01    3.7095127072e+01    9.1895337630e+00   -1.9987251711e+02    8.1920000000e+03    3.8243692633e-01    3.1121582031e-01
        61   -7.6430710205e+01    5.8452863559e+03   -1.5328893991e+02    7.6858229702e+01    3.7088285018e+01    9.1895337630e+00   -1.9956675869e+02    8.1920000000e+03    3.8252617955e-01    3.1178710938e-01
        62   -7.6412837382e+01    5.8422314486e+03   -1.5322078594e+02    7.6807948554e+01    3.7173025207e+01    9.1895337630e+00   -1.9958334491e+02    8.1920000000e+03    3.8249126065e-01    3.1093994141e-01
        63   -7.6408247807e+01    5.8410960625e+03   -1.5345445997e+02    7.7046212166e+01    3.7183351060e+01    9.1895337630e+00   -1.9982734480e+02    8.1920000000e+03    3.8247103780e-01    3.1063720703e-01
        64   -7.6426816264e+01    5.8454880623e+03   -1.5379498771e+02    7.7368171449e+01    3.7251119015e+01    9.1895337630e+00   -2.0023564049e+02    8.1920000000e+03    3.8571138898e-01    3.0985351563e-01
        65   -7.6408925934e+01    5.8417792896e+03   -1.5383786331e+02    7.7428937372e+01    3.7169451325e+01    9.1895337630e+00   -2.0019684839e+02    8.1920000000e+03    3.8251407580e-01    3.0930664063e-01
        66   -7.6431686734e+01    5.8454702948e+03   -1.5376258749e+02    7.7330900752e+01    3.7154719861e+01    9.1895337630e+00   -2.0010684111e+02    8.1920000000e+03    3.8250119075e-01    3.1049560547e-01
        67   -7.6440356803e+01    5.8467718641e+03   -1.5377402024e+02    7.7333663439e+01    3.7113787717e+01    9.1895337630e+00   -2.0007734172e+02    8.1920000000e+03    3.8254945500e-01    3.1020507813e-01
        68   -7.6447222342e+01    5.8470196021e+03   -1.5346372366e+02    7.7016501322e+01    3.7160457006e+01    9.1895337630e+00   -1.9981371443e+02    8.1920000000e+03    3.8251587899e-01    3.1027099609e-01
        69   -7.6473849757e+01    5.8516272574e+03   -1.5344873817e+02    7.6974888415e+01    3.7161662016e+01    9.1895337630e+00   -1.9979993395e+02    8.1920000000e+03    3.8250763907e-01    3.1055908203e-01
        70   -7.6424183833e+01    5.8447294392e+03   -1.5338675880e+02    7.6962574962e+01    3.7119292288e+01    9.1895337630e+00   -1.9969558485e+02    8.1920000000e+03    3.8251900202e-01    3.0970458984e-01
        71   -7.6412616331e+01    5.8429577510e+03   -1.5348789399e+02    7.7075277661e+01    3.7131777198e+01    9.1895337630e+00   -1.9980920495e+02    8.1920000000e+03    3.8248687963e-01    3.0996093750e-01
        72   -7.6410140514e+01    5.8417183902e+03   -1.5353411031e+02    7.7123969797e+01    3.7194531349e+01    9.1895337630e+00   -1.9991817542e+02    8.1920000000e+03    3.8251686702e-01    3.1081787109e-01
        73   -7.6416327150e+01    5.8426835410e+03   -1.5309514766e+02    7.6678820515e+01    3.7054125330e+01    9.1895337630e+00   -1.9933880676e+02    8.1920000000e+03    3.8251675628e-01    3.0961181641e-01
        74   -7.6411818476e+01    5.8417946407e+03   -1.5308519255e+02    7.6673374078e+01    3.7122831837e+01    9.1895337630e+00   -1.9939755815e+02    8.1920000000e+03    3.8251126004e-01    3.1056152344e-01
        75   -7.6460708604e+01    5.8491145554e+03   -1.5320849658e+02    7.6747787977e+01    3.7345456693e+01    9.1895337630e+00   -1.9974348704e+02    8.1920000000e+03    3.8246576152e-01    3.0825195313e-01
        76   -7.6377649531e+01    5.8365246657e+03   -1.5325968479e+02    7.6882035259e+01    3.7193584056e+01    9.1895337630e+00   -1.9964280261e+02    8.1920000000e+03    3.8249270134e-01    3.0843261719e-01
        77   -7.6416681249e+01    5.8431786755e+03   -1.5365370882e+02    7.7237027568e+01    3.7220701570e+01    9.1895337630e+00   -2.0006394415e+02    8.1920000000e+03    3.8249274246e-01    3.0961181641e-01
        78   -7.6417831672e+01    5.8429590726e+03   -1.5372759383e+02    7.7309762153e+01    3.7212788141e+01    9.1895337630e+00   -2.0012991573e+02    8.1920000000e+03    3.8253217880e-01    3.0863037109e-01
        79   -7.6425107217e+01    5.8442111482e+03   -1.5387111492e+02    7.7446007702e+01    3.7278144924e+01    9.1895337630e+00   -2.0033879361e+02    8.1920000000e+03    3.8253986870e-01    3.1007324219e-01
