#   index    LocalEnergy         LocalEnergy_sq      LocalPotential      Kinetic             ElecElec            IonIon              IonElec             BlockWeight         BlockCPU            AcceptRatio         
         0   -7.6354895536e+01    5.8357042474e+03   -1.4475940465e+02    6.8404509111e+01    3.6980279308e+01    9.1895337630e+00   -1.9092921772e+02    8.1920000000e+03    3.7901356027e-01    3.1009765625e-01
         1   -7.6389437234e+01    5.8409676448e+03   -1.4497115894e+02    6.8581721704e+01    3.7045218076e+01    9.1895337630e+00   -1.9120591078e+02    8.1920000000e+03    3.7900598271e-01    3.1014160156e-01
         2   -7.6378999535e+01    5.8388121848e+03   -1.4519821888e+02    6.8819219345e+01    3.6991943225e+01    9.1895337630e+00   -1.9137969587e+02    8.1920000000e+03    3.7915879994e-01    3.1086914063e-01
         3   -7.6378987776e+01    5.8386345598e+03   -1.4540038813e+02    6.9021400359e+01    3.7000275805e+01    9.1895337630e+00   -1.9159019770e+02    8.1920000000e+03    3.7901584768e-01    3.0784667969e-01
         4   -7.6382764707e+01    5.8396026493e+03   -1.4556561953e+02    6.9182854823e+01    3.6979842959e+01    9.1895337630e+00   -1.9173499625e+02    8.1920000000e+03    3.7899067529e-01    3.1008300781e-01
         5   -7.6372758220e+01    5.8378330755e+03   -1.4562335323e+02    6.9250595009e+01    3.7016540843e+01    9.1895337630e+00   -1.9182942783e+02    8.1920000000e+03    3.7894786175e-01    3.0939941406e-01
         6   -7.6378233042e+01    5.8391090904e+03   -1.4575209744e+02    6.9373864396e+01    3.7005440964e+01    9.1895337630e+00   -1.9194707216e+02    8.1920000000e+03    3.7899696450e-01    3.1039794922e-01
         7   -7.6374521541e+01    5.8388568754e+03   -1.4585897265e+02    6.9484451107e+01    3.7081522307e+01    9.1895337630e+00   -1.9213002872e+02    8.1920000000e+03    3.7897845237e-01    3.0943603516e-01
         8   -7.6372687158e+01    5.8394172480e+03   -1.4612863442e+02    6.9755947257e+01    3.7078867000e+01    9.1895337630e+00   -1.9239703518e+02    8.1920000000e+03    3.7902240975e-01    3.1092529297e-01
         9   -7.6368076453e+01    5.8376782717e+03   -1.4607275730e+02    6.9704680846e+01    3.7124196182e+01    9.1895337630e+00   -1.9238648724e+02    8.1920000000e+03    3.7895676753e-01    3.1011474609e-01
        10   -7.6420866687e+01    5.8454262903e+03   -1.4608895562e+02    6.9668088936e+01    3.7077300343e+01    9.1895337630e+00   -1.9235578973e+02    8.1920000000e+03    3.7902754316e-01    3.0909912109e-01
        11   -7.6394902104e+01    5.8417260364e+03   -1.4612289674e+02    6.9727994635e+01    3.7139847264e+01    9.1895337630e+00   -1.9245227777e+02    8.1920000000e+03    3.7898376641e-01    3.1123291016e-01
        12   -7.6336798711e+01    5.8324285186e+03   -1.4618575073e+02    6.9848952022e+01    3.7094613947e+01    9.1895337630e+00   -1.9246989844e+02    8.1920000000e+03    3.7898483670e-01    3.1133056641e-01
        13   -7.6378271601e+01    5.8405302570e+03   -1.4649520607e+02    7.0116934465e+01    3.7161401560e+01    9.1895337630e+00   -1.9284614139e+02    8.1920000000e+03    3.7898533377e-01    3.1046630859e-01
        14   -7.6349783942e+01    5.8343525132e+03   -1.4634514454e+02    6.9995360597e+01    3.7182943788e+01    9.1895337630e+00   -1.9271762209e+02    8.1920000000e+03    3.7903375972e-01    3.0835205078e-01
        15   -7.6357515566e+01    5.8360597099e+03   -1.4623846632e+02    6.9880950753e+01    3.7044582413e+01    9.1895337630e+00   -1.9247258249e+02    8.1920000000e+03    3.7895138818e-01    3.1033203125e-01
        16   -7.6337888253e+01    5.8328984512e+03   -1.4632520431e+02    6.9987316060e+01    3.7057144021e+01    9.1895337630e+00   -1.9257188210e+02    8.1920000000e+03    3.7906657270e-01    3.0992187500e-01
        17   -7.6314985434e+01    5.8295218638e+03   -1.4626869295e+02    6.9953707519e+01    3.7065158363e+01    9.1895337630e+00   -1.9252338508e+02    8.1920000000e+03    3.7897078717e-01    3.0984375000e-01
        18   -7.6345801012e+01    5.8341410859e+03   -1.4625786180e+02    6.9912060788e+01    3.6992701968e+01    9.1895337630e+00   -1.9244009753e+02    8.1920000000e+03    3.7896519914e-01    3.0969482422e-01
        19   -7.6358998545e+01    5.8364879416e+03   -1.4653867413e+02    7.0179675589e+01    3.7117726806e+01    9.1895337630e+00   -1.9284593470e+02    8.1920000000e+03    3.7901271864e-01    3.1000976563e-01
        20   -7.6359080686e+01    5.8362943164e+03   -1.4613702629e+02    6.9777945603e+01    3.7046495944e+01    9.1895337630e+00   -1.9237305600e+02    8.1920000000e+03    3.7898280821e-01    3.1046386719e-01
        21   -7.6340209744e+01    5.8331153529e+03   -1.4620699273e+02    6.9866782989e+01    3.7059346524e+01    9.1895337630e+00   -1.9245587302e+02    8.1920000000e+03    3.7900389561e-01    3.1071289063e-01
        22   -7.6360041656e+01    5.8367884722e+03   -1.4663227624e+02    7.0272234584e+01    3.7156235354e+01    9.1895337630e+00   -1.9297804536e+02    8.1920000000e+03    3.7899204391e-01    3.0938964844e-01
        23   -7.6357883093e+01    5.8356480999e+03   -1.4655612793e+02    7.0198244833e+01    3.7145202071e+01    9.1895337630e+00   -1.9289086376e+02    8.1920000000e+03    3.7901673155e-01    3.1000732422e-01
        24   -7.6322349902e+01    5.8308874548e+03   -1.4689671557e+02    7.0574365672e+01    3.6985519063e+01    9.1895337630e+00   -1.9307176840e+02    8.1920000000e+03    3.7897755000e-01    3.1006347656e-01
        25   -7.6357776714e+01    5.8356974504e+03   -1.4744523559e+02    7.1087458878e+01    3.7001711773e+01    9.1895337630e+00   -1.9363648113e+02    8.1920000000e+03    3.7896790109e-01    3.0871826172e-01
        26   -7.6334499816e+01    5.8320443606e+03   -1.4734378984e+02    7.1009290028e+01    3.6983926128e+01    9.1895337630e+00   -1.9351724973e+02    8.1920000000e+03    3.7899286213e-01    3.1022949219e-01
        27   -7.6366148485e+01    5.8367889386e+03   -1.4714917583e+02    7.0783027349e+01    3.6923141136e+01    9.1895337630e+00   -1.9326185073e+02    8.1920000000e+03    3.7899221735e-01    3.1034912109e-01
        28   -7.6345069541e+01    5.8341210010e+03   -1.4720409469e+02    7.0859025146e+01    3.6970823872e+01    9.1895337630e+00   -1.9336445232e+02    8.1920000000e+03    3.7902864813e-01    3.0895263672e-01
        29   -7.6347659354e+01    5.8345607253e+03   -1.4782303462e+02    7.1475375268e+01    3.7127667896e+01    9.1895337630e+00   -1.9414023628e+02    8.1920000000e+03    3.7901371839e-01    3.1059814453e-01
        30   -7.6375811612e+01    5.8390138122e+03   -1.4758397565e+02    7.1208164039e+01    3.7207440714e+01    9.1895337630e+00   -1.9398095013e+02    8.1920000000e+03    3.7898516774e-01    3.0916748047e-01
        31   -7.6364868602e+01    5.8368275744e+03   -1.4749298611e+02    7.1128117508e+01    3.7013977496e+01    9.1895337630e+00   -1.9369649737e+02    8.1920000000e+03    3.7899706798e-01    3.1009033203e-01
        32   -7.6385826600e+01    5.8399869321e+03   -1.4759051715e+02    7.1204690554e+01    3.7070776046e+01    9.1895337630e+00   -1.9385082696e+02    8.1920000000e+03    3.7903968940e-01    3.0862060547e-01
        33   -7.6412972606e+01    5.8447522591e+03   -1.4747790695e+02    7.1064934346e+01    3.7029926624e+01    9.1895337630e+00   -1.9369736734e+02    8.1920000000e+03    3.7902397591e-01    3.1069824219e-01
        34   -7.6377884236e+01    5.8388623133e+03   -1.4758124456e+02    7.1203360327e+01    3.7055779826e+01    9.1895337630e+00   -1.9382655815e+02    8.1920000000e+03    3.7905307022e-01    3.1015625000e-01
        35   -7.6414238872e+01    5.8468736228e+03   -1.4737135602e+02    7.0957117150e+01    3.7081870268e+01    9.1895337630e+00   -1.9364276005e+02    8.1920000000e+03    3.7901455548e-01    3.1027343750e-01
        36   -7.6341452432e+01    5.8334986210e+03   -1.4793195406e+02    7.1590501630e+01    3.7161228599e+01    9.1895337630e+00   -1.9428271642e+02    8.1920000000e+03    3.7899465560e-01    3.0939941406e-01
        37   -7.6352595541e+01    5.8350806707e+03   -1.4803756466e+02    7.1684969116e+01    3.7271893878e+01    9.1895337630e+00   -1.9449899230e+02    8.1920000000e+03    3.7903359507e-01    3.0931640625e-01
        38   -7.6338688345e+01    5.8334950905e+03   -1.4831495206e+02    7.1976263715e+01    3.7251955931e+01    9.1895337630e+00   -1.9475644175e+02    8.1920000000e+03    3.7921504970e-01    3.1003662109e-01
        39   -7.6341055562e+01    5.8336744114e+03   -1.4818093305e+02    7.1839877491e+01    3.7170447415e+01    9.1895337630e+00   -1.9454091423e+02    8.1920000000e+03    3.7903200297e-01    3.1045898438e-01
