#   index    LocalEnergy         LocalEnergy_sq      LocalPotential      Kinetic             ElecElec            IonIon              IonElec             BlockWeight         BlockCPU            AcceptRatio         
         0   -7.6403095902e+01    5.8427054336e+03   -1.5373194056e+02    7.7328844658e+01    3.7156037770e+01    9.1895337630e+00   -2.0007751209e+02    8.1920000000e+03    3.7895432635e-01    3.1030761719e-01
         1   -7.6336615169e+01    5.8503641307e+03   -1.5379676018e+02    7.7460145009e+01    3.7226351450e+01    9.1895337630e+00   -2.0021264539e+02    8.1920000000e+03    3.7892054951e-01    3.1007568359e-01
         2   -7.6398734570e+01    5.8422867652e+03   -1.5334897666e+02    7.6950242089e+01    3.7164155755e+01    9.1895337630e+00   -1.9970266618e+02    8.1920000000e+03    3.7894215137e-01    3.1019287109e-01
         3   -7.6370323376e+01    5.8378461328e+03   -1.5327888150e+02    7.6908558119e+01    3.7084992009e+01    9.1895337630e+00   -1.9955340727e+02    8.1920000000e+03    3.7889916413e-01    3.0959716797e-01
         4   -7.6355763174e+01    5.8361736745e+03   -1.5301582988e+02    7.6660066706e+01    3.7082606210e+01    9.1895337630e+00   -1.9928796985e+02    8.1920000000e+03    3.7889055452e-01    3.1026611328e-01
         5   -7.6377170894e+01    5.8388975628e+03   -1.5318594602e+02    7.6808775129e+01    3.7242655943e+01    9.1895337630e+00   -1.9961813573e+02    8.1920000000e+03    3.7897056499e-01    3.1033447266e-01
         6   -7.6378908269e+01    5.8393629926e+03   -1.5333222208e+02    7.6953313808e+01    3.7117943851e+01    9.1895337630e+00   -1.9963969969e+02    8.1920000000e+03    3.7892685833e-01    3.0915527344e-01
         7   -7.6384534385e+01    5.8402341740e+03   -1.5355044381e+02    7.7165909426e+01    3.7199241855e+01    9.1895337630e+00   -1.9993921943e+02    8.1920000000e+03    3.7896037204e-01    3.1101074219e-01
         8   -7.6408704967e+01    5.8459315579e+03   -1.5368178390e+02    7.7273078929e+01    3.7218741361e+01    9.1895337630e+00   -2.0009005902e+02    8.1920000000e+03    3.7890641131e-01    3.1008789063e-01
         9   -7.6376217799e+01    5.8395837496e+03   -1.5354478063e+02    7.7168562835e+01    3.7308860044e+01    9.1895337630e+00   -2.0004317444e+02    8.1920000000e+03    3.7895741587e-01    3.0952392578e-01
        10   -7.6381368892e+01    5.8399040991e+03   -1.5305584756e+02    7.6674478668e+01    3.7183877456e+01    9.1895337630e+00   -1.9942925878e+02    8.1920000000e+03    3.8010351772e-01    3.1018554687e-01
        11   -7.6414986731e+01    5.8453381425e+03   -1.5325094573e+02    7.6835958998e+01    3.7234225696e+01    9.1895337630e+00   -1.9967470519e+02    8.1920000000e+03    3.7889666449e-01    3.0927490234e-01
        12   -7.6399435038e+01    5.8428830530e+03   -1.5303703505e+02    7.6637600015e+01    3.7226304130e+01    9.1895337630e+00   -1.9945287295e+02    8.1920000000e+03    3.7892472857e-01    3.1055175781e-01
        13   -7.6423951544e+01    5.8474764976e+03   -1.5327640924e+02    7.6852457699e+01    3.7159677452e+01    9.1895337630e+00   -1.9962562046e+02    8.1920000000e+03    3.7895724220e-01    3.1038574219e-01
        14   -7.6411343868e+01    5.8449004626e+03   -1.5343501996e+02    7.7023676089e+01    3.7200353303e+01    9.1895337630e+00   -1.9982490702e+02    8.1920000000e+03    3.7893606303e-01    3.1003906250e-01
        15   -7.6362690737e+01    5.8372835372e+03   -1.5335756569e+02    7.6994874954e+01    3.7149481617e+01    9.1895337630e+00   -1.9969658107e+02    8.1920000000e+03    3.7893620635e-01    3.1056640625e-01
        16   -7.6424697711e+01    5.8464515055e+03   -1.5313067585e+02    7.6705978137e+01    3.7188505384e+01    9.1895337630e+00   -1.9950871499e+02    8.1920000000e+03    3.7891965868e-01    3.0972656250e-01
        17   -7.6407040297e+01    5.8437690418e+03   -1.5300748509e+02    7.6600444798e+01    3.7118973761e+01    9.1895337630e+00   -1.9931599262e+02    8.1920000000e+03    3.7889227593e-01    3.0957031250e-01
        18   -7.6396515779e+01    5.8415717880e+03   -1.5264826192e+02    7.6251746141e+01    3.7117274936e+01    9.1895337630e+00   -1.9895507062e+02    8.1920000000e+03    3.7890364070e-01    3.1010742188e-01
        19   -7.6396646655e+01    5.8417134328e+03   -1.5264341891e+02    7.6246772256e+01    3.7128844564e+01    9.1895337630e+00   -1.9896179724e+02    8.1920000000e+03    3.7895875045e-01    3.1125732422e-01
        20   -7.6413705276e+01    5.8443826449e+03   -1.5266126956e+02    7.6247564286e+01    3.7038543550e+01    9.1895337630e+00   -1.9888934687e+02    8.1920000000e+03    3.7894409766e-01    3.1168212891e-01
        21   -7.6428387475e+01    5.8470820064e+03   -1.5281733169e+02    7.6388944211e+01    3.7120436321e+01    9.1895337630e+00   -1.9912730177e+02    8.1920000000e+03    3.7888870024e-01    3.0925292969e-01
        22   -7.6447870290e+01    5.8507389663e+03   -1.5282456888e+02    7.6376698592e+01    3.7116098171e+01    9.1895337630e+00   -1.9913020082e+02    8.1920000000e+03    3.7892434752e-01    3.0981445312e-01
        23   -7.6395804670e+01    5.8417182001e+03   -1.5320981763e+02    7.6814012964e+01    3.7225012461e+01    9.1895337630e+00   -1.9962436386e+02    8.1920000000e+03    3.7904670436e-01    3.1034667969e-01
        24   -7.6384648372e+01    5.8403194909e+03   -1.5346912102e+02    7.7084472645e+01    3.7219181491e+01    9.1895337630e+00   -1.9987783627e+02    8.1920000000e+03    3.7891635905e-01    3.1071289063e-01
        25   -7.6379924576e+01    5.8396198855e+03   -1.5342385163e+02    7.7043927055e+01    3.7170526301e+01    9.1895337630e+00   -1.9978391169e+02    8.1920000000e+03    3.7891978809e-01    3.0950439453e-01
        26   -7.6394384994e+01    5.8418222397e+03   -1.5319795538e+02    7.6803570389e+01    3.7112703672e+01    9.1895337630e+00   -1.9950019282e+02    8.1920000000e+03    3.7895775576e-01    3.1062744141e-01
        27   -7.6406452728e+01    5.8437132855e+03   -1.5316142224e+02    7.6754969512e+01    3.7122540887e+01    9.1895337630e+00   -1.9947349689e+02    8.1920000000e+03    3.7893850949e-01    3.1044433594e-01
        28   -7.6405508783e+01    5.8451294298e+03   -1.5332498874e+02    7.6919479953e+01    3.7232750162e+01    9.1895337630e+00   -1.9974727266e+02    8.1920000000e+03    3.7900522954e-01    3.1025146484e-01
        29   -7.6391024945e+01    5.8415102274e+03   -1.5299017796e+02    7.6599153016e+01    3.7161611352e+01    9.1895337630e+00   -1.9934132308e+02    8.1920000000e+03    3.7893162718e-01    3.1075683594e-01
        30   -7.6398798753e+01    5.8423610490e+03   -1.5304755855e+02    7.6648759793e+01    3.7084119964e+01    9.1895337630e+00   -1.9932121227e+02    8.1920000000e+03    3.7892294152e-01    3.0982177734e-01
        31   -7.6418023970e+01    5.8449271252e+03   -1.5302386400e+02    7.6605840025e+01    3.7137917032e+01    9.1895337630e+00   -1.9935131479e+02    8.1920000000e+03    3.7890881128e-01    3.0984375000e-01
        32   -7.6374530467e+01    5.8385938773e+03   -1.5315516737e+02    7.6780636901e+01    3.7235725319e+01    9.1895337630e+00   -1.9958042645e+02    8.1920000000e+03    3.7895914950e-01    3.1006103516e-01
        33   -7.6374240335e+01    5.8390685005e+03   -1.5315692222e+02    7.6782681889e+01    3.7155827751e+01    9.1895337630e+00   -1.9950228374e+02    8.1920000000e+03    3.7890055009e-01    3.0979248047e-01
        34   -7.6348956394e+01    5.8350480648e+03   -1.5362395747e+02    7.7275001079e+01    3.7175980049e+01    9.1895337630e+00   -1.9998947129e+02    8.1920000000e+03    3.7892696665e-01    3.0806640625e-01
        35   -7.6422633028e+01    5.8469080735e+03   -1.5357727140e+02    7.7154638373e+01    3.7173806380e+01    9.1895337630e+00   -1.9994061154e+02    8.1920000000e+03    3.7890789648e-01    3.1031005859e-01
        36   -7.6379943334e+01    5.8395900049e+03   -1.5372373256e+02    7.7343789222e+01    3.7111034510e+01    9.1895337630e+00   -2.0002430083e+02    8.1920000000e+03    3.7895258623e-01    3.1015625000e-01
        37   -7.6403385699e+01    5.8428404375e+03   -1.5353595543e+02    7.7132569733e+01    3.7146945928e+01    9.1895337630e+00   -1.9987243512e+02    8.1920000000e+03    3.7889975880e-01    3.1017333984e-01
        38   -7.6415077594e+01    5.8455103195e+03   -1.5383014005e+02    7.7415062455e+01    3.7167930951e+01    9.1895337630e+00   -2.0018760476e+02    8.1920000000e+03    3.7891516183e-01    3.1045166016e-01
        39   -7.6393371856e+01    5.8427060077e+03   -1.5383246005e+02    7.7439088194e+01    3.7182007622e+01    9.1895337630e+00   -2.0020400144e+02    8.1920000000e+03    3.7891590744e-01    3.0970947266e-01
        40   -7.6375717024e+01    5.8382959168e+03   -1.5372450335e+02    7.7348786326e+01    3.7054981267e+01    9.1895337630e+00   -1.9996901838e+02    8.1920000000e+03    3.7891636858e-01    3.1092529297e-01
        41   -7.6392517525e+01    5.8413152941e+03   -1.5368705193e+02    7.7294534407e+01    3.7086527892e+01    9.1895337630e+00   -1.9996311359e+02    8.1920000000e+03    3.7896969490e-01    3.0917480469e-01
        42   -7.6392167264e+01    5.8415125118e+03   -1.5400303266e+02    7.7610865394e+01    3.7036515297e+01    9.1895337630e+00   -2.0022908172e+02    8.1920000000e+03    3.7899882373e-01    3.0942138672e-01
        43   -7.6397760722e+01    5.8426338556e+03   -1.5431395652e+02    7.7916195797e+01    3.7229251392e+01    9.1895337630e+00   -2.0073274167e+02    8.1920000000e+03    3.7889606614e-01    3.1032958984e-01
        44   -7.6387968444e+01    5.8404150088e+03   -1.5411305742e+02    7.7725088980e+01    3.7099639520e+01    9.1895337630e+00   -2.0040223071e+02    8.1920000000e+03    3.7891367697e-01    3.0996093750e-01
        45   -7.6369105505e+01    5.8378063518e+03   -1.5395530219e+02    7.7586196688e+01    3.7048867004e+01    9.1895337630e+00   -2.0019370296e+02    8.1920000000e+03    3.7894452198e-01    3.1124267578e-01
        46   -7.6385020599e+01    5.8459843000e+03   -1.5388689632e+02    7.7501875722e+01    3.7112344764e+01    9.1895337630e+00   -2.0018877485e+02    8.1920000000e+03    3.7999485237e-01    3.1072998047e-01
        47   -7.6420337885e+01    5.8457204242e+03   -1.5399268802e+02    7.7572350132e+01    3.7233331900e+01    9.1895337630e+00   -2.0041555368e+02    8.1920000000e+03    3.7893635004e-01    3.1042236328e-01
        48   -7.6426485973e+01    5.8465954014e+03   -1.5420830484e+02    7.7781818871e+01    3.7247302470e+01    9.1895337630e+00   -2.0064514108e+02    8.1920000000e+03    3.7891324894e-01    3.0920410156e-01
        49   -7.6408654395e+01    5.8439082173e+03   -1.5408657796e+02    7.7677923563e+01    3.7155870215e+01    9.1895337630e+00   -2.0043198194e+02    8.1920000000e+03    3.7895767964e-01    3.0890625000e-01
        50   -7.6391282362e+01    5.8413791986e+03   -1.5427532785e+02    7.7884045490e+01    3.7080913908e+01    9.1895337630e+00   -2.0054577552e+02    8.1920000000e+03    3.7894979399e-01    3.1092529297e-01
        51   -7.6376091603e+01    5.8396723931e+03   -1.5450146944e+02    7.8125377840e+01    3.7112097652e+01    9.1895337630e+00   -2.0080310086e+02    8.1920000000e+03    3.7890125594e-01    3.1028320313e-01
        52   -7.6366511786e+01    5.8376178166e+03   -1.5443574463e+02    7.8069232843e+01    3.7001821025e+01    9.1895337630e+00   -2.0062709942e+02    8.1920000000e+03    3.7896902048e-01    3.1090332031e-01
        53   -7.6388582417e+01    5.8415369861e+03   -1.5459239410e+02    7.8203811679e+01    3.7103010364e+01    9.1895337630e+00   -2.0088493822e+02    8.1920000000e+03    3.7889095264e-01    3.1098632813e-01
        54   -7.6410123077e+01    5.8445939573e+03   -1.5478970255e+02    7.8379579475e+01    3.7157233960e+01    9.1895337630e+00   -2.0113647028e+02    8.1920000000e+03    3.7900472268e-01    3.0986328125e-01
        55   -7.6397110846e+01    5.8428336873e+03   -1.5456443056e+02    7.8167319719e+01    3.7068806211e+01    9.1895337630e+00   -2.0082277054e+02    8.1920000000e+03    3.7893002903e-01    3.1051513672e-01
        56   -7.6395719824e+01    5.8424556013e+03   -1.5456832866e+02    7.8172608831e+01    3.7191134317e+01    9.1895337630e+00   -2.0094899674e+02    8.1920000000e+03    3.7891414686e-01    3.1118652344e-01
        57   -7.6388708473e+01    5.8414357345e+03   -1.5460781449e+02    7.8219106020e+01    3.7236238647e+01    9.1895337630e+00   -2.0103358690e+02    8.1920000000e+03    3.7896312273e-01    3.0900634766e-01
        58   -7.6387928918e+01    5.8411348796e+03   -1.5417748401e+02    7.7789555091e+01    3.7138680342e+01    9.1895337630e+00   -2.0050569811e+02    8.1920000000e+03    3.7895388714e-01    3.0925292969e-01
        59   -7.6333492502e+01    5.8326741994e+03   -1.5419072565e+02    7.7857233152e+01    3.7100027914e+01    9.1895337630e+00   -2.0048028733e+02    8.1920000000e+03    3.7894655212e-01    3.0961181641e-01
        60   -7.6347741517e+01    5.8351319921e+03   -1.5435406426e+02    7.8006322741e+01    3.7066494413e+01    9.1895337630e+00   -2.0061009243e+02    8.1920000000e+03    3.7893849341e-01    3.1055664062e-01
        61   -7.6379124582e+01    5.8392647535e+03   -1.5419252639e+02    7.7813401806e+01    3.7165644415e+01    9.1895337630e+00   -2.0054770457e+02    8.1920000000e+03    3.7898153624e-01    3.0935058594e-01
        62   -7.6422643216e+01    5.8463913302e+03   -1.5400124027e+02    7.7578597053e+01    3.7191816261e+01    9.1895337630e+00   -2.0038259029e+02    8.1920000000e+03    3.7901567703e-01    3.0961425781e-01
        63   -7.6368111839e+01    5.8376471824e+03   -1.5394780187e+02    7.7579690034e+01    3.7195365878e+01    9.1895337630e+00   -2.0033270151e+02    8.1920000000e+03    3.7893856165e-01    3.0886474609e-01
        64   -7.6389965046e+01    5.8415155579e+03   -1.5395194581e+02    7.7561980766e+01    3.7083082158e+01    9.1895337630e+00   -2.0022456173e+02    8.1920000000e+03    3.7893437979e-01    3.1006103516e-01
        65   -7.6391970182e+01    5.8412329781e+03   -1.5371588491e+02    7.7323914730e+01    3.7117823899e+01    9.1895337630e+00   -2.0002324257e+02    8.1920000000e+03    3.7898558730e-01    3.1108886719e-01
        66   -7.6371984782e+01    5.8380404737e+03   -1.5412856082e+02    7.7756576035e+01    3.7138198125e+01    9.1895337630e+00   -2.0045629270e+02    8.1920000000e+03    3.7895360562e-01    3.1044189453e-01
        67   -7.6402281198e+01    5.8436688212e+03   -1.5419018199e+02    7.7787900794e+01    3.7154211026e+01    9.1895337630e+00   -2.0053392678e+02    8.1920000000e+03    3.7894753402e-01    3.0882568359e-01
        68   -7.6409098051e+01    5.8442074896e+03   -1.5412565067e+02    7.7716552624e+01    3.7235484532e+01    9.1895337630e+00   -2.0055066897e+02    8.1920000000e+03    3.7895812879e-01    3.1084472656e-01
        69   -7.6433881919e+01    5.8480382691e+03   -1.5413378139e+02    7.7699899471e+01    3.7165473355e+01    9.1895337630e+00   -2.0048878851e+02    8.1920000000e+03    3.7892659412e-01    3.1032714844e-01
        70   -7.6400699423e+01    5.8426598874e+03   -1.5403214870e+02    7.7631449277e+01    3.7115948105e+01    9.1895337630e+00   -2.0033763057e+02    8.1920000000e+03    3.7893460269e-01    3.0927490234e-01
        71   -7.6423604065e+01    5.8466393391e+03   -1.5398504078e+02    7.7561436713e+01    3.7102491001e+01    9.1895337630e+00   -2.0027706554e+02    8.1920000000e+03    3.7902330177e-01    3.1085205078e-01
        72   -7.6400687569e+01    5.8426211942e+03   -1.5425071888e+02    7.7850031307e+01    3.7171465740e+01    9.1895337630e+00   -2.0061171838e+02    8.1920000000e+03    3.7891331369e-01    3.1032958984e-01
        73   -7.6414341939e+01    5.8451627270e+03   -1.5394019419e+02    7.7525852253e+01    3.7205298844e+01    9.1895337630e+00   -2.0033502680e+02    8.1920000000e+03    3.7889872087e-01    3.1039062500e-01
        74   -7.6395627135e+01    5.8422182460e+03   -1.5389713540e+02    7.7501508263e+01    3.7194052335e+01    9.1895337630e+00   -2.0028072150e+02    8.1920000000e+03    3.7889154579e-01    3.1006347656e-01
        75   -7.6386163204e+01    5.8412504041e+03   -1.5382904067e+02    7.7442877465e+01    3.7094100270e+01    9.1895337630e+00   -2.0011267470e+02    8.1920000000e+03    3.7893867054e-01    3.1040771484e-01
        76   -7.6405322920e+01    5.8436648238e+03   -1.5391272771e+02    7.7507404790e+01    3.7287763292e+01    9.1895337630e+00   -2.0039002476e+02    8.1920000000e+03    3.7894943547e-01    3.1149902344e-01
        77   -7.6384454857e+01    5.8440857669e+03   -1.5345734256e+02    7.7072887702e+01    3.7102793221e+01    9.1895337630e+00   -1.9974966954e+02    8.1920000000e+03    3.7895106706e-01    3.1023925781e-01
        78   -7.6420238837e+01    5.8462648127e+03   -1.5341670495e+02    7.6996466111e+01    3.7120460116e+01    9.1895337630e+00   -1.9972669883e+02    8.1920000000e+03    3.7895141648e-01    3.1013183594e-01
        79   -7.6370875771e+01    5.8380000807e+03   -1.5337535327e+02    7.7004477499e+01    3.7125051148e+01    9.1895337630e+00   -1.9968993818e+02    8.1920000000e+03    3.7898254456e-01    3.0911865234e-01
