#   index    LocalEnergy         LocalEnergy_sq      LocalPotential      Kinetic             ElecElec            IonIon              IonElec             BlockWeight         BlockCPU            AcceptRatio         
         0   -7.6349490500e+01    5.8336438327e+03   -1.3310217206e+02    5.6752681558e+01    3.6733041204e+01    9.1895337630e+00   -1.7902474703e+02    8.1920000000e+03    3.8255321559e-01    3.0934326172e-01
         1   -7.6381755579e+01    5.8387432127e+03   -1.3368868670e+02    5.7306931122e+01    3.6706284690e+01    9.1895337630e+00   -1.7958450515e+02    8.1920000000e+03    3.8254256721e-01    3.0953125000e-01
         2   -7.6381644291e+01    5.8395027666e+03   -1.3419269707e+02    5.7811052779e+01    3.6774412821e+01    9.1895337630e+00   -1.8015664365e+02    8.1920000000e+03    3.8254027089e-01    3.0959716797e-01
         3   -7.6322891918e+01    5.8299495306e+03   -1.3446466798e+02    5.8141776062e+01    3.6845665341e+01    9.1895337630e+00   -1.8049986708e+02    8.1920000000e+03    3.8257132759e-01    3.0994873047e-01
         4   -7.6360078730e+01    5.8364841349e+03   -1.3508246656e+02    5.8722387828e+01    3.6886366192e+01    9.1895337630e+00   -1.8115836651e+02    8.1920000000e+03    3.8255136641e-01    3.1058105469e-01
         5   -7.6357513008e+01    5.8355874630e+03   -1.3554546121e+02    5.9187948202e+01    3.6804771776e+01    9.1895337630e+00   -1.8153976675e+02    8.1920000000e+03    3.8251804894e-01    3.0944335938e-01
         6   -7.6377401745e+01    5.8385526235e+03   -1.3557638129e+02    5.9198979542e+01    3.6806794401e+01    9.1895337630e+00   -1.8157270945e+02    8.1920000000e+03    3.8253995378e-01    3.1059814453e-01
         7   -7.6320601250e+01    5.8294672098e+03   -1.3616333784e+02    5.9842736586e+01    3.6815390866e+01    9.1895337630e+00   -1.8216826246e+02    8.1920000000e+03    3.8251472213e-01    3.0907714844e-01
         8   -7.6343281352e+01    5.8328898024e+03   -1.3657259443e+02    6.0229313083e+01    3.6730250542e+01    9.1895337630e+00   -1.8249237874e+02    8.1920000000e+03    3.8256780915e-01    3.1014892578e-01
         9   -7.6338310002e+01    5.8324774405e+03   -1.3705789815e+02    6.0719588145e+01    3.6748851095e+01    9.1895337630e+00   -1.8299628300e+02    8.1920000000e+03    3.8254168487e-01    3.0981933594e-01
        10   -7.6297711652e+01    5.8259187318e+03   -1.3746792683e+02    6.1170215179e+01    3.6824807135e+01    9.1895337630e+00   -1.8348226773e+02    8.1920000000e+03    3.8256345389e-01    3.1087158203e-01
        11   -7.6359434651e+01    5.8356218952e+03   -1.3799749754e+02    6.1638062886e+01    3.6862128241e+01    9.1895337630e+00   -1.8404915954e+02    8.1920000000e+03    3.8257354898e-01    3.1085205078e-01
        12   -7.6353549937e+01    5.8349442189e+03   -1.3862721037e+02    6.2273660430e+01    3.7030749617e+01    9.1895337630e+00   -1.8484749375e+02    8.1920000000e+03    3.8287190768e-01    3.1075195313e-01
        13   -7.6364971056e+01    5.8364785540e+03   -1.3893552730e+02    6.2570556248e+01    3.6965563662e+01    9.1895337630e+00   -1.8509062473e+02    8.1920000000e+03    3.8250108346e-01    3.1015136719e-01
        14   -7.6338153163e+01    5.8326289107e+03   -1.3904859442e+02    6.2710441255e+01    3.6943787779e+01    9.1895337630e+00   -1.8518191596e+02    8.1920000000e+03    3.8252323852e-01    3.0914306641e-01
        15   -7.6360914390e+01    5.8363515787e+03   -1.3955284692e+02    6.3191932527e+01    3.6916987958e+01    9.1895337630e+00   -1.8565936864e+02    8.1920000000e+03    3.8256815375e-01    3.0979003906e-01
        16   -7.6316639697e+01    5.8297998575e+03   -1.3996893657e+02    6.3652296878e+01    3.6981249108e+01    9.1895337630e+00   -1.8613971945e+02    8.1920000000e+03    3.8251913874e-01    3.0976074219e-01
        17   -7.6323277912e+01    5.8307039695e+03   -1.4019204143e+02    6.3868763513e+01    3.6993483707e+01    9.1895337630e+00   -1.8637505890e+02    8.1920000000e+03    3.8253517326e-01    3.1034423828e-01
        18   -7.6344286233e+01    5.8357640444e+03   -1.4044298271e+02    6.4098696476e+01    3.7018117885e+01    9.1895337630e+00   -1.8665063436e+02    8.1920000000e+03    3.8255062488e-01    3.1020263672e-01
        19   -7.6314120673e+01    5.8293229896e+03   -1.4069116725e+02    6.4377046580e+01    3.6960587642e+01    9.1895337630e+00   -1.8684128866e+02    8.1920000000e+03    3.8258988905e-01    3.1015380859e-01
        20   -7.6325280105e+01    5.8305320009e+03   -1.4136075454e+02    6.5035474438e+01    3.6936326311e+01    9.1895337630e+00   -1.8748661462e+02    8.1920000000e+03    3.8251517681e-01    3.1076171875e-01
        21   -7.6334616769e+01    5.8320409721e+03   -1.4178279654e+02    6.5448179770e+01    3.7038232160e+01    9.1895337630e+00   -1.8801056246e+02    8.1920000000e+03    3.8255396662e-01    3.1000244141e-01
        22   -7.6340022722e+01    5.8329487947e+03   -1.4173347744e+02    6.5393454720e+01    3.6937662545e+01    9.1895337630e+00   -1.8786067375e+02    8.1920000000e+03    3.8254976937e-01    3.0997070313e-01
        23   -7.6362404490e+01    5.8363406899e+03   -1.4209017776e+02    6.5727773265e+01    3.7007042253e+01    9.1895337630e+00   -1.8828675377e+02    8.1920000000e+03    3.8254187647e-01    3.0885498047e-01
        24   -7.6367450014e+01    5.8371186622e+03   -1.4216104658e+02    6.5793596564e+01    3.6969076125e+01    9.1895337630e+00   -1.8831965647e+02    8.1920000000e+03    3.8256300780e-01    3.1082519531e-01
        25   -7.6354577025e+01    5.8352717857e+03   -1.4263958279e+02    6.6285005760e+01    3.7030725071e+01    9.1895337630e+00   -1.8885984162e+02    8.1920000000e+03    3.8252376068e-01    3.0948974609e-01
        26   -7.6370116194e+01    5.8372760888e+03   -1.4267717882e+02    6.6307062627e+01    3.6989717700e+01    9.1895337630e+00   -1.8885643028e+02    8.1920000000e+03    3.8256866384e-01    3.0961425781e-01
        27   -7.6363240799e+01    5.8390296695e+03   -1.4327877818e+02    6.6915537378e+01    3.7009893023e+01    9.1895337630e+00   -1.8947820496e+02    8.1920000000e+03    3.8257533121e-01    3.0915283203e-01
        28   -7.6384444186e+01    5.8403903444e+03   -1.4329096140e+02    6.6906517214e+01    3.7007133203e+01    9.1895337630e+00   -1.8948762837e+02    8.1920000000e+03    3.8244210773e-01    3.0907714844e-01
        29   -7.6358526397e+01    5.8357211990e+03   -1.4354669454e+02    6.7188168148e+01    3.7181204850e+01    9.1895337630e+00   -1.8991743316e+02    8.1920000000e+03    3.8249793119e-01    3.0856689453e-01
        30   -7.6377508824e+01    5.8385092657e+03   -1.4375330593e+02    6.7375797106e+01    3.7106814050e+01    9.1895337630e+00   -1.9004965374e+02    8.1920000000e+03    3.8252145325e-01    3.0881591797e-01
        31   -7.6382660923e+01    5.8395087492e+03   -1.4388837806e+02    6.7505717134e+01    3.7007866655e+01    9.1895337630e+00   -1.9008577847e+02    8.1920000000e+03    3.8252842225e-01    3.1026367188e-01
        32   -7.6380968066e+01    5.8390740829e+03   -1.4340973317e+02    6.7028765106e+01    3.6961445476e+01    9.1895337630e+00   -1.8956071241e+02    8.1920000000e+03    3.8251003844e-01    3.0884521484e-01
        33   -7.6372856795e+01    5.8384976532e+03   -1.4360825450e+02    6.7235397708e+01    3.7053364076e+01    9.1895337630e+00   -1.8985115234e+02    8.1920000000e+03    3.8251075754e-01    3.0995849609e-01
        34   -7.6346664512e+01    5.8342681986e+03   -1.4401048654e+02    6.7663822023e+01    3.7032765370e+01    9.1895337630e+00   -1.9023278567e+02    8.1920000000e+03    3.8250510645e-01    3.0994873047e-01
        35   -7.6387628010e+01    5.8427497276e+03   -1.4411208344e+02    6.7724455434e+01    3.7003261407e+01    9.1895337630e+00   -1.9030487861e+02    8.1920000000e+03    3.8255732444e-01    3.1084472656e-01
        36   -7.6373695461e+01    5.8381673622e+03   -1.4410668268e+02    6.7732987216e+01    3.6987161946e+01    9.1895337630e+00   -1.9028337839e+02    8.1920000000e+03    3.8256157542e-01    3.0950439453e-01
        37   -7.6375912838e+01    5.8403168635e+03   -1.4411729095e+02    6.7741378115e+01    3.7041308253e+01    9.1895337630e+00   -1.9034813297e+02    8.1920000000e+03    3.8255188588e-01    3.0946777344e-01
        38   -7.6401069132e+01    5.8421944079e+03   -1.4440455449e+02    6.8003485359e+01    3.6933494890e+01    9.1895337630e+00   -1.9052758314e+02    8.1920000000e+03    3.8251563841e-01    3.1022705078e-01
        39   -7.6362633149e+01    5.8368955282e+03   -1.4460338910e+02    6.8240755955e+01    3.7018999318e+01    9.1895337630e+00   -1.9081192219e+02    8.1920000000e+03    3.8254712468e-01    3.1066162109e-01
