#   index    LocalEnergy         LocalEnergy_sq      LocalPotential      Kinetic             ElecElec            IonIon              LocalECP            NonLocalECP         BlockWeight         BlockCPU            AcceptRatio         
         0   -1.7219210398e+01    2.9691535662e+02   -3.1254489620e+01    1.4035279222e+01    1.7112030632e+01    6.9795078914e+00   -5.6607892457e+01    1.2618643131e+00    2.6720000000e+03    1.3216173649e-01    3.8028630240e-01
         1   -1.7224011630e+01    2.9710519641e+02   -3.0913595419e+01    1.3689583788e+01    1.6861779251e+01    6.9795078914e+00   -5.5899718517e+01    1.1448359557e+00    2.6720000000e+03    1.3548806310e-01    3.8654565868e-01
         2   -1.7223471848e+01    2.9700963207e+02   -3.0904208326e+01    1.3680736477e+01    1.6982462449e+01    6.9795078914e+00   -5.6239125081e+01    1.3729464150e+00    2.6720000000e+03    1.3989472389e-01    3.8447791916e-01
         3   -1.7197896413e+01    2.9612003905e+02   -3.0801551398e+01    1.3603654985e+01    1.6958637123e+01    6.9795078914e+00   -5.6042710148e+01    1.3030137351e+00    2.6720000000e+03    1.3668406010e-01    3.8198914671e-01
         4   -1.7207805095e+01    2.9644989822e+02   -3.0783837360e+01    1.3576032265e+01    1.6939668178e+01    6.9795078914e+00   -5.6083327678e+01    1.3803142483e+00    2.6720000000e+03    1.3467559218e-01    3.8167103293e-01
         5   -1.7193647865e+01    2.9601519224e+02   -3.1071634287e+01    1.3877986423e+01    1.7033649296e+01    6.9795078914e+00   -5.6298077539e+01    1.2132860647e+00    2.6720000000e+03    1.3580489159e-01    3.8137163174e-01
         6   -1.7219202012e+01    2.9690371170e+02   -3.0940609122e+01    1.3721407109e+01    1.7094283714e+01    6.9795078914e+00   -5.6189972509e+01    1.1755717816e+00    2.6720000000e+03    1.3979986310e-01    3.8157747006e-01
         7   -1.7194166705e+01    2.9610428240e+02   -3.1031948494e+01    1.3837781790e+01    1.7061334605e+01    6.9795078914e+00   -5.6298666718e+01    1.2258757277e+00    2.6720000000e+03    1.4175295830e-01    3.8320546407e-01
         8   -1.7226107230e+01    2.9713257601e+02   -3.0703559921e+01    1.3477452691e+01    1.6953390110e+01    6.9795078914e+00   -5.5686903728e+01    1.0504458045e+00    2.6720000000e+03    1.4133405685e-01    3.8580651198e-01
         9   -1.7206835844e+01    2.9638393449e+02   -3.0698732646e+01    1.3491896803e+01    1.6893321285e+01    6.9795078914e+00   -5.5649123653e+01    1.0775618302e+00    2.6720000000e+03    1.4244231582e-01    3.8062312874e-01
        10   -1.7203790550e+01    2.9637910631e+02   -3.0885205740e+01    1.3681415190e+01    1.6952159685e+01    6.9795078914e+00   -5.5908773196e+01    1.0918998789e+00    2.6720000000e+03    1.4253079891e-01    3.8280314371e-01
        11   -1.7223267602e+01    2.9712588656e+02   -3.0827309038e+01    1.3604041436e+01    1.7055245057e+01    6.9795078914e+00   -5.5974468318e+01    1.1124063317e+00    2.6720000000e+03    1.3931226730e-01    3.8264408683e-01
        12   -1.7230304133e+01    2.9737151264e+02   -3.0894416523e+01    1.3664112390e+01    1.6859609897e+01    6.9795078914e+00   -5.5848118713e+01    1.1145844024e+00    2.6720000000e+03    1.3474315405e-01    3.8478667665e-01
        13   -1.7197073731e+01    2.9610800576e+02   -3.0617488348e+01    1.3420414616e+01    1.6904913444e+01    6.9795078914e+00   -5.5739594825e+01    1.2376851422e+00    2.6720000000e+03    1.3595747948e-01    3.8486152695e-01
        14   -1.7233303223e+01    2.9745596449e+02   -3.1128228940e+01    1.3894925717e+01    1.7049900105e+01    6.9795078914e+00   -5.6254157426e+01    1.0965204900e+00    2.6720000000e+03    1.3670420647e-01    3.8305576347e-01
        15   -1.7220167293e+01    2.9696908918e+02   -3.0968833012e+01    1.3748665719e+01    1.7001196104e+01    6.9795078914e+00   -5.6135102963e+01    1.1855659558e+00    2.6720000000e+03    1.3908591866e-01    3.8132485030e-01
        16   -1.7191490025e+01    2.9590526616e+02   -3.0683967073e+01    1.3492477049e+01    1.7008360131e+01    6.9795078914e+00   -5.5934591714e+01    1.2627566193e+00    2.6720000000e+03    1.4403581619e-01    3.8462761976e-01
        17   -1.7218259042e+01    2.9690608243e+02   -3.0813613487e+01    1.3595354445e+01    1.7028853262e+01    6.9795078914e+00   -5.5992043515e+01    1.1700688741e+00    2.6720000000e+03    1.4140304923e-01    3.8179266467e-01
        18   -1.7215771030e+01    2.9679456188e+02   -3.0714935791e+01    1.3499164761e+01    1.6951194390e+01    6.9795078914e+00   -5.5819550850e+01    1.1739127774e+00    2.6720000000e+03    1.3432323933e-01    3.8429079341e-01
        19   -1.7215618385e+01    2.9677564051e+02   -3.0936709381e+01    1.3721090995e+01    1.7171035272e+01    6.9795078914e+00   -5.6200855395e+01    1.1136028504e+00    2.6720000000e+03    1.3631263375e-01    3.8482410180e-01
        20   -1.7213374819e+01    2.9671683856e+02   -3.0856061603e+01    1.3642686784e+01    1.7073064629e+01    6.9795078914e+00   -5.6036119774e+01    1.1274856503e+00    2.6720000000e+03    1.3788267970e-01    3.8193300898e-01
        21   -1.7198819909e+01    2.9621447097e+02   -3.1185715258e+01    1.3986895349e+01    1.7052927671e+01    6.9795078914e+00   -5.6373243655e+01    1.1550928345e+00    2.6720000000e+03    1.3706785440e-01    3.8294348802e-01
        22   -1.7203085546e+01    2.9633133694e+02   -3.0645914563e+01    1.3442829016e+01    1.6916915523e+01    6.9795078914e+00   -5.5921637633e+01    1.3792996565e+00    2.6720000000e+03    1.3818070292e-01    3.8282185629e-01
        23   -1.7249050475e+01    2.9826699030e+02   -3.1165240732e+01    1.3916190256e+01    1.7038437970e+01    6.9795078914e+00   -5.6313399510e+01    1.1302129174e+00    2.6720000000e+03    1.4098864794e-01    3.8217627246e-01
        24   -1.7221805358e+01    2.9699548438e+02   -3.1419406047e+01    1.4197600688e+01    1.7090565328e+01    6.9795078914e+00   -5.6581704118e+01    1.0922248517e+00    2.6720000000e+03    1.4085832238e-01    3.8133420659e-01
        25   -1.7224646332e+01    2.9710938749e+02   -3.1006084333e+01    1.3781438002e+01    1.6961793216e+01    6.9795078914e+00   -5.6090592674e+01    1.1432072330e+00    2.6720000000e+03    1.3964405656e-01    3.8567552395e-01
        26   -1.7217973869e+01    2.9692807980e+02   -3.1070240328e+01    1.3852266459e+01    1.6968373490e+01    6.9795078914e+00   -5.6114065598e+01    1.0959438891e+00    2.6720000000e+03    1.3871413469e-01    3.8469311377e-01
        27   -1.7192289530e+01    2.9600594949e+02   -3.1154408351e+01    1.3962118821e+01    1.7010829758e+01    6.9795078914e+00   -5.6357068259e+01    1.2123222588e+00    2.6720000000e+03    1.4153864980e-01    3.8368263473e-01
        28   -1.7210703613e+01    2.9656574554e+02   -3.0977378890e+01    1.3766675276e+01    1.6999291997e+01    6.9795078914e+00   -5.6054341711e+01    1.0981629336e+00    2.6720000000e+03    1.4318114519e-01    3.7996818862e-01
        29   -1.7193462484e+01    2.9607070867e+02   -3.0868875581e+01    1.3675413096e+01    1.6919171273e+01    6.9795078914e+00   -5.5889604312e+01    1.1220495669e+00    2.6720000000e+03    1.4230811596e-01    3.8444985030e-01
        30   -1.7221153279e+01    2.9707305478e+02   -3.0884773599e+01    1.3663620320e+01    1.7028945553e+01    6.9795078914e+00   -5.6105097583e+01    1.2118705399e+00    2.6720000000e+03    1.4065307379e-01    3.8429079341e-01
        31   -1.7196441716e+01    2.9608300450e+02   -3.0982806831e+01    1.3786365115e+01    1.7083019523e+01    6.9795078914e+00   -5.6271537049e+01    1.2262028037e+00    2.6720000000e+03    1.4026015997e-01    3.8507672156e-01
        32   -1.7190668138e+01    2.9589126155e+02   -3.1111354592e+01    1.3920686454e+01    1.6916498915e+01    6.9795078914e+00   -5.6198487505e+01    1.1911261068e+00    2.6720000000e+03    1.3788378239e-01    3.8328031437e-01
        33   -1.7208720153e+01    2.9664854886e+02   -3.1065914084e+01    1.3857193932e+01    1.7088064735e+01    6.9795078914e+00   -5.6501140765e+01    1.3676540541e+00    2.6720000000e+03    1.3312506676e-01    3.8037986527e-01
        34   -1.7234410765e+01    2.9747347601e+02   -3.1092105626e+01    1.3857694860e+01    1.7061944912e+01    6.9795078914e+00   -5.6226764600e+01    1.0932061710e+00    2.6720000000e+03    1.3730874658e-01    3.8401946108e-01
        35   -1.7211081837e+01    2.9666689091e+02   -3.0785902500e+01    1.3574820663e+01    1.6967165283e+01    6.9795078914e+00   -5.6133357197e+01    1.4007815217e+00    2.6720000000e+03    1.3898581266e-01    3.8448727545e-01
        36   -1.7219070375e+01    2.9692614527e+02   -3.0781875541e+01    1.3562805166e+01    1.7043262363e+01    6.9795078914e+00   -5.6214536604e+01    1.4098908092e+00    2.6720000000e+03    1.4283031225e-01    3.8410366766e-01
        37   -1.7208775671e+01    2.9654597972e+02   -3.0632065779e+01    1.3423290107e+01    1.6825134344e+01    6.9795078914e+00   -5.5821981352e+01    1.3852733385e+00    2.6720000000e+03    1.4216068387e-01    3.8502994012e-01
        38   -1.7200179551e+01    2.9619764857e+02   -3.0691963255e+01    1.3491783703e+01    1.6995048016e+01    6.9795078914e+00   -5.6056681713e+01    1.3901625504e+00    2.6720000000e+03    1.3825294375e-01    3.8291541916e-01
        39   -1.7219441627e+01    2.9690991946e+02   -3.0669772384e+01    1.3450330757e+01    1.6979280698e+01    6.9795078914e+00   -5.5717921139e+01    1.0893601652e+00    2.6720000000e+03    1.3735362887e-01    3.8344872754e-01
        40   -1.7208322371e+01    2.9653006072e+02   -3.1014912044e+01    1.3806589673e+01    1.7002005367e+01    6.9795078914e+00   -5.6004855033e+01    1.0084297302e+00    2.6720000000e+03    1.3851717114e-01    3.8433757485e-01
        41   -1.7218937797e+01    2.9684608781e+02   -3.0644346314e+01    1.3425408517e+01    1.7030014918e+01    6.9795078914e+00   -5.5921981336e+01    1.2681122123e+00    2.6720000000e+03    1.4140960574e-01    3.8664857784e-01
        42   -1.7215706943e+01    2.9677156969e+02   -3.0694004063e+01    1.3478297120e+01    1.6854388610e+01    6.9795078914e+00   -5.5729748417e+01    1.2018478520e+00    2.6720000000e+03    1.4086821675e-01    3.8376684132e-01
        43   -1.7218570699e+01    2.9688502052e+02   -3.0492861607e+01    1.3274290909e+01    1.7007546267e+01    6.9795078914e+00   -5.5730247445e+01    1.2503316790e+00    2.6720000000e+03    1.4094462991e-01    3.8315868263e-01
        44   -1.7218306137e+01    2.9701632028e+02   -3.1170687289e+01    1.3952381152e+01    1.7017088170e+01    6.9795078914e+00   -5.6369249589e+01    1.2019662386e+00    2.6720000000e+03    1.3931652904e-01    3.8102544910e-01
        45   -1.7192337148e+01    2.9592787722e+02   -3.1172216619e+01    1.3979879471e+01    1.7130474133e+01    6.9795078914e+00   -5.6518405761e+01    1.2362071174e+00    2.6720000000e+03    1.3991671801e-01    3.8097866766e-01
        46   -1.7212815439e+01    2.9675958733e+02   -3.0827864629e+01    1.3615049190e+01    1.7146290225e+01    6.9795078914e+00   -5.6198694657e+01    1.2450319122e+00    2.6720000000e+03    1.3775944710e-01    3.8229790419e-01
        47   -1.7198736343e+01    2.9635641156e+02   -3.0647673935e+01    1.3448937592e+01    1.6928494062e+01    6.9795078914e+00   -5.5885276339e+01    1.3296004512e+00    2.6720000000e+03    1.3588607311e-01    3.8384169162e-01
        48   -1.7208854073e+01    2.9653906023e+02   -3.0851833950e+01    1.3642979877e+01    1.6892601542e+01    6.9795078914e+00   -5.5850341542e+01    1.1263981591e+00    2.6720000000e+03    1.3719004393e-01    3.8362649701e-01
        49   -1.7216346096e+01    2.9688551623e+02   -3.0749064566e+01    1.3532718470e+01    1.7006065485e+01    6.9795078914e+00   -5.5874132509e+01    1.1394945664e+00    2.6720000000e+03    1.4028248191e-01    3.8313997006e-01
        50   -1.7193170381e+01    2.9596036535e+02   -3.1245529049e+01    1.4052358668e+01    1.7119022186e+01    6.9795078914e+00   -5.6561334315e+01    1.2172751894e+00    2.6720000000e+03    1.4163368940e-01    3.7958458084e-01
        51   -1.7209349225e+01    2.9656293512e+02   -3.0935481396e+01    1.3726132170e+01    1.6900885034e+01    6.9795078914e+00   -5.5893840251e+01    1.0779659293e+00    2.6720000000e+03    1.3942262530e-01    3.8370134731e-01
        52   -1.7217914146e+01    2.9683535334e+02   -3.0580409559e+01    1.3362495413e+01    1.6948436930e+01    6.9795078914e+00   -5.5692508861e+01    1.1841544799e+00    2.6720000000e+03    1.3705945015e-01    3.8346744012e-01
        53   -1.7212224592e+01    2.9670936075e+02   -3.0888068077e+01    1.3675843485e+01    1.7013031926e+01    6.9795078914e+00   -5.6007767144e+01    1.1271592493e+00    2.6720000000e+03    1.3648802042e-01    3.8442178144e-01
        54   -1.7192909656e+01    2.9595331983e+02   -3.1045666193e+01    1.3852756537e+01    1.7123177825e+01    6.9795078914e+00   -5.6514832387e+01    1.3664804776e+00    2.6720000000e+03    1.3910612464e-01    3.8047342814e-01
        55   -1.7211872409e+01    2.9669245074e+02   -3.0871004540e+01    1.3659132131e+01    1.7076661705e+01    6.9795078914e+00   -5.6043057340e+01    1.1158832034e+00    2.6720000000e+03    1.3769015670e-01    3.8117514970e-01
        56   -1.7191997571e+01    2.9609112078e+02   -3.0917503499e+01    1.3725505928e+01    1.7020190393e+01    6.9795078914e+00   -5.6194307101e+01    1.2771053175e+00    2.6720000000e+03    1.4155948162e-01    3.7917290419e-01
        57   -1.7220818573e+01    2.9690512561e+02   -3.0752856477e+01    1.3532037903e+01    1.6955504008e+01    6.9795078914e+00   -5.5853845892e+01    1.1659775163e+00    2.6720000000e+03    1.4212080836e-01    3.8293413174e-01
        58   -1.7229839500e+01    2.9733726792e+02   -3.0981586141e+01    1.3751746641e+01    1.7064878748e+01    6.9795078914e+00   -5.6419278022e+01    1.3933052420e+00    2.6720000000e+03    1.4303663373e-01    3.8329902695e-01
        59   -1.7223853989e+01    2.9703682298e+02   -3.0801609494e+01    1.3577755505e+01    1.7035587222e+01    6.9795078914e+00   -5.6009671559e+01    1.1929669517e+00    2.6720000000e+03    1.4312118292e-01    3.8277507485e-01
        60   -1.7212391862e+01    2.9665705918e+02   -3.0930939052e+01    1.3718547190e+01    1.7058652787e+01    6.9795078914e+00   -5.6256514014e+01    1.2874142840e+00    2.6720000000e+03    1.4094695449e-01    3.8160553892e-01
        61   -1.7227567482e+01    2.9719288104e+02   -3.1039720680e+01    1.3812153198e+01    1.6963907402e+01    6.9795078914e+00   -5.6040674514e+01    1.0575385403e+00    2.6720000000e+03    1.3800922036e-01    3.8260666168e-01
        62   -1.7203418155e+01    2.9635012584e+02   -3.1286242957e+01    1.4082824803e+01    1.7185741266e+01    6.9795078914e+00   -5.6495677520e+01    1.0441854059e+00    2.6720000000e+03    1.3817745447e-01    3.7786302395e-01
        63   -1.7210384014e+01    2.9664685836e+02   -3.0836699088e+01    1.3626315075e+01    1.7060214497e+01    6.9795078914e+00   -5.6146563872e+01    1.2701423946e+00    2.6720000000e+03    1.4359483123e-01    3.8254116766e-01
        64   -1.7220915440e+01    2.9702501821e+02   -3.0855677641e+01    1.3634762202e+01    1.6989055384e+01    6.9795078914e+00   -5.5893113547e+01    1.0688726302e+00    2.6720000000e+03    1.4289578795e-01    3.8572230539e-01
        65   -1.7230037737e+01    2.9752510634e+02   -3.0885013600e+01    1.3654975863e+01    1.7103848414e+01    6.9795078914e+00   -5.6147936842e+01    1.1795669359e+00    2.6720000000e+03    1.3384965062e-01    3.8434693114e-01
        66   -1.7218460294e+01    2.9688298175e+02   -3.1092478376e+01    1.3874018081e+01    1.7255615723e+01    6.9795078914e+00   -5.6513881263e+01    1.1862792732e+00    2.6720000000e+03    1.3783162832e-01    3.8193300898e-01
        67   -1.7207261479e+01    2.9657673015e+02   -3.1161504370e+01    1.3954242891e+01    1.7046646706e+01    6.9795078914e+00   -5.6139429948e+01    9.5177097952e-01    2.6720000000e+03    1.3644611835e-01    3.8075411677e-01
        68   -1.7209151713e+01    2.9650187655e+02   -3.0674138102e+01    1.3464986390e+01    1.6937383013e+01    6.9795078914e+00   -5.5712119853e+01    1.1210908456e+00    2.6720000000e+03    1.3793602586e-01    3.8366392216e-01
        69   -1.7192958370e+01    2.9598449910e+02   -3.0950661586e+01    1.3757703216e+01    1.7087381553e+01    6.9795078914e+00   -5.6333917646e+01    1.3163666159e+00    2.6720000000e+03    1.4023005962e-01    3.8244760479e-01
        70   -1.7225140634e+01    2.9709099133e+02   -3.0928182003e+01    1.3703041369e+01    1.6994786246e+01    6.9795078914e+00   -5.6086858522e+01    1.1843823814e+00    2.6720000000e+03    1.4098873734e-01    3.7970621257e-01
        71   -1.7212377313e+01    2.9670922918e+02   -3.0598745135e+01    1.3386367822e+01    1.7150886378e+01    6.9795078914e+00   -5.5914105388e+01    1.1849659829e+00    2.6720000000e+03    1.4105287194e-01    3.8251309880e-01
        72   -1.7211360349e+01    2.9686116867e+02   -3.1090161728e+01    1.3878801379e+01    1.6980795084e+01    6.9795078914e+00   -5.6133697117e+01    1.0832324128e+00    2.6720000000e+03    1.3740307093e-01    3.8389782934e-01
        73   -1.7213583211e+01    2.9670319337e+02   -3.0799247513e+01    1.3585664302e+01    1.7058377165e+01    6.9795078914e+00   -5.5938794206e+01    1.1016616369e+00    2.6720000000e+03    1.3764420152e-01    3.8076347305e-01
        74   -1.7208689904e+01    2.9652423697e+02   -3.0638341893e+01    1.3429651989e+01    1.6850430481e+01    6.9795078914e+00   -5.5623238051e+01    1.1549577857e+00    2.6720000000e+03    1.3356772065e-01    3.8486152695e-01
        75   -1.7211736713e+01    2.9666903740e+02   -3.0761899350e+01    1.3550162636e+01    1.6863955770e+01    6.9795078914e+00   -5.5893917504e+01    1.2885544931e+00    2.6720000000e+03    1.3685706258e-01    3.8561002994e-01
        76   -1.7186782711e+01    2.9573934152e+02   -3.0614048848e+01    1.3427266137e+01    1.6925230954e+01    6.9795078914e+00   -5.5725253167e+01    1.2064654738e+00    2.6720000000e+03    1.3909494877e-01    3.8515157186e-01
        77   -1.7233742174e+01    2.9822490443e+02   -3.1183946592e+01    1.3950204418e+01    1.7108124279e+01    6.9795078914e+00   -5.6624525541e+01    1.3529467782e+00    2.6720000000e+03    1.4284765720e-01    3.8015531437e-01
        78   -1.7226671605e+01    2.9723744466e+02   -3.0925732298e+01    1.3699060693e+01    1.7053809348e+01    6.9795078914e+00   -5.6206215079e+01    1.2471655421e+00    2.6720000000e+03    1.4176195860e-01    3.8282185629e-01
        79   -1.7223613108e+01    2.9708651116e+02   -3.0744003870e+01    1.3520390762e+01    1.6929534209e+01    6.9795078914e+00   -5.5790485337e+01    1.1374393661e+00    2.6720000000e+03    1.3950130343e-01    3.8279378743e-01
