#   index    LocalEnergy         LocalEnergy_sq      LocalPotential      Kinetic             ElecElec            IonIon              LocalECP            NonLocalECP         BlockWeight         BlockCPU            AcceptRatio         
         0   -1.6917010179e+01    2.8856176539e+02   -2.9979525270e+01    1.3062515091e+01    1.7332060117e+01    6.9795078914e+00   -5.5486166720e+01    1.1950734419e+00    2.6720000000e+03    5.0150007010e-02    3.9114895210e-01
         1   -1.6918752953e+01    2.8849612924e+02   -3.0256030668e+01    1.3337277715e+01    1.7497605304e+01    6.9795078914e+00   -5.5828415512e+01    1.0952716486e+00    2.6720000000e+03    5.0949811935e-02    3.9307634731e-01
         2   -1.6914085227e+01    2.8833748637e+02   -3.0795777012e+01    1.3881691785e+01    1.7629760239e+01    6.9795078914e+00   -5.6530191466e+01    1.1251463230e+00    2.6720000000e+03    5.0062894821e-02    3.8938061377e-01
         3   -1.6932609882e+01    2.8888250257e+02   -3.0424873005e+01    1.3492263122e+01    1.7417784271e+01    6.9795078914e+00   -5.6117841767e+01    1.2956766005e+00    2.6720000000e+03    5.0767660141e-02    3.9338510479e-01
         4   -1.6975221758e+01    2.9030417459e+02   -3.0563337458e+01    1.3588115700e+01    1.7452073679e+01    6.9795078914e+00   -5.6215101022e+01    1.2201819936e+00    2.6720000000e+03    5.2033931017e-02    3.8842627246e-01
         5   -1.6946826337e+01    2.8941466348e+02   -3.0704716238e+01    1.3757889901e+01    1.7602182802e+01    6.9795078914e+00   -5.6427495547e+01    1.1410886163e+00    2.6720000000e+03    4.9942582846e-02    3.8689184132e-01
         6   -1.6939282134e+01    2.8919545408e+02   -3.0791893339e+01    1.3852611205e+01    1.7640869822e+01    6.9795078914e+00   -5.6655245567e+01    1.2429745156e+00    2.6720000000e+03    5.0154626369e-02    3.8934318862e-01
         7   -1.6970724647e+01    2.9020801296e+02   -3.0643101019e+01    1.3672376372e+01    1.7375816526e+01    6.9795078914e+00   -5.6211699456e+01    1.2132740191e+00    2.6720000000e+03    4.9686551094e-02    3.9337574850e-01
         8   -1.6993519638e+01    2.9084791850e+02   -3.0381193004e+01    1.3387673366e+01    1.7224255294e+01    6.9795078914e+00   -5.5706758054e+01    1.1218018644e+00    2.6720000000e+03    5.0141513348e-02    3.9433008982e-01
         9   -1.6991012371e+01    2.9096373880e+02   -3.0637227647e+01    1.3646215276e+01    1.7270268187e+01    6.9795078914e+00   -5.6010546361e+01    1.1235426362e+00    2.6720000000e+03    5.0489544868e-02    3.9458270958e-01
        10   -1.6998675699e+01    2.9106220309e+02   -3.0634098079e+01    1.3635422380e+01    1.7508721034e+01    6.9795078914e+00   -5.6577596932e+01    1.4552699281e+00    2.6720000000e+03    5.0007909536e-02    3.8717252994e-01
        11   -1.6929053689e+01    2.8895203632e+02   -3.0748837145e+01    1.3819783456e+01    1.7618691582e+01    6.9795078914e+00   -5.6534089390e+01    1.1870527716e+00    2.6720000000e+03    4.9410253763e-02    3.9066242515e-01
        12   -1.6964046320e+01    2.9017859007e+02   -3.0640281180e+01    1.3676234860e+01    1.7519721850e+01    6.9795078914e+00   -5.6376787003e+01    1.2372760812e+00    2.6720000000e+03    4.9705743790e-02    3.9149513473e-01
        13   -1.6929550206e+01    2.8885853136e+02   -3.0675857709e+01    1.3746307503e+01    1.7438405431e+01    6.9795078914e+00   -5.6207548512e+01    1.1137774804e+00    2.6720000000e+03    4.9280673265e-02    3.8959580838e-01
        14   -1.6951795654e+01    2.8961331489e+02   -3.1017153058e+01    1.4065357404e+01    1.7742338535e+01    6.9795078914e+00   -5.6870621864e+01    1.1316223796e+00    2.6720000000e+03    4.9798905849e-02    3.8716317365e-01
        15   -1.7007702770e+01    2.9136903081e+02   -3.0315017275e+01    1.3307314505e+01    1.7420892554e+01    6.9795078914e+00   -5.5953811759e+01    1.2383940390e+00    2.6720000000e+03    4.9352854490e-02    3.8921220060e-01
        16   -1.6887069652e+01    2.8753511161e+02   -3.0694088336e+01    1.3807018684e+01    1.7658503363e+01    6.9795078914e+00   -5.6459046518e+01    1.1269469277e+00    2.6720000000e+03    4.9793452024e-02    3.8837013473e-01
        17   -1.6891965816e+01    2.8777774689e+02   -3.0483979474e+01    1.3592013658e+01    1.7419597929e+01    6.9795078914e+00   -5.5920422386e+01    1.0373370926e+00    2.6720000000e+03    4.9336373806e-02    3.9218750000e-01
        18   -1.6943789545e+01    2.8940102315e+02   -3.0542038202e+01    1.3598248656e+01    1.7377999295e+01    6.9795078914e+00   -5.5864790720e+01    9.6524533240e-01    2.6720000000e+03    4.9346148968e-02    3.9330089820e-01
        19   -1.6959727128e+01    2.8990825470e+02   -3.0645858019e+01    1.3686130892e+01    1.7478745538e+01    6.9795078914e+00   -5.6398310059e+01    1.2941986108e+00    2.6720000000e+03    4.9740076065e-02    3.9083083832e-01
        20   -1.6967228603e+01    2.8991999123e+02   -3.0459994106e+01    1.3492765503e+01    1.7367838787e+01    6.9795078914e+00   -5.6171834982e+01    1.3644941973e+00    2.6720000000e+03    4.9601316452e-02    3.8954902695e-01
        21   -1.6917197837e+01    2.8850235422e+02   -3.1273182612e+01    1.4355984775e+01    1.7773138990e+01    6.9795078914e+00   -5.7156666215e+01    1.1308367213e+00    2.6720000000e+03    5.0690144300e-02    3.8750935629e-01
        22   -1.6995341475e+01    2.9118287821e+02   -3.0796733075e+01    1.3801391600e+01    1.7328430036e+01    6.9795078914e+00   -5.6252050288e+01    1.1473792846e+00    2.6720000000e+03    4.9847215414e-02    3.9069985030e-01
        23   -1.6991176853e+01    2.9079795581e+02   -3.0752247985e+01    1.3761071132e+01    1.7526876072e+01    6.9795078914e+00   -5.6532144348e+01    1.2735123999e+00    2.6720000000e+03    5.0406008959e-02    3.8898764970e-01
        24   -1.6950787733e+01    2.8952565959e+02   -3.0489661540e+01    1.3538873807e+01    1.7300125056e+01    6.9795078914e+00   -5.5861182226e+01    1.0918877381e+00    2.6720000000e+03    5.0334095955e-02    3.9207522455e-01
        25   -1.6972444759e+01    2.9018405642e+02   -3.0848340012e+01    1.3875895253e+01    1.7596527890e+01    6.9795078914e+00   -5.6608632691e+01    1.1842568979e+00    2.6720000000e+03    5.0820797682e-02    3.8859468563e-01
        26   -1.6963768217e+01    2.8987255898e+02   -3.0783154903e+01    1.3819386686e+01    1.7565130894e+01    6.9795078914e+00   -5.6518146465e+01    1.1903527757e+00    2.6720000000e+03    5.0722151995e-02    3.9140157186e-01
        27   -1.6948476139e+01    2.8931199670e+02   -3.0687976849e+01    1.3739500711e+01    1.7418472346e+01    6.9795078914e+00   -5.6011096461e+01    9.2513937462e-01    2.6720000000e+03    4.9982577562e-02    3.8833270958e-01
        28   -1.6944824941e+01    2.8939112616e+02   -3.0484963774e+01    1.3540138833e+01    1.7382673816e+01    6.9795078914e+00   -5.5973049437e+01    1.1259039545e+00    2.6720000000e+03    5.0031453371e-02    3.9013847305e-01
        29   -1.6951823760e+01    2.8951876897e+02   -3.0495961797e+01    1.3544138037e+01    1.7417850799e+01    6.9795078914e+00   -5.6140686738e+01    1.2473662515e+00    2.6720000000e+03    5.0096243620e-02    3.9220621257e-01
