#   index    LocalEnergy         LocalEnergy_sq      LocalPotential      Kinetic             ElecElec            IonIon              LocalECP            NonLocalECP         BlockWeight         BlockCPU            AcceptRatio         
         0   -2.1706796859e+01    4.7243941655e+02   -4.1975101570e+01    2.0268304711e+01   -5.3316766386e+00   -2.5551327192e+01   -1.3499438337e+01    2.4073405972e+00    5.1320000000e+03    3.4971079826e+00    9.9808797740e-01
         1   -2.1818322463e+01    4.7724419392e+02   -4.1481032901e+01    1.9662710438e+01   -5.2587383396e+00   -2.5551327192e+01   -1.2811198490e+01    2.1402311205e+00    5.1160000000e+03    3.5528399944e+00    9.9833822092e-01
         2   -2.1834069377e+01    4.7798269891e+02   -4.1944997049e+01    2.0110927672e+01   -5.2816538910e+00   -2.5551327192e+01   -1.3344207110e+01    2.2321911441e+00    5.1120000000e+03    3.4723269939e+00    9.9798347673e-01
         3   -2.1859961313e+01    4.7921133461e+02   -4.2787425032e+01    2.0927463720e+01   -5.3493548728e+00   -2.5551327192e+01   -1.3785165550e+01    1.8984225826e+00    5.1280000000e+03    3.5379779339e+00    9.9820801638e-01
         4   -2.1857693044e+01    4.7914880651e+02   -4.2781187901e+01    2.0923494856e+01   -5.4562095100e+00   -2.5551327192e+01   -1.3930340333e+01    2.1566891344e+00    5.1150000000e+03    3.4759619236e+00    9.9802130154e-01
         5   -2.1836081016e+01    4.7818405310e+02   -4.2860909882e+01    2.1024828866e+01   -5.2807723281e+00   -2.5551327192e+01   -1.4056577316e+01    2.0277669537e+00    5.0210000000e+03    3.4506850243e+00    9.9772478615e-01
         6   -2.1820350922e+01    4.7764878179e+02   -4.2497705668e+01    2.0677354746e+01   -5.1893356792e+00   -2.5551327192e+01   -1.3898985637e+01    2.1419428405e+00    4.9310000000e+03    3.3466019630e+00    9.9827621172e-01
         7   -2.1853244046e+01    4.7891858943e+02   -4.2927136308e+01    2.1073892262e+01   -5.1771617789e+00   -2.5551327192e+01   -1.4228444746e+01    2.0297974086e+00    4.9030000000e+03    3.3128490448e+00    9.9822993073e-01
         8   -2.1840645780e+01    4.7833028708e+02   -4.2829494153e+01    2.0988848373e+01   -5.1680218335e+00   -2.5551327192e+01   -1.4197457691e+01    2.0873125637e+00    4.8490000000e+03    3.2709639072e+00    9.9835051546e-01
         9   -2.1784297316e+01    4.7652426945e+02   -4.2745463339e+01    2.0961166023e+01   -5.3031388771e+00   -2.5551327192e+01   -1.3837481924e+01    1.9464846543e+00    4.7880000000e+03    3.1776490211e+00    9.9830411188e-01
        10   -2.1737112009e+01    4.7375070729e+02   -4.2531260541e+01    2.0794148532e+01   -5.4283964364e+00   -2.5551327192e+01   -1.3579668100e+01    2.0281311870e+00    4.7290000000e+03    3.1590650082e+00    9.9798003802e-01
        11   -2.1794129522e+01    4.7642557693e+02   -4.2116205259e+01    2.0322075737e+01   -5.4169173546e+00   -2.5551327192e+01   -1.3212658662e+01    2.0646979499e+00    4.7530000000e+03    3.2009758949e+00    9.9824852507e-01
        12   -2.1819066961e+01    4.7746298769e+02   -4.2314065571e+01    2.0494998609e+01   -5.3264063284e+00   -2.5551327192e+01   -1.3247204965e+01    1.8108729150e+00    4.8530000000e+03    3.2472388744e+00    9.9796391753e-01
        13   -2.1871447335e+01    4.7983009969e+02   -4.2157893247e+01    2.0286445912e+01   -5.3260901919e+00   -2.5551327192e+01   -1.3257230565e+01    1.9767547020e+00    4.9200000000e+03    3.3711020947e+00    9.9850010169e-01
        14   -2.1802192578e+01    4.7668146200e+02   -4.2149880073e+01    2.0347687495e+01   -5.4658784041e+00   -2.5551327192e+01   -1.3063993438e+01    1.9313189613e+00    4.8500000000e+03    3.3215250969e+00    9.9822311496e-01
        15   -2.1812004150e+01    4.7702062541e+02   -4.2131120287e+01    2.0319116136e+01   -5.5938171648e+00   -2.5551327192e+01   -1.3106762049e+01    2.1207861192e+00    4.9120000000e+03    3.3414661884e+00    9.9782331976e-01
        16   -2.1862799609e+01    4.7921226427e+02   -4.1934805838e+01    2.0072006229e+01   -5.6657774056e+00   -2.5551327192e+01   -1.2702163205e+01    1.9844619649e+00    4.9140000000e+03    3.3457889557e+00    9.9792557524e-01
        17   -2.1755703929e+01    4.7455059475e+02   -4.1422856411e+01    1.9667152483e+01   -5.5829149699e+00   -2.5551327192e+01   -1.1991766879e+01    1.7031526300e+00    4.8650000000e+03    3.3414630890e+00    9.9861453202e-01
        18   -2.1750890925e+01    4.7441658087e+02   -4.1612206466e+01    1.9861315541e+01   -5.5344443026e+00   -2.5551327192e+01   -1.2556962799e+01    2.0305278283e+00    4.7360000000e+03    3.2694120407e+00    9.9806293485e-01
        19   -2.1797986903e+01    4.7639346962e+02   -4.1998187177e+01    2.0200200274e+01   -5.5313356639e+00   -2.5551327192e+01   -1.2669786685e+01    1.7542623643e+00    4.7370000000e+03    3.3108370304e+00    9.9825691950e-01
        20   -2.1798768521e+01    4.7661791399e+02   -4.2233497297e+01    2.0434728776e+01   -5.4452076251e+00   -2.5551327192e+01   -1.2982362293e+01    1.7453998129e+00    4.7370000000e+03    3.2930939198e+00    9.9804687500e-01
        21   -2.1786279257e+01    4.7584798785e+02   -4.1902227006e+01    2.0115947749e+01   -5.4825922741e+00   -2.5551327192e+01   -1.2621869788e+01    1.7535622488e+00    4.8350000000e+03    3.3659980297e+00    9.9862864831e-01
        22   -2.1791827964e+01    4.7624934370e+02   -4.1661863682e+01    1.9870035719e+01   -5.4648139929e+00   -2.5551327192e+01   -1.2586696864e+01    1.9409743672e+00    4.7830000000e+03    3.3829321861e+00    9.9814640769e-01
        23   -2.1822159593e+01    4.7780195609e+02   -4.1910007895e+01    2.0087848302e+01   -5.4508261270e+00   -2.5551327192e+01   -1.2782939899e+01    1.8750853230e+00    4.8000000000e+03    3.3698039055e+00    9.9816099750e-01
        24   -2.1810822972e+01    4.7705077036e+02   -4.2117386274e+01    2.0306563302e+01   -5.5557138843e+00   -2.5551327192e+01   -1.3089624406e+01    2.0792792078e+00    5.0210000000e+03    3.5288319588e+00    9.9808114035e-01
        25   -2.1836448932e+01    4.7804273296e+02   -4.2181026889e+01    2.0344577957e+01   -5.6133463179e+00   -2.5551327192e+01   -1.3062800697e+01    2.0464473179e+00    4.9360000000e+03    3.5568311214e+00    9.9807731228e-01
        26   -2.1935346900e+01    4.8251865874e+02   -4.2017607386e+01    2.0082260486e+01   -5.5226019529e+00   -2.5551327192e+01   -1.3003056985e+01    2.0593787436e+00    4.9680000000e+03    3.5426468849e+00    9.9795990328e-01
        27   -2.1834787024e+01    4.7815017567e+02   -4.2356982848e+01    2.0522195824e+01   -5.4338653499e+00   -2.5551327192e+01   -1.3348037370e+01    1.9762470643e+00    5.0270000000e+03    3.6042459011e+00    9.9800915787e-01
        28   -2.1871460670e+01    4.7956798565e+02   -4.2623691361e+01    2.0752230692e+01   -5.4878431188e+00   -2.5551327192e+01   -1.3428444678e+01    1.8439236272e+00    5.1040000000e+03    3.6917910576e+00    9.9810197884e-01
        29   -2.1843447318e+01    4.7846791959e+02   -4.2555366184e+01    2.0711918866e+01   -5.4431985773e+00   -2.5551327192e+01   -1.3429213146e+01    1.8683727316e+00    5.1630000000e+03    3.7335410118e+00    9.9827903820e-01
        30   -2.1803627716e+01    4.7721248338e+02   -4.2625358315e+01    2.0821730599e+01   -5.4723309398e+00   -2.5551327192e+01   -1.3492200349e+01    1.8905001665e+00    5.2620000000e+03    3.7860119343e+00    9.9839469178e-01
        31   -2.1866550704e+01    4.7955714352e+02   -4.2857122879e+01    2.0990572176e+01   -5.4541855273e+00   -2.5551327192e+01   -1.3787633381e+01    1.9360232206e+00    5.3600000000e+03    3.8709111214e+00    9.9820429104e-01
        32   -2.1895906526e+01    4.8075508217e+02   -4.3122547191e+01    2.1226640665e+01   -5.3911324828e+00   -2.5551327192e+01   -1.4125137948e+01    1.9450504314e+00    5.3630000000e+03    3.8287661076e+00    9.9807494867e-01
        33   -2.1844445942e+01    4.7850818318e+02   -4.2807965035e+01    2.0963519092e+01   -5.4240779989e+00   -2.5551327192e+01   -1.3507203389e+01    1.6746435452e+00    5.5230000000e+03    4.0152080059e+00    9.9771327658e-01
        34   -2.1862403915e+01    4.7932624346e+02   -4.2788738855e+01    2.0926334940e+01   -5.2924623078e+00   -2.5551327192e+01   -1.3433698924e+01    1.4887495690e+00    5.4470000000e+03    3.9341361523e+00    9.9796943833e-01
        35   -2.1866762915e+01    4.7954910863e+02   -4.2994249834e+01    2.1127486919e+01   -5.2378736720e+00   -2.5551327192e+01   -1.3907381129e+01    1.7023321599e+00    5.4900000000e+03    3.9651730061e+00    9.9816712204e-01
        36   -2.1814575449e+01    4.7720779659e+02   -4.2472156951e+01    2.0657581502e+01   -5.2773506494e+00   -2.5551327192e+01   -1.3510509984e+01    1.8670308744e+00    5.2540000000e+03    3.8774349689e+00    9.9837646947e-01
        37   -2.1821937868e+01    4.7769582955e+02   -4.2942432916e+01    2.1120495048e+01   -5.2789541841e+00   -2.5551327192e+01   -1.3952062954e+01    1.8399114142e+00    5.0750000000e+03    3.7260360718e+00    9.9806764474e-01
        38   -2.1860787737e+01    4.7926643744e+02   -4.2673620314e+01    2.0812832576e+01   -5.3473154697e+00   -2.5551327192e+01   -1.3872115149e+01    2.0971374975e+00    4.9760000000e+03    3.5752699375e+00    9.9821715548e-01
        39   -2.1939577410e+01    4.8259229545e+02   -4.2869565560e+01    2.0929988150e+01   -5.3513603441e+00   -2.5551327192e+01   -1.3851090005e+01    1.8842119809e+00    4.9740000000e+03    3.5805249214e+00    9.9825341777e-01
        40   -2.1860741236e+01    4.7917597258e+02   -4.2625275650e+01    2.0764534414e+01   -5.3014880145e+00   -2.5551327192e+01   -1.3851907920e+01    2.0794474768e+00    4.9770000000e+03    3.5280311108e+00    9.9825482121e-01
        41   -2.1815427967e+01    4.7727861675e+02   -4.2355292018e+01    2.0539864051e+01   -5.3613695414e+00   -2.5551327192e+01   -1.3712501300e+01    2.2699060158e+00    4.8620000000e+03    3.5416860580e+00    9.9805048225e-01
        42   -2.1810739165e+01    4.7694309657e+02   -4.2324678618e+01    2.0513939453e+01   -5.4481490180e+00   -2.5551327192e+01   -1.3295194499e+01    1.9699920909e+00    4.7110000000e+03    3.3823139668e+00    9.9799670983e-01
        43   -2.1780110322e+01    4.7560896365e+02   -4.2820609349e+01    2.1040499026e+01   -5.3399121596e+00   -2.5551327192e+01   -1.4035467188e+01    2.1060971907e+00    4.6950000000e+03    3.4011218548e+00    9.9817819149e-01
        44   -2.1780866141e+01    4.7556122453e+02   -4.2553233823e+01    2.0772367682e+01   -5.3094745657e+00   -2.5551327192e+01   -1.3931806951e+01    2.2393748857e+00    4.6230000000e+03    3.3530688286e+00    9.9828341263e-01
        45   -2.1772303315e+01    4.7528776835e+02   -4.2463675752e+01    2.0691372437e+01   -5.2341869586e+00   -2.5551327192e+01   -1.3898907295e+01    2.2207456935e+00    4.6030000000e+03    3.3032150269e+00    9.9838420595e-01
        46   -2.1825722610e+01    4.7778580506e+02   -4.2355525011e+01    2.0529802401e+01   -5.2649578000e+00   -2.5551327192e+01   -1.3654885631e+01    2.1156456119e+00    4.6290000000e+03    3.3300781250e+00    9.9842096739e-01
        47   -2.1826453679e+01    4.7771187779e+02   -4.2087128416e+01    2.0260674737e+01   -5.2942924152e+00   -2.5551327192e+01   -1.3576351191e+01    2.3348423820e+00    4.6690000000e+03    3.3302881718e+00    9.9843079399e-01
        48   -2.1848521965e+01    4.7860009331e+02   -4.2282327115e+01    2.0433805150e+01   -5.3203799094e+00   -2.5551327192e+01   -1.3802467165e+01    2.3918471519e+00    4.8050000000e+03    3.5222711563e+00    9.9837375104e-01
        49   -2.1822444747e+01    4.7742023695e+02   -4.2177691299e+01    2.0355246552e+01   -5.3493457397e+00   -2.5551327192e+01   -1.3539337024e+01    2.2623186568e+00    4.8740000000e+03    3.5487527847e+00    9.9804847987e-01
        50   -2.1768131964e+01    4.7509763079e+02   -4.2006101295e+01    2.0237969331e+01   -5.5155302237e+00   -2.5551327192e+01   -1.3211009273e+01    2.2717653935e+00    4.8370000000e+03    3.5690281391e+00    9.9808963238e-01
        51   -2.1767174821e+01    4.7504774623e+02   -4.2331989578e+01    2.0564814757e+01   -5.4891951415e+00   -2.5551327192e+01   -1.3214194360e+01    1.9227271161e+00    4.7520000000e+03    3.4600999355e+00    9.9833035339e-01
        52   -2.1855256285e+01    4.7910461663e+02   -4.2410322587e+01    2.0555066303e+01   -5.4660060312e+00   -2.5551327192e+01   -1.3042412929e+01    1.6494235652e+00    4.7720000000e+03    3.4615049362e+00    9.9813980298e-01
        53   -2.1884151471e+01    4.8027583639e+02   -4.2214131417e+01    2.0329979946e+01   -5.4370360771e+00   -2.5551327192e+01   -1.3256189535e+01    2.0304213870e+00    4.8170000000e+03    3.4530680180e+00    9.9814343581e-01
        54   -2.1857960640e+01    4.7910699897e+02   -4.2321021755e+01    2.0463061114e+01   -5.4913850132e+00   -2.5551327192e+01   -1.3417129890e+01    2.1388203408e+00    4.8790000000e+03    3.5757000446e+00    9.9826958573e-01
        55   -2.1943857069e+01    4.8283969839e+02   -4.2406575344e+01    2.0462718274e+01   -5.3435757535e+00   -2.5551327192e+01   -1.3563692608e+01    2.0520202106e+00    4.9240000000e+03    3.5446960926e+00    9.9843781752e-01
        56   -2.1924822593e+01    4.8197510745e+02   -4.2752884993e+01    2.0828062400e+01   -5.4091785794e+00   -2.5551327192e+01   -1.3788045656e+01    1.9956664340e+00    4.9310000000e+03    3.5204439163e+00    9.9816251014e-01
        57   -2.1894931293e+01    4.8069024728e+02   -4.2465636867e+01    2.0570705574e+01   -5.4247943773e+00   -2.5551327192e+01   -1.3551092459e+01    2.0615771609e+00    4.9160000000e+03    3.5540180206e+00    9.9820774863e-01
        58   -2.1896009276e+01    4.8074954071e+02   -4.2186938054e+01    2.0290928778e+01   -5.3656803064e+00   -2.5551327192e+01   -1.3443745180e+01    2.1738146250e+00    4.8980000000e+03    3.5116829872e+00    9.9807515807e-01
        59   -2.1900620666e+01    4.8093438788e+02   -4.2691566468e+01    2.0790945802e+01   -5.4523297179e+00   -2.5551327192e+01   -1.3858015399e+01    2.1701058415e+00    4.8860000000e+03    3.5081560612e+00    9.9827171241e-01
