#   index    LocalEnergy         LocalEnergy_sq      LocalPotential      Kinetic             ElecElec            IonIon              IonElec             BlockWeight         BlockCPU            AcceptRatio         
         0   -7.6311076489e+01    5.8250953224e+03   -1.8539039025e+02    1.0907931376e+02    3.6564988111e+01    9.1895337630e+00   -2.3114491212e+02    2.0000000000e+03    2.5593724847e-01    3.0907000000e-01
         1   -7.6253132387e+01    5.8162524972e+03   -1.5666226017e+02    8.0409127778e+01    3.7425481472e+01    9.1895337630e+00   -2.0327727540e+02    2.0000000000e+03    2.6678761840e-01    3.0915000000e-01
         2   -7.6462551552e+01    5.8487284156e+03   -1.7411105391e+02    9.7648502363e+01    3.7770721484e+01    9.1895337630e+00   -2.2107130916e+02    2.0000000000e+03    2.7062484622e-01    3.0857000000e-01
         3   -7.6388083034e+01    5.8366167645e+03   -1.3534483100e+02    5.8956747962e+01    3.7585595665e+01    9.1895337630e+00   -1.8211996042e+02    2.0000000000e+03    2.6371660829e-01    3.1104000000e-01
         4   -7.6522823876e+01    5.8579137449e+03   -1.5226486564e+02    7.5742041763e+01    3.7593525800e+01    9.1895337630e+00   -1.9904792520e+02    2.0000000000e+03    2.6348391175e-01    3.1282000000e-01
         5   -7.6415625136e+01    5.8412008585e+03   -1.5236539116e+02    7.5949766025e+01    3.6874887306e+01    9.1895337630e+00   -1.9842981223e+02    2.0000000000e+03    2.6590356231e-01    3.1112000000e-01
         6   -7.6456808727e+01    5.8476085819e+03   -1.6132506764e+02    8.4868258908e+01    3.7774514252e+01    9.1895337630e+00   -2.0828911565e+02    2.0000000000e+03    2.6368761063e-01    3.0664000000e-01
         7   -7.6456667543e+01    5.8480674466e+03   -1.8285661836e+02    1.0639995082e+02    3.7489239565e+01    9.1895337630e+00   -2.2953539169e+02    2.0000000000e+03    2.6398718357e-01    3.1130000000e-01
         8   -7.6439084922e+01    5.8453338426e+03   -1.3765793418e+02    6.1218849259e+01    3.7188782542e+01    9.1895337630e+00   -1.8403625049e+02    2.0000000000e+03    2.6208269596e-01    3.0908000000e-01
         9   -7.6500738267e+01    5.8543365182e+03   -1.5783210625e+02    8.1331367982e+01    3.8043985999e+01    9.1895337630e+00   -2.0506562601e+02    2.0000000000e+03    2.6613685489e-01    3.1009000000e-01
        10   -7.6291478206e+01    5.8247080475e+03   -1.7588357517e+02    9.9592096966e+01    3.6527254319e+01    9.1895337630e+00   -2.2160036326e+02    2.0000000000e+03    2.6706492901e-01    3.1068000000e-01
        11   -7.6322739659e+01    5.8267482343e+03   -1.5399193437e+02    7.7669194707e+01    3.6750002085e+01    9.1895337630e+00   -1.9993147021e+02    2.0000000000e+03    2.5800114870e-01    3.0880000000e-01
        12   -7.6470275072e+01    5.8497142611e+03   -1.3146735757e+02    5.4997082494e+01    3.7855682383e+01    9.1895337630e+00   -1.7851257371e+02    2.0000000000e+03    2.6310077310e-01    3.1203000000e-01
        13   -7.6391770148e+01    5.8375157172e+03   -1.3747265262e+02    6.1080882469e+01    3.6565326835e+01    9.1895337630e+00   -1.8322751321e+02    2.0000000000e+03    2.7905845642e-01    3.1149000000e-01
        14   -7.6492656184e+01    5.8526807409e+03   -1.2852856285e+02    5.2035906668e+01    3.6343136208e+01    9.1895337630e+00   -1.7406123282e+02    2.0000000000e+03    2.6174652576e-01    3.1053000000e-01
        15   -7.6413478795e+01    5.8408044675e+03   -1.5567801917e+02    7.9264540373e+01    3.7977451581e+01    9.1895337630e+00   -2.0284500451e+02    2.0000000000e+03    2.5993278623e-01    3.0738000000e-01
        16   -7.6338366842e+01    5.8293871701e+03   -1.5457778389e+02    7.8239417050e+01    3.6785237093e+01    9.1895337630e+00   -2.0055255475e+02    2.0000000000e+03    2.6320999861e-01    3.1151000000e-01
        17   -7.6352858988e+01    5.8314673960e+03   -1.3430700774e+02    5.7954148756e+01    3.7439075605e+01    9.1895337630e+00   -1.8093561711e+02    2.0000000000e+03    2.6224774122e-01    3.1211000000e-01
        18   -7.6456693883e+01    5.8472902083e+03   -1.2979361608e+02    5.3336922200e+01    3.7167647270e+01    9.1895337630e+00   -1.7615079712e+02    2.0000000000e+03    2.5610241294e-01    3.1022000000e-01
        19   -7.6492516308e+01    5.8526332206e+03   -1.4852473044e+02    7.2032214129e+01    3.7265992850e+01    9.1895337630e+00   -1.9498025705e+02    2.0000000000e+03    2.5521892309e-01    3.0934000000e-01
        20   -7.6430066970e+01    5.8429690349e+03   -1.4309681393e+02    6.6666746957e+01    3.6581630329e+01    9.1895337630e+00   -1.8886797802e+02    2.0000000000e+03    2.5436168909e-01    3.0802000000e-01
        21   -7.6348646286e+01    5.8306409743e+03   -1.5280520055e+02    7.6456554267e+01    3.6816949892e+01    9.1895337630e+00   -1.9881168421e+02    2.0000000000e+03    2.5423097610e-01    3.1121000000e-01
        22   -7.6388121109e+01    5.8369400894e+03   -1.3755302241e+02    6.1164901301e+01    3.7051527113e+01    9.1895337630e+00   -1.8379408329e+02    2.0000000000e+03    2.5432094932e-01    3.0798000000e-01
        23   -7.6386549947e+01    5.8365889736e+03   -1.5921527721e+02    8.2828727264e+01    3.7612492499e+01    9.1895337630e+00   -2.0601730347e+02    2.0000000000e+03    2.5442388654e-01    3.1159000000e-01
        24   -7.6424449334e+01    5.8422302917e+03   -1.3612845252e+02    5.9704003189e+01    3.6416223287e+01    9.1895337630e+00   -1.8173420957e+02    2.0000000000e+03    2.5532883406e-01    3.1076000000e-01
        25   -7.6431622802e+01    5.8439959373e+03   -1.3779140786e+02    6.1359785055e+01    3.6922422978e+01    9.1895337630e+00   -1.8390336460e+02    2.0000000000e+03    2.5456508994e-01    3.0923000000e-01
        26   -7.6389021189e+01    5.8368792416e+03   -1.4231418082e+02    6.5925159632e+01    3.6454429655e+01    9.1895337630e+00   -1.8795814424e+02    2.0000000000e+03    2.5464776158e-01    3.1185000000e-01
        27   -7.6365818451e+01    5.8336991634e+03   -1.6831720905e+02    9.1951390603e+01    3.7470387584e+01    9.1895337630e+00   -2.1497713040e+02    2.0000000000e+03    2.5438070297e-01    3.0756000000e-01
        28   -7.6456078907e+01    5.8473539540e+03   -1.5541806682e+02    7.8961987909e+01    3.7082334409e+01    9.1895337630e+00   -2.0168993499e+02    2.0000000000e+03    2.5574478507e-01    3.0847000000e-01
        29   -7.6227679109e+01    5.8121926624e+03   -1.7429466845e+02    9.8066989344e+01    3.6866689488e+01    9.1895337630e+00   -2.2035089170e+02    2.0000000000e+03    2.5472050905e-01    3.0937000000e-01
        30   -7.6398406111e+01    5.8385695137e+03   -1.8238298654e+02    1.0598458043e+02    3.8115435812e+01    9.1895337630e+00   -2.2968795611e+02    2.0000000000e+03    2.5413414836e-01    3.0860000000e-01
        31   -7.6383535752e+01    5.8365977386e+03   -1.4325431615e+02    6.6870780396e+01    3.7045750542e+01    9.1895337630e+00   -1.8948960045e+02    2.0000000000e+03    2.5647813082e-01    3.0786000000e-01
        32   -7.6268978635e+01    5.8188490527e+03   -1.3546970941e+02    5.9200730777e+01    3.7261450009e+01    9.1895337630e+00   -1.8192069318e+02    2.0000000000e+03    2.5600177050e-01    3.0966000000e-01
        33   -7.6347062505e+01    5.8310040966e+03   -1.4267442838e+02    6.6327365870e+01    3.7256399049e+01    9.1895337630e+00   -1.8912036119e+02    2.0000000000e+03    2.5797522068e-01    3.1203000000e-01
        34   -7.6250045872e+01    5.8166008632e+03   -1.8789123641e+02    1.1164119053e+02    3.7457536721e+01    9.1895337630e+00   -2.3453830689e+02    2.0000000000e+03    2.6116618514e-01    3.1081000000e-01
        35   -7.6401593767e+01    5.8394262944e+03   -1.5190048410e+02    7.5498890328e+01    3.7232422312e+01    9.1895337630e+00   -1.9832244017e+02    2.0000000000e+03    2.6212283969e-01    3.0680000000e-01
        36   -7.6354452326e+01    5.8316520870e+03   -1.3612892947e+02    5.9774477142e+01    3.6617398134e+01    9.1895337630e+00   -1.8193586136e+02    2.0000000000e+03    2.6424703002e-01    3.0644000000e-01
        37   -7.6408967405e+01    5.8408318987e+03   -1.3388412442e+02    5.7475157019e+01    3.6279993345e+01    9.1895337630e+00   -1.7935365153e+02    2.0000000000e+03    2.6105678082e-01    3.1174000000e-01
        38   -7.6371114650e+01    5.8342663306e+03   -1.4680756051e+02    7.0436445863e+01    3.7155214693e+01    9.1895337630e+00   -1.9315230897e+02    2.0000000000e+03    2.6187416911e-01    3.0960000000e-01
        39   -7.6342501773e+01    5.8297849107e+03   -1.3643855383e+02    6.0096052056e+01    3.6969026255e+01    9.1895337630e+00   -1.8259711385e+02    2.0000000000e+03    2.5844880939e-01    3.0749000000e-01
        40   -7.6298324390e+01    5.8231776158e+03   -1.5647978753e+02    8.0181463141e+01    3.7656980318e+01    9.1895337630e+00   -2.0332630161e+02    2.0000000000e+03    2.6137045026e-01    3.1015000000e-01
        41   -7.6370585812e+01    5.8344689767e+03   -1.7264333704e+02    9.6272751228e+01    3.7011580136e+01    9.1895337630e+00   -2.1884445094e+02    2.0000000000e+03    2.6434257627e-01    3.1234000000e-01
        42   -7.6439419979e+01    5.8448579735e+03   -1.5214604758e+02    7.5706627601e+01    3.6763127277e+01    9.1895337630e+00   -1.9809870862e+02    2.0000000000e+03    2.6209861040e-01    3.1216000000e-01
        43   -7.6338902115e+01    5.8292902937e+03   -1.6026019274e+02    8.3921290622e+01    3.6993544897e+01    9.1895337630e+00   -2.0644327140e+02    2.0000000000e+03    2.6236653328e-01    3.1181000000e-01
        44   -7.6342487725e+01    5.8315542132e+03   -1.6497766948e+02    8.8635181756e+01    3.7680388337e+01    9.1895337630e+00   -2.1184759158e+02    2.0000000000e+03    2.6354971528e-01    3.0936000000e-01
        45   -7.6342516710e+01    5.8301198170e+03   -1.5016859885e+02    7.3826082140e+01    3.7151372836e+01    9.1895337630e+00   -1.9650950545e+02    2.0000000000e+03    2.6193583012e-01    3.1147000000e-01
        46   -7.6535821479e+01    5.8601686790e+03   -1.5934044251e+02    8.2804621036e+01    3.6873082955e+01    9.1895337630e+00   -2.0540305923e+02    2.0000000000e+03    2.6144742966e-01    3.0986000000e-01
        47   -7.6491733619e+01    5.8533885899e+03   -1.5128864087e+02    7.4796907255e+01    3.7200315775e+01    9.1895337630e+00   -1.9767849041e+02    2.0000000000e+03    2.6153028011e-01    3.0970000000e-01
        48   -7.6345992435e+01    5.8312283021e+03   -1.3838332657e+02    6.2037334135e+01    3.7113757131e+01    9.1895337630e+00   -1.8468661746e+02    2.0000000000e+03    2.6663431525e-01    3.0805000000e-01
        49   -7.6410710852e+01    5.8404068855e+03   -1.5820684141e+02    8.1796130557e+01    3.6757080439e+01    9.1895337630e+00   -2.0415345561e+02    2.0000000000e+03    2.7100437880e-01    3.1239000000e-01
        50   -7.6378007269e+01    5.8352841810e+03   -1.4224535626e+02    6.5867348993e+01    3.6564905369e+01    9.1895337630e+00   -1.8799979539e+02    2.0000000000e+03    2.7302047610e-01    3.1055000000e-01
        51   -7.6434598141e+01    5.8452525892e+03   -1.7695028902e+02    1.0051569088e+02    3.8386056767e+01    9.1895337630e+00   -2.2452587955e+02    2.0000000000e+03    2.7131718397e-01    3.0519000000e-01
        52   -7.6356073039e+01    5.8330528115e+03   -1.3994391055e+02    6.3587837512e+01    3.7032284489e+01    9.1895337630e+00   -1.8616572880e+02    2.0000000000e+03    2.7051025629e-01    3.1060000000e-01
        53   -7.6368142124e+01    5.8335538340e+03   -1.3745153793e+02    6.1083395809e+01    3.7321302523e+01    9.1895337630e+00   -1.8396237422e+02    2.0000000000e+03    2.7544456720e-01    3.1135000000e-01
        54   -7.6574053948e+01    5.8656704608e+03   -1.2959696396e+02    5.3022910012e+01    3.6964703325e+01    9.1895337630e+00   -1.7575120105e+02    2.0000000000e+03    2.7192977071e-01    3.1067000000e-01
        55   -7.6516202501e+01    5.8572440709e+03   -1.5794913777e+02    8.1432935273e+01    3.9161763764e+01    9.1895337630e+00   -2.0630043530e+02    2.0000000000e+03    2.7224987745e-01    3.0951000000e-01
        56   -7.6325245069e+01    5.8275087433e+03   -1.3757720356e+02    6.1251958493e+01    3.6978989224e+01    9.1895337630e+00   -1.8374572655e+02    2.0000000000e+03    2.7197617292e-01    3.1110000000e-01
        57   -7.6380113150e+01    5.8356286994e+03   -1.4659012971e+02    7.0210016557e+01    3.6730643710e+01    9.1895337630e+00   -1.9251030718e+02    2.0000000000e+03    2.7406412363e-01    3.0996000000e-01
        58   -7.6312128056e+01    5.8251238460e+03   -1.2586483647e+02    4.9552708414e+01    3.6883921080e+01    9.1895337630e+00   -1.7193829131e+02    2.0000000000e+03    2.7203941345e-01    3.0995000000e-01
        59   -7.6438918581e+01    5.8474045503e+03   -1.6384018130e+02    8.7401262719e+01    3.6619684659e+01    9.1895337630e+00   -2.0964939972e+02    2.0000000000e+03    2.7223965526e-01    3.1114000000e-01
        60   -7.6412691659e+01    5.8402630531e+03   -1.3649027203e+02    6.0077580368e+01    3.6820392798e+01    9.1895337630e+00   -1.8250019859e+02    2.0000000000e+03    2.7227836847e-01    3.0873000000e-01
        61   -7.6486899489e+01    5.8518773350e+03   -1.6707419290e+02    9.0587293409e+01    3.8872502387e+01    9.1895337630e+00   -2.1513622905e+02    2.0000000000e+03    2.7143293619e-01    3.0991000000e-01
        62   -7.6411826196e+01    5.8412466365e+03   -1.6894967216e+02    9.2537845962e+01    3.7415181940e+01    9.1895337630e+00   -2.1555438786e+02    2.0000000000e+03    2.7135220170e-01    3.0870000000e-01
        63   -7.6387119852e+01    5.8369665169e+03   -1.6123207310e+02    8.4844953252e+01    3.7232955760e+01    9.1895337630e+00   -2.0765456263e+02    2.0000000000e+03    2.6854068041e-01    3.0978000000e-01
        64   -7.6448952712e+01    5.8484151034e+03   -1.4586526204e+02    6.9416309325e+01    3.6904008748e+01    9.1895337630e+00   -1.9195880455e+02    2.0000000000e+03    2.6761794090e-01    3.1122000000e-01
        65   -7.6412959485e+01    5.8412770372e+03   -1.5691820434e+02    8.0505244857e+01    3.7907226238e+01    9.1895337630e+00   -2.0401496434e+02    2.0000000000e+03    2.6951646805e-01    3.0845000000e-01
        66   -7.6362763681e+01    5.8334991608e+03   -1.4889903536e+02    7.2536271674e+01    3.7357250270e+01    9.1895337630e+00   -1.9544581939e+02    2.0000000000e+03    2.6858946681e-01    3.0829000000e-01
        67   -7.6401955790e+01    5.8390454507e+03   -1.4968714515e+02    7.3285189361e+01    3.7047514858e+01    9.1895337630e+00   -1.9592419377e+02    2.0000000000e+03    2.6902097464e-01    3.0999000000e-01
        68   -7.6320611309e+01    5.8265892241e+03   -1.4757071359e+02    7.1250102282e+01    3.6953758953e+01    9.1895337630e+00   -1.9371400631e+02    2.0000000000e+03    2.7044856548e-01    3.0994000000e-01
        69   -7.6433938218e+01    5.8441451586e+03   -1.6462846083e+02    8.8194522608e+01    3.7275679275e+01    9.1895337630e+00   -2.1109367386e+02    2.0000000000e+03    2.6995697618e-01    3.0918000000e-01
        70   -7.6534547309e+01    5.8611653689e+03   -1.7457250752e+02    9.8037960206e+01    3.7485090483e+01    9.1895337630e+00   -2.2124713176e+02    2.0000000000e+03    2.6936143637e-01    3.0769000000e-01
        71   -7.6534285687e+01    5.8592091002e+03   -1.5094212341e+02    7.4407837724e+01    3.7241481842e+01    9.1895337630e+00   -1.9737313902e+02    2.0000000000e+03    2.7006641030e-01    3.0803000000e-01
        72   -7.6413800441e+01    5.8412629777e+03   -1.6101290418e+02    8.4599103737e+01    3.7227786695e+01    9.1895337630e+00   -2.0743022464e+02    2.0000000000e+03    2.6490095258e-01    3.1042000000e-01
        73   -7.6350955600e+01    5.8313157706e+03   -1.7289432121e+02    9.6543365606e+01    3.7803143684e+01    9.1895337630e+00   -2.1988699865e+02    2.0000000000e+03    2.6563030481e-01    3.0804000000e-01
        74   -7.6421356916e+01    5.8436239087e+03   -1.5808558063e+02    8.1664223709e+01    3.6976394855e+01    9.1895337630e+00   -2.0425150924e+02    2.0000000000e+03    2.6587268710e-01    3.0921000000e-01
        75   -7.6348919963e+01    5.8307956000e+03   -1.4120677508e+02    6.4857855122e+01    3.6873978883e+01    9.1895337630e+00   -1.8727028773e+02    2.0000000000e+03    2.6807042956e-01    3.1175000000e-01
        76   -7.6295792927e+01    5.8227814054e+03   -1.4035766051e+02    6.4061867582e+01    3.7344986558e+01    9.1895337630e+00   -1.8689218083e+02    2.0000000000e+03    2.6817873120e-01    3.1000000000e-01
        77   -7.6391562414e+01    5.8379294175e+03   -1.3806870852e+02    6.1677146109e+01    3.7181243742e+01    9.1895337630e+00   -1.8443948603e+02    2.0000000000e+03    2.6088148355e-01    3.1054000000e-01
        78   -7.6486396677e+01    5.8516474023e+03   -1.4670596355e+02    7.0219566874e+01    3.7263818389e+01    9.1895337630e+00   -1.9315931570e+02    2.0000000000e+03    2.6352864504e-01    3.0822000000e-01
        79   -7.6355735137e+01    5.8320962480e+03   -1.4660988463e+02    7.0254149496e+01    3.6969193933e+01    9.1895337630e+00   -1.9276861233e+02    2.0000000000e+03    2.5918710232e-01    3.1169000000e-01
