# block  time  nWalkers weight PseudoEloc LogOvlpFactor EnergyEstim__nume_real  EnergyEstim__nume_imag EnergyEstim__deno_real  EnergyEstim__deno_imag EnergyEstim__timer EnergyEstim__nume_real  EnergyEstim__nume_imag EnergyEstim__deno_real  EnergyEstim__deno_imag EnergyEstim__timer OneBodyEnergyEstim__nume_real ECoulEnergyEstim__nume_real EXXEnergyEstim__nume_real Eshift freeMemory 
1 0.05 800 812.831 -55.79820072573316 -0.04672366509498288 -128.5628403600061 -8.158599016388025e-05 1 -2.359694390872879e-18 0.004111676011234522 -128.5628403600061 -8.158599016388025e-05 1 -2.359694390872879e-18 0 -182.4031618663778 -12.05379259680532 65.89411410317707 -62.6334259558  124069 
2 0.1 800 799.988 -62.59505054739653 -0.1062295997421379 -128.6048546354696 0.0003515875276631467 1 -1.20620921744914e-19 0.004068204667419195 -128.6048546354696 0.0003515875276631467 1 -1.20620921744914e-19 0 -182.4012153821721 -12.03414461555799 65.8305053622605 -62.5911666619  124069 
3 0.15 800 800.01 -62.59412134636473 -0.1494576498746102 -128.6332923273098 0.0003923658237537145 0.9999999999999999 1.917638943282866e-18 0.003947173245251179 -128.6332923273098 0.0003923658237537145 0.9999999999999999 1.917638943282866e-18 0 -182.4021600344552 -12.01916269036786 65.78803039751321 -62.680824348  124069 
4 0.2 800 799.987 -62.64824916171582 -0.1767379697505198 -128.6502184174941 -0.000390149639538487 1 -1.16883453465558e-18 0.003920415416359901 -128.6502184174941 -0.000390149639538487 1 -1.16883453465558e-18 0 -182.3851838945501 -12.0082610887397 65.74322656579567 -62.6813165902  124069 
5 0.25 800 799.975 -62.67503991997091 -0.1978232703925176 -128.6702736254408 0.001488030668369218 1 9.534120754321362e-19 0.003918985370546579 -128.6702736254408 0.001488030668369218 1 9.534120754321362e-19 0 -182.3719600526433 -11.99694665168697 65.69863307888943 -62.6408138202  124069 
6 0.3 800 799.993 -62.69563914230872 -0.218970482670987 -128.6807433154869 -0.0004449445388110549 0.9999999999999999 6.558142093842463e-19 0.003876199014484882 -128.6807433154869 -0.0004449445388110549 0.9999999999999999 6.558142093842463e-19 0 -182.3652785496207 -11.99092529174391 65.67546052587767 -62.7119627896  124070 
7 0.35 800 799.948 -62.69595313559246 -0.2307925711734679 -128.6860398097323 -0.002459710437281113 1 3.128187278299379e-18 0.00385778397321701 -128.6860398097323 -0.002459710437281113 1 3.128187278299379e-18 0 -182.3615511412348 -11.98709763387209 65.66260896537456 -62.580340601  124070 
8 0.4 800 799.979 -62.66377194197814 -0.240153242207032 -128.6888676883088 -0.004027955883694469 1 1.405205147270562e-19 0.003884621895849705 -128.6888676883088 -0.004027955883694469 1 1.405205147270562e-19 0 -182.3402184694265 -11.9826130188908 65.63396380000846 -62.6206786962  124070 
9 0.45 800 799.985 -62.68986756535374 -0.2478970703414285 -128.6922470902647 -0.002558037163552216 1 -7.135065604731473e-19 0.003865293227136135 -128.6922470902647 -0.002558037163552216 1 -7.135065604731473e-19 0 -182.3352187771931 -11.97864793350225 65.62161962043064 -62.6939381743  124070 
10 0.5 800 799.981 -62.7080735708274 -0.2541348705510297 -128.6952475041719 0.0003670286639787956 1 -1.722579077433687e-18 0.003869790118187666 -128.6952475041719 0.0003670286639787956 1 -1.722579077433687e-18 0 -182.3309195825879 -11.97542812556568 65.61110020398169 -62.7620988549  124070 
11 0.55 800 799.949 -62.72020386149217 -0.2617560937286286 -128.7003126841323 -0.000956358301280425 1 3.130071560826543e-19 0.003842162899672985 -128.7003126841323 -0.000956358301280425 1 3.130071560826543e-19 0 -182.326881224437 -11.97363368582629 65.60020222613093 -62.6679204758  124070 
12 0.6 800 799.97 -62.71275750997236 -0.2686809382943125 -128.705455845537 -0.001320471481761001 0.9999999999999999 1.309330563136834e-19 0.003905942663550377 -128.705455845537 -0.001320471481761001 0.9999999999999999 1.309330563136834e-19 0 -182.3241579960046 -11.97046905890067 65.58917120936829 -62.6988230746  124070 
13 0.65 800 799.951 -62.72209863524839 -0.2735857710053888 -128.7066820730387 -0.002306350468887927 1 -1.896212241628025e-18 0.003874638117849827 -128.7066820730387 -0.002306350468887927 1 -1.896212241628025e-18 0 -182.3152797929751 -11.96797747468493 65.5765751946214 -62.6437400357  124070 
14 0.7 800 799.974 -62.70506332691484 -0.2788690921532799 -128.7143400750887 -0.003965675290954858 0.9999999999999999 -4.990986946609672e-18 0.003839472774416208 -128.7143400750887 -0.003965675290954858 0.9999999999999999 -4.990986946609672e-18 0 -182.2994242546136 -11.96410980691919 65.54919398644405 -62.7148849344  124070 
15 0.75 800 799.922 -62.69366089862133 -0.281254539391811 -128.7138499794985 -0.003278583525080342 1 -3.527340746845096e-18 0.003820652142167091 -128.7138499794985 -0.003278583525080342 1 -3.527340746845096e-18 0 -182.3055151788264 -11.96484767162552 65.55651287095341 -62.5206477023  124070 
16 0.8 800 799.974 -62.71545456700612 -0.2849060623548242 -128.7136337161075 0.0002051735831893421 1 -1.84103205069144e-18 0.003834831062704325 -128.7136337161075 0.0002051735831893421 1 -1.84103205069144e-18 0 -182.3188986106059 -11.96765559336266 65.57292048786107 -62.6060004188  124070 
17 0.85 800 799.999 -62.73992637409854 -0.2888991628958631 -128.7097723388205 -0.001667359190700804 1 -1.050807639077643e-18 0.003829998895525932 -128.7097723388205 -0.001667359190700804 1 -1.050807639077643e-18 0 -182.2901991552983 -11.96262935096294 65.54305616744075 -62.8148675546  124070 
18 0.9 800 799.939 -62.6832281392326 -0.2883635322219019 -128.6997338860651 -0.00230018819647593 1 5.422910434090234e-18 0.004015236161649227 -128.6997338860651 -0.00230018819647593 1 5.422910434090234e-18 0 -182.2709768039014 -11.96221481630561 65.5334577341419 -62.7251703893  124070 
19 0.95 800 799.955 -62.7129409560723 -0.2888961674505905 -128.7018212827006 -0.001011634122884455 0.9999999999999998 -6.601565172237282e-19 0.003797684796154499 -128.7018212827006 -0.001011634122884455 0.9999999999999998 -6.601565172237282e-19 0 -182.2725880136361 -11.96107722411978 65.53184395505525 -62.703855245  124070 
20 1 800 799.964 -62.72158692049121 -0.289750214124188 -128.693982026157 -0.00260503311598359 0.9999999999999998 2.786184755194608e-18 0.003946602344512939 -128.693982026157 -0.00260503311598359 0.9999999999999998 2.786184755194608e-18 0 -182.249635132513 -11.95961726711578 65.51527037347184 -62.7189991804  124070 
21 1.05 800 799.965 -62.73628188090198 -0.295048364665824 -128.704878859807 -0.003156959200030893 1 5.418415294477473e-18 0.003814773634076118 -128.704878859807 -0.003156959200030893 1 5.418415294477473e-18 0 -182.255669508112 -11.95661878854789 65.50740943685292 -62.7543011939  124070 
22 1.1 800 799.945 -62.71428127861297 -0.2985701336067438 -128.7068732735675 -0.002482270452626822 1 2.292954153794056e-19 0.003826294559985399 -128.7068732735675 -0.002482270452626822 1 2.292954153794056e-19 0 -182.2366473923207 -11.95385995634699 65.48363407510021 -62.6992724317  124070 
23 1.15 800 799.944 -62.73071451282662 -0.3017060712108015 -128.7134816756498 -0.002783702096566401 1 3.971492452924624e-18 0.003803562372922897 -128.7134816756498 -0.002783702096566401 1 3.971492452924624e-18 0 -182.2401197791526 -11.95227545214128 65.47891355564406 -62.6490805966  124070 
24 1.2 800 799.981 -62.75611178899241 -0.3019345344506256 -128.7095964419069 -0.00603983173040441 1 -2.290709064872669e-18 0.00379167590290308 -128.7095964419069 -0.00603983173040441 1 -2.290709064872669e-18 0 -182.258801056586 -11.95709491302484 65.50629952770394 -62.7873903533  124070 
25 1.25 800 799.962 -62.74169768350877 -0.3003408889666376 -128.7051783482412 -0.006289002333264468 1 -1.34537352959953e-18 0.003801509272307158 -128.7051783482412 -0.006289002333264468 1 -1.34537352959953e-18 0 -182.2383553789606 -11.95474745750737 65.48792448822671 -62.8143775103  124070 
26 1.3 800 799.942 -62.70884867669221 -0.3007766513830297 -128.6980643933201 -0.006074598043672174 1 -1.563902932992169e-18 0.003799793776124716 -128.6980643933201 -0.006074598043672174 1 -1.563902932992169e-18 0 -182.2256043544069 -11.95590990929889 65.4834498703857 -62.744311934  124070 
27 1.35 800 799.956 -62.73453988286703 -0.3020652175324632 -128.6966141610021 -0.004881005634540457 0.9999999999999999 -4.527969268889876e-19 0.003798163961619139 -128.6966141610021 -0.004881005634540457 0.9999999999999999 -4.527969268889876e-19 0 -182.209829486389 -11.95329222393089 65.46650754931791 -62.7336163399  124070 
28 1.4 800 799.956 -62.73851904707985 -0.3013101969620433 -128.7060878553459 -0.006159014601530869 0.9999999999999998 9.856010957523597e-19 0.00380454957485199 -128.7060878553459 -0.006159014601530869 0.9999999999999998 9.856010957523597e-19 0 -182.2188199855935 -11.95254968290402 65.46528181315165 -62.7375107511  124070 
29 1.45 800 799.96 -62.69578705386657 -0.3045322842313969 -128.7114201600641 -0.002605826389315293 1 -3.351910328741655e-19 0.003789258189499378 -128.7114201600641 -0.002605826389315293 1 -3.351910328741655e-19 0 -182.2174185188105 -11.95015256880009 65.45615092754653 -62.7557674465  124070 
30 1.5 800 799.965 -62.70638207592926 -0.3060782453671718 -128.710135697562 -0.001141162147463371 0.9999999999999998 -6.096534185840097e-19 0.003801766782999039 -128.710135697562 -0.001141162147463371 0.9999999999999998 -6.096534185840097e-19 0 -182.2079082896224 -11.94909232649981 65.44686491856021 -62.808272389  124070 
31 1.55 800 799.945 -62.71039859947059 -0.3065128957461171 -128.7068200112079 0.002194854518691692 1 1.663309748087551e-18 0.003809227142482996 -128.7068200112079 0.002194854518691692 1 1.663309748087551e-18 0 -182.2128618489676 -11.94889610811373 65.45493794587343 -62.7739085981  124070 
32 1.6 800 799.948 -62.6862237624384 -0.3078351408887942 -128.7138934632715 0.0006034178793236312 1 7.915763857563906e-18 0.0037739472463727 -128.7138934632715 0.0006034178793236312 1 7.915763857563906e-18 0 -182.2298260941803 -11.95055264450602 65.46648527541487 -62.76384072  124070 
33 1.65 800 799.929 -62.71753603880568 -0.3090862804653366 -128.7115163257481 0.00158156830835178 0.9999999999999999 -2.877801574315342e-18 0.003782488405704498 -128.7115163257481 0.00158156830835178 0.9999999999999999 -2.877801574315342e-18 0 -182.2381986908073 -11.95279269478416 65.47947505984341 -62.666811478  124070 
34 1.7 800 799.959 -62.68688527005751 -0.3080636352033461 -128.70594995666 0.0005416030347991276 0.9999999999999999 -1.430024531043302e-18 0.003834615927189589 -128.70594995666 0.0005416030347991276 0.9999999999999999 -1.430024531043302e-18 0 -182.2460022734715 -11.9555216700764 65.49557398688788 -62.7397058612  124070 
35 1.75 800 799.957 -62.7320884255671 -0.3083819355895484 -128.7112052091043 0.001285864859441598 1 -1.433085684348128e-18 0.003777375910431147 -128.7112052091043 0.001285864859441598 1 -1.433085684348128e-18 0 -182.2362443745709 -11.95357718473423 65.47861635020078 -62.7704720156  124070 
36 1.8 800 799.943 -62.7272095212082 -0.3100768162014414 -128.7071073369813 -0.0006563844740921053 1 3.334425008153175e-18 0.003784751985222101 -128.7071073369813 -0.0006563844740921053 1 3.334425008153175e-18 0 -182.2188609218822 -11.95140145807394 65.46315504297479 -62.7241333489  124070 
37 1.85 800 799.952 -62.70669141955009 -0.3136817018266891 -128.7062921648426 -0.0002786741113540815 1 -6.06062641320175e-19 0.003757468890398741 -128.7062921648426 -0.0002786741113540815 1 -6.06062641320175e-19 0 -182.2269892981148 -11.95170468530443 65.47240181857661 -62.7303382003  124070 
38 1.9 800 799.934 -62.70259362140545 -0.3143086025347673 -128.702078655183 -0.000668061452169005 1 -1.593038492839587e-18 0.00380006106570363 -128.702078655183 -0.000668061452169005 1 -1.593038492839587e-18 0 -182.2454592859815 -11.95533763683995 65.4987182676384 -62.6407841012  124070 
39 1.95 800 799.967 -62.71973685665942 -0.3119365202066518 -128.6967063486625 -0.001691775041768829 1 -1.638538145064344e-18 0.003792370203882456 -128.6967063486625 -0.001691775041768829 1 -1.638538145064344e-18 0 -182.2378994341669 -11.9552002754235 65.4963933609278 -62.7284862935  124070 
40 2 800 799.945 -62.69279308019204 -0.312817357745136 -128.7011513371882 -0.001736505673710228 1 1.48212372831509e-19 0.0037836953997612 -128.7011513371882 -0.001736505673710228 1 1.48212372831509e-19 0 -182.2434817433964 -11.9538556337238 65.49618603993198 -62.7037224985  124070 
41 2.05 800 799.951 -62.70932959865151 -0.3145298438967807 -128.703359070221 -0.004000811288620277 1 2.427611763368928e-18 0.003754902165383101 -128.703359070221 -0.004000811288620277 1 2.427611763368928e-18 0 -182.247648439384 -11.95506676824522 65.49935613740824 -62.7136436955  124070 
42 2.1 800 799.94 -62.72344287619726 -0.3129550551075554 -128.7118014920793 -0.003698302381115776 0.9999999999999998 -3.005356214621345e-18 0.003760548308491707 -128.7118014920793 -0.003698302381115776 0.9999999999999998 -3.005356214621345e-18 0 -182.2461759565244 -11.95278528820641 65.48715975265149 -62.6685117767  124070 
43 2.15 800 799.953 -62.71146095767932 -0.3168722695249126 -128.7169652151524 -0.004253050457799902 1 -2.293483329315731e-18 0.003775317221879959 -128.7169652151524 -0.004253050457799902 1 -2.293483329315731e-18 0 -182.2294380400042 -11.95017581435259 65.46264863920442 -62.6858009039  124070 
44 2.2 800 799.955 -62.73961403869523 -0.3170552147683469 -128.714836000179 -0.002200227099232544 1 6.144223775242653e-18 0.003796178381890059 -128.714836000179 -0.002200227099232544 1 6.144223775242653e-18 0 -182.2246513783482 -11.9492105852051 65.45902596337433 -62.7034069045  124070 
45 2.25 800 799.96 -62.74444311108184 -0.315718519619987 -128.7190416435974 -0.002808210795237073 1 2.091982883028554e-18 0.003760708961635828 -128.7190416435974 -0.002808210795237073 1 2.091982883028554e-18 0 -182.2319848099856 -11.95059629805272 65.46353946444079 -62.7627072855  124070 
46 2.3 800 799.937 -62.714250075443 -0.3176568913506362 -128.7179230519786 -0.002018391143819807 1 2.880361426620787e-18 0.003869856242090464 -128.7179230519786 -0.002018391143819807 1 2.880361426620787e-18 0 -182.234445166768 -11.95033904846857 65.466861163258 -62.6971483833  124070 
47 2.35 800 799.977 -62.74648207341487 -0.3208505733587398 -128.7170607942481 -0.0004635540607210482 1 -6.14362550899438e-20 0.003776944242417812 -128.7170607942481 -0.0004635540607210482 1 -6.14362550899438e-20 0 -182.2364809220102 -11.94924506686651 65.46866519462856 -62.8188738132  124070 
48 2.4 800 799.924 -62.71758954460766 -0.3168320318789039 -128.717386119148 -0.0005208858279145556 1 3.377875155475232e-18 0.004142624791711569 -128.717386119148 -0.0005208858279145556 1 3.377875155475232e-18 0 -182.212590238472 -11.94676933308848 65.44197345241247 -62.6725229674  124070 
49 2.45 800 799.968 -62.74800985065841 -0.3177128105235116 -128.7224754502743 0.002990689753277195 0.9999999999999998 4.76439015102434e-20 0.003982384223490953 -128.7224754502743 0.002990689753277195 0.9999999999999998 4.76439015102434e-20 0 -182.2153352605308 -11.94420311397386 65.43706292423037 -62.7603670888  124070 
50 2.5 800 799.94 -62.70437926492227 -0.3188708319730724 -128.7204870528732 0.001352099170617843 0.9999999999999998 2.50520268170165e-18 0.003775521647185087 -128.7204870528732 0.001352099170617843 0.9999999999999998 2.50520268170165e-18 0 -182.2333156873792 -11.94804510117612 65.4608737356821 -62.7268915628  124070 
51 2.55 800 799.952 -62.71467470441333 -0.3179400309893262 -128.7120625397968 -0.002763481009678057 1 -1.032526863941658e-18 0.003856481052935123 -128.7120625397968 -0.002763481009678057 1 -1.032526863941658e-18 0 -182.2227556787793 -11.94986096273916 65.46055410172161 -62.7369125012  124070 
52 2.6 800 799.957 -62.69660727425909 -0.3185115277773258 -128.715022372951 -0.002126703904288749 1 -4.949856329638299e-18 0.003810768481343985 -128.715022372951 -0.002126703904288749 1 -4.949856329638299e-18 0 -182.2144073162955 -11.94711486497341 65.44649980831787 -62.7638509726  124070 
53 2.65 800 799.949 -62.73017003822433 -0.3218735587361972 -128.7107560345294 -0.002297942675866443 1 -2.2460493803535e-18 0.003783338703215122 -128.7107560345294 -0.002297942675866443 1 -2.2460493803535e-18 0 -182.1973737436796 -11.94494409120009 65.43156180035032 -62.7487316712  124070 
54 2.7 800 799.963 -62.71468206040353 -0.3220182167959914 -128.7058725969299 -0.002771107457833816 1 1.402241165209811e-18 0.003785510081797838 -128.7058725969299 -0.002771107457833816 1 1.402241165209811e-18 0 -182.1851708490727 -11.94539504302967 65.42469329517242 -62.8074506505  124070 
55 2.75 800 799.944 -62.72070681410089 -0.3211026377842034 -128.7067597247335 -0.00333801648173274 0.9999999999999998 2.514173206445844e-19 0.003851396031677723 -128.7067597247335 -0.00333801648173274 0.9999999999999998 2.514173206445844e-19 0 -182.1909120821029 -11.94541330697825 65.42956566434762 -62.7705265678  124070 
56 2.8 800 799.945 -62.71541537728227 -0.3222267793800687 -128.7139979434882 -0.001431450143026673 1 -8.608907690511657e-19 0.003758919890969992 -128.7139979434882 -0.001431450143026673 1 -8.608907690511657e-19 0 -182.1964025423755 -11.94508265333949 65.42748725222691 -62.7530673179  124070 
57 2.85 800 799.942 -62.73479482927875 -0.3189489174415779 -128.7051161967028 -0.002763919952219911 1 5.689304515892472e-18 0.003760378807783127 -128.7051161967028 -0.002763919952219911 1 5.689304515892472e-18 0 -182.1765255023487 -11.94630609704443 65.41771540269033 -62.7078725276  124070 
58 2.9 800 799.947 -62.70490646678041 -0.3185911613421504 -128.7049056725204 -0.002075856535436815 0.9999999999999998 8.808410564287149e-19 0.003795650787651539 -128.7049056725204 -0.002075856535436815 0.9999999999999998 8.808410564287149e-19 0 -182.1738516563007 -11.94547481418918 65.41442079796938 -62.679419796  124070 
59 2.95 800 799.975 -62.70192723768402 -0.3204080775955755 -128.7114534114211 -0.0008032657251540696 1 9.847414539143663e-19 0.004613667726516724 -128.7114534114211 -0.0008032657251540696 1 9.847414539143663e-19 0 -182.1840722566777 -11.94385287618263 65.41647172143925 -62.8062306835  124066 
60 3 800 799.914 -62.70012546069516 -0.3223891230235968 -128.7137047812213 -0.001164771387617272 0.9999999999999999 1.622683225506824e-18 0.003898676950484514 -128.7137047812213 -0.001164771387617272 0.9999999999999999 1.622683225506824e-18 0 -182.1859546389823 -11.94404457513341 65.41629443289439 -62.631353881  124066 
61 3.05 800 799.967 -62.7265086678167 -0.3240140786331116 -128.7159977442379 -0.001744509197124181 1 -7.959504866589222e-18 0.003898725379258394 -128.7159977442379 -0.001744509197124181 1 -7.959504866589222e-18 0 -182.2181432019798 -11.94814799010369 65.45029344784554 -62.7237276363  124066 
62 3.1 800 799.951 -62.73492405801286 -0.3254681024677885 -128.7167509405726 -0.002369290061123003 1 -3.381482256505432e-18 0.003888262901455164 -128.7167509405726 -0.002369290061123003 1 -3.381482256505432e-18 0 -182.2209511160068 -11.94737300909684 65.45157318453093 -62.7404060282  124066 
63 3.15 800 799.953 -62.71947683485981 -0.325564622346426 -128.7149184472734 6.239045167572011e-06 0.9999999999999999 1.788996556393705e-19 0.00377845112234354 -128.7149184472734 6.239045167572011e-06 0.9999999999999999 1.788996556393705e-19 0 -182.2335734845077 -11.94991589222906 65.46857092946328 -62.7707603514  124066 
64 3.2 800 799.936 -62.72880423197986 -0.3274321285135241 -128.716360923919 0.002110029546385089 1 -2.850507070378237e-18 0.003780860919505358 -128.716360923919 0.002110029546385089 1 -2.850507070378237e-18 0 -182.2376443227825 -11.95048503412533 65.47176843298882 -62.7128196287  124066 
65 3.25 800 799.94 -62.72465180562229 -0.330570344571686 -128.7177377966437 0.003796032321128238 0.9999999999999999 -2.179715415562476e-18 0.003780592698603868 -128.7177377966437 0.003796032321128238 0.9999999999999999 -2.179715415562476e-18 0 -182.222642591894 -11.94765545179082 65.45256024704123 -62.6795997048  124066 
66 3.3 800 799.956 -62.69765087744554 -0.3255381874902882 -128.7086809533122 0.004256384180025941 1 1.430098698282518e-19 0.003761612810194492 -128.7086809533122 0.004256384180025941 1 1.430098698282518e-19 0 -182.2072159826086 -11.94810542334902 65.44664045264551 -62.7269935536  124066 
67 3.35 800 799.962 -62.72935082386017 -0.3261387647739705 -128.7154107173029 0.001034125255890599 1 6.371485311006393e-18 0.003795815166085958 -128.7154107173029 0.001034125255890599 1 6.371485311006393e-18 0 -182.2197735637973 -11.94718397087002 65.45154681736443 -62.8094835288  124066 
68 3.4 800 799.922 -62.70016081016239 -0.3250049837353368 -128.7163293732999 0.0003035731223485825 0.9999999999999998 -5.609622064473884e-19 0.00377052603289485 -128.7163293732999 0.0003035731223485825 0.9999999999999998 -5.609622064473884e-19 0 -182.2276887244909 -11.94918804635036 65.46054739754143 -62.6816920409  124066 
69 3.45 800 799.969 -62.71252817306397 -0.3250776574336541 -128.7144342690935 -0.002334542978742467 1 -1.8330925875045e-18 0.003791768103837967 -128.7144342690935 -0.002334542978742467 1 -1.8330925875045e-18 0 -182.2375185133396 -11.95126906260692 65.47435330685296 -62.7815055139  124066 
70 3.5 800 799.93 -62.74273349508621 -0.3278474647116402 -128.7168620218223 -0.001033241796101844 0.9999999999999999 -1.024724811334955e-19 0.003790506161749363 -128.7168620218223 -0.001033241796101844 0.9999999999999999 -1.024724811334955e-19 0 -182.221272067797 -11.94673122676197 65.45114127273669 -62.6875905627  124066 
71 3.55 800 799.959 -62.72289771926006 -0.3272149937984689 -128.7044373482879 -0.003608772314897309 0.9999999999999999 1.38130579194634e-18 0.003753097262233496 -128.7044373482879 -0.003608772314897309 0.9999999999999999 1.38130579194634e-18 0 -182.2202834859207 -11.94994434870578 65.46579048633862 -62.7403412977  124066 
72 3.6 800 799.946 -62.72045923909585 -0.3263577744673799 -128.7043709820271 -0.001145199255781432 1 1.272637545765181e-19 0.003773241303861141 -128.7043709820271 -0.001145199255781432 1 1.272637545765181e-19 0 -182.2032853340419 -11.94720291794752 65.4461172699623 -62.7214214687  124066 
73 3.65 800 799.96 -62.71498217805323 -0.3248864116233467 -128.7014210934348 -0.0008513999713212874 1 4.861906999552018e-19 0.003771526273339987 -128.7014210934348 -0.0008513999713212874 1 4.861906999552018e-19 0 -182.1943062635809 -11.94742148485931 65.44030665500533 -62.7633491421  124066 
74 3.7 800 799.942 -62.70460455775111 -0.3241798805315597 -128.6957795445491 0.0002222948459741067 1 -3.983110821496945e-19 0.003755834884941578 -128.6957795445491 0.0002222948459741067 1 -3.983110821496945e-19 0 -182.1950043587212 -11.94921940630837 65.44844422048044 -62.7380426468  124066 
75 3.75 800 799.949 -62.71812352261359 -0.3223518242787455 -128.6990654133163 -0.0003175244398261572 1 9.836107724597889e-19 0.003893796820193529 -128.6990654133163 -0.0003175244398261572 1 9.836107724597889e-19 0 -182.1988487645171 -11.94891172603942 65.44869507724027 -62.7293766655  124066 
76 3.8 800 799.944 -62.7375038827176 -0.3203491349798784 -128.7055989605757 0.001348154834616819 1 3.40435337391484e-18 0.003912372514605522 -128.7055989605757 0.001348154834616819 1 3.40435337391484e-18 0 -182.1993584622687 -11.94532893058832 65.43908843228128 -62.698177013  124066 
77 3.85 800 799.969 -62.70687709373127 -0.3233678246648996 -128.7086730040014 -0.00302160597055579 1 3.809696104828241e-18 0.003902183845639229 -128.7086730040014 -0.00302160597055579 1 3.809696104828241e-18 0 -182.2110846000829 -11.9451947343928 65.44760633047431 -62.7849739633  124066 
78 3.9 800 799.933 -62.71724853376676 -0.3243050564807115 -128.7134038624976 -0.001263471519941205 1 -2.366677960613217e-18 0.003915928304195404 -128.7134038624976 -0.001263471519941205 1 -2.366677960613217e-18 0 -182.2452622826111 -11.95026640500582 65.4821248251194 -62.7160625265  124066 
79 3.95 800 799.959 -62.69060144471236 -0.3257400767284583 -128.7088176972214 -0.001520089459467332 1 1.213448293378174e-18 0.003876967821270227 -128.7088176972214 -0.001520089459467332 1 1.213448293378174e-18 0 -182.2124706753567 -11.94757866063448 65.45123163876977 -62.7738790119  124066 
80 4 800 799.928 -62.70336522290923 -0.3244245759439884 -128.6945838036954 -0.0005572819178051994 1 -4.761110909653356e-18 0.003877296112477779 -128.6945838036954 -0.0005572819178051994 1 -4.761110909653356e-18 0 -182.1960919288182 -11.94953383478791 65.45104195991077 -62.6493946433  124066 
81 4.05 800 799.962 -62.70901937884302 -0.3252876545731934 -128.7132687849732 0.0005774705259005341 1 -2.71140869810814e-19 0.003905404824763536 -128.7132687849732 0.0005774705259005341 1 -2.71140869810814e-19 0 -182.2257455022401 -11.94753998705041 65.46001670431731 -62.7088388749  124066 
82 4.1 800 799.937 -62.67114352364725 -0.3298734031624161 -128.7292831635066 0.001060280036601352 0.9999999999999998 -7.277883151559213e-19 0.003888983279466629 -128.7292831635066 0.001060280036601352 0.9999999999999998 -7.277883151559213e-19 0 -182.2543160557209 -11.94701335822956 65.47204625044385 -62.657014873  124066 
83 4.15 800 799.981 -62.74841793728991 -0.3295182780136393 -128.7149870920676 0.001109795405859094 1 5.08698971186571e-18 0.003899442031979561 -128.7149870920676 0.001109795405859094 1 5.08698971186571e-18 0 -182.2396144652246 -11.9496492140196 65.47427658717656 -62.822502716  124066 
84 4.2 800 799.929 -62.75191868628622 -0.3306324774864786 -128.7154851490327 0.0005836754043813395 0.9999999999999998 4.084865864030716e-18 0.00390534708276391 -128.7154851490327 0.0005836754043813395 0.9999999999999998 4.084865864030716e-18 0 -182.2467721972545 -11.9502147924328 65.48150184065454 -62.7253631456  124066 
85 4.25 800 799.937 -62.74662578960302 -0.329536703423058 -128.7208296109463 -0.0005504042260339804 0.9999999999999998 -1.197230033105134e-18 0.003936863970011473 -128.7208296109463 -0.0005504042260339804 0.9999999999999998 -1.197230033105134e-18 0 -182.2336532760964 -11.94728082179288 65.4601044869431 -62.6630569978  124066 
86 4.3 800 799.97 -62.71310784305426 -0.3298281898280014 -128.7119098441406 -0.001608723608311758 1 -1.240831493197385e-18 0.003732812590897083 -128.7119098441406 -0.001608723608311758 1 -1.240831493197385e-18 0 -182.235136946235 -11.94988560302972 65.47311270512414 -62.7638570107  124066 
87 4.35 800 799.944 -62.72321616628734 -0.3286268353264072 -128.7082167078581 -0.003011150197003215 1 -2.199532873079395e-18 0.003709220327436924 -128.7082167078581 -0.003011150197003215 1 -2.199532873079395e-18 0 -182.2362325137992 -11.9516861033906 65.47970190933178 -62.7380694596  124066 
88 4.4 800 799.936 -62.70850336347596 -0.3303704957153234 -128.7175080072745 -0.008322112308910659 1 -2.601684309062766e-19 0.003748730290681124 -128.7175080072745 -0.008322112308910659 1 -2.601684309062766e-19 0 -182.2407332591518 -11.95024358354919 65.47346883542643 -62.6657955375  124066 
89 4.45 800 799.945 -62.70779107547759 -0.3294253924380819 -128.7065372785426 -0.007882972762044386 0.9999999999999999 5.379868516482951e-18 0.003721103072166443 -128.7065372785426 -0.007882972762044386 0.9999999999999999 5.379868516482951e-18 0 -182.2164698569688 -11.95052900328818 65.46046158171428 -62.6593146065  124066 
90 4.5 800 799.937 -62.69750916022618 -0.3296994528498227 -128.7160424721244 -0.005446747333431903 1 -1.43060921358613e-18 0.003722150810062885 -128.7160424721244 -0.005446747333431903 1 -1.43060921358613e-18 0 -182.1997867557767 -11.94622228801212 65.42996657166442 -62.6120748882  124066 
91 4.55 800 799.966 -62.74187375356733 -0.3313268630883666 -128.710947538114 -0.005018415169046131 1 5.600254391583067e-18 0.00373532110825181 -128.710947538114 -0.005018415169046131 1 5.600254391583067e-18 0 -182.197386202402 -11.94652905333815 65.43296771762618 -62.6879728852  124066 
92 4.6 800 799.947 -62.73541066435079 -0.3305804795569269 -128.7102320760733 -0.005256043558641056 1 -4.548253804463605e-18 0.003784968052059412 -128.7102320760733 -0.005256043558641056 1 -4.548253804463605e-18 0 -182.2021791801208 -11.94793907405096 65.43988617809846 -62.6853234038  124066 
93 4.65 800 799.976 -62.7108951827712 -0.330800778246206 -128.7114507090334 -0.0009460792028701536 0.9999999999999999 3.590442091477895e-18 0.003740941174328327 -128.7114507090334 -0.0009460792028701536 0.9999999999999999 3.590442091477895e-18 0 -182.21146209772 -11.94757169611705 65.44758308480361 -62.8200566654  124066 
94 4.7 800 799.936 -62.73958658216591 -0.333512483648848 -128.7152506824036 0.0005098578489748708 1 1.982600816256397e-18 0.003880271688103676 -128.7152506824036 0.0005098578489748708 1 1.982600816256397e-18 0 -182.2058759893479 -11.94654679032294 65.43717209726728 -62.7565451832  124066 
95 4.75 800 799.956 -62.70629444043969 -0.3325597236306416 -128.7055881075549 0.0004288974126327469 1 -3.455620715796848e-18 0.003723248839378357 -128.7055881075549 0.0004288974126327469 1 -3.455620715796848e-18 0 -182.1979395093232 -11.94753977099154 65.43989117275979 -62.7915240672  124066 
96 4.8 800 799.939 -62.75609578995401 -0.33056110226748 -128.7076863883812 -0.001592973685017341 0.9999999999999999 1.926570137769045e-18 0.003728774841874838 -128.7076863883812 -0.001592973685017341 0.9999999999999999 1.926570137769045e-18 0 -182.2152500781698 -11.94950792699725 65.45707161678591 -62.7279167016  124066 
97 4.85 800 799.943 -62.71695405026613 -0.3331957497413108 -128.7139638863015 -0.002586729993497338 1 2.850841034171757e-18 0.003747221082448959 -128.7139638863015 -0.002586729993497338 1 2.850841034171757e-18 0 -182.2229617252716 -11.94858928671069 65.45758712568082 -62.6939161268  124066 
98 4.9 800 799.952 -62.70304877758423 -0.3349191364740144 -128.7193922648777 0.0009737085870223389 1 -3.071142200840101e-19 0.003736790269613266 -128.7193922648777 0.0009737085870223389 1 -3.071142200840101e-19 0 -182.2332507241898 -11.94909068782638 65.46294914713846 -62.7090364972  124066 
99 4.95 800 799.968 -62.72427382352048 -0.3359406280161531 -128.7263168780023 0.001530989932259149 1 2.760213270565426e-18 0.003745518159121275 -128.7263168780023 0.001530989932259149 1 2.760213270565426e-18 0 -182.2416098598596 -11.94810928378568 65.46340226564311 -62.80351069  124066 
100 5 800 799.955 -62.74001632157572 -0.334464293705378 -128.7156255019943 -0.001014102126690288 1 -2.971256178243311e-18 0.003746792208403349 -128.7156255019943 -0.001014102126690288 1 -2.971256178243311e-18 0 -182.2346291378333 -11.94997195220048 65.46897558803937 -62.8320271015  124066 
101 5.05 800 799.921 -62.72272088610499 -0.3308799098604649 -128.7110213831519 -0.003749034673935267 1 -3.436335738860495e-18 0.003776215948164463 -128.7110213831519 -0.003749034673935267 1 -3.436335738860495e-18 0 -182.213616184798 -11.94779106179649 65.45038586344259 -62.6912334763  124066 
102 5.1 800 799.915 -62.68405380031891 -0.329873739091437 -128.7119913740171 -0.002148545623522927 0.9999999999999998 -8.144911854853576e-20 0.003957835491746664 -128.7119913740171 -0.002148545623522927 0.9999999999999998 -8.144911854853576e-20 0 -182.2264040583287 -11.94970329289665 65.46411597720829 -62.5346175477  124066 
103 5.15 800 799.99 -62.76238771441221 -0.3282497141025373 -128.7034290252047 -0.001017102673495225 1 -1.681525724047604e-18 0.003736617509275675 -128.7034290252047 -0.001017102673495225 1 -1.681525724047604e-18 0 -182.218270452437 -11.95021468000536 65.4650561072376 -62.7267291973  124066 
104 5.2 800 799.942 -62.73202478417545 -0.3299278550684847 -128.6990257273967 -0.00167419311397268 1 2.164460291588958e-18 0.00375805189833045 -128.6990257273967 -0.00167419311397268 1 2.164460291588958e-18 0 -182.2099487479197 -11.95055496180615 65.46147798232913 -62.6845209988  124066 
105 5.25 800 799.933 -62.69009167779429 -0.3303973131813048 -128.7029029798198 -0.00281817568703501 0.9999999999999998 1.838601099959676e-19 0.003747682552784681 -128.7029029798198 -0.00281817568703501 0.9999999999999998 1.838601099959676e-19 0 -182.2283948360522 -11.95145716933704 65.47694902556943 -62.6020739378  124066 
106 5.3 800 799.951 -62.71553391795883 -0.331268220951891 -128.7052182854098 0.0002634920687453268 0.9999999999999998 2.413519424780372e-18 0.003739835228770971 -128.7052182854098 0.0002634920687453268 0.9999999999999998 2.413519424780372e-18 0 -182.2386497729309 -11.95318716404131 65.48661865156242 -62.6272565196  124066 
107 5.35 800 799.974 -62.70884089722144 -0.3325731096782108 -128.7124464527664 0.001409073103370899 0.9999999999999999 -2.381855723494547e-18 0.00374600337818265 -128.7124464527664 0.001409073103370899 0.9999999999999999 -2.381855723494547e-18 0 -182.2400587624108 -11.95148340517835 65.47909571482272 -62.7441020217  124066 
108 5.4 800 799.955 -62.70401537669377 -0.3339031391758313 -128.720507662473 -0.001421551464905227 0.9999999999999999 -5.061043156190032e-18 0.003724336158484221 -128.720507662473 -0.001421551464905227 0.9999999999999999 -5.061043156190032e-18 0 -182.2415738626613 -11.94909686961966 65.47016306980794 -62.7637546165  124066 
109 5.45 800 799.935 -62.71996441743037 -0.335252725834863 -128.7181153443372 -0.0008218999771812291 0.9999999999999998 3.176418214808228e-18 0.003738210070878267 -128.7181153443372 -0.0008218999771812291 0.9999999999999998 3.176418214808228e-18 0 -182.2374904494299 -11.9492109503088 65.46858605540154 -62.6953391838  124066 
110 5.5 800 799.941 -62.71198511426659 -0.3322188745037847 -128.7191350583697 -0.001230244554510731 1 2.399558511595799e-18 0.003724771086126566 -128.7191350583697 -0.001230244554510731 1 2.399558511595799e-18 0 -182.2391971278439 -11.9505134752417 65.47057554471593 -62.6676678093  124066 
111 5.55 800 799.936 -62.70761938650575 -0.3300836446607726 -128.7221148869659 0.003086827915162662 1 -7.46639254836819e-19 0.00385216111317277 -128.7221148869659 0.003086827915162662 1 -7.46639254836819e-19 0 -182.2632624686657 -11.95289400390338 65.49404158560321 -62.606908918  124066 
112 5.6 800 799.963 -62.76937416394459 -0.3320991649323018 -128.7118661668228 -8.618711740432799e-05 0.9999999999999998 1.074885501188847e-18 0.003837477415800095 -128.7118661668228 -8.618711740432799e-05 0.9999999999999998 1.074885501188847e-18 0 -182.2619465521642 -11.95640161687166 65.50648200221308 -62.7158803234  124066 
113 5.65 800 799.96 -62.73096858453473 -0.3291106052364818 -128.706557737706 -0.002144437371938643 0.9999999999999998 -1.071688577006686e-18 0.003841546829789877 -128.706557737706 -0.002144437371938643 0.9999999999999998 -1.071688577006686e-18 0 -182.2736911818908 -11.95993666132206 65.52707010550674 -62.790735492  124066 
114 5.7 800 799.957 -62.71571721044545 -0.3284218302792458 -128.7111763769526 -0.003411238086024488 1 1.801892707644002e-18 0.00388170313090086 -128.7111763769526 -0.003411238086024488 1 1.801892707644002e-18 0 -182.2623783380933 -11.95694170833207 65.50814366947284 -62.849306575  124066 
115 5.75 800 799.916 -62.75513600172998 -0.3288469546180574 -128.7107511505274 -0.0003764295331167717 0.9999999999999998 4.348719872388594e-18 0.003872903063893318 -128.7107511505274 -0.0003764295331167717 0.9999999999999998 4.348719872388594e-18 0 -182.2416972446473 -11.95378552975159 65.48473162387158 -62.6729594081  124066 
116 5.8 800 799.97 -62.73731615589543 -0.3293428432600874 -128.7195927151675 -0.001360165181322613 1 -1.183377680949047e-19 0.003884098958224058 -128.7195927151675 -0.001360165181322613 1 -1.183377680949047e-19 0 -182.2522549979212 -11.95349272746274 65.48615501021645 -62.7797789337  124066 
117 5.85 800 799.944 -62.71940633558883 -0.3326405342472138 -128.7201785392427 -0.002386166819391119 0.9999999999999999 -3.178456643014862e-18 0.003901863470673561 -128.7201785392427 -0.002386166819391119 0.9999999999999999 -3.178456643014862e-18 0 -182.2619871159557 -11.95517976212398 65.49698833883701 -62.7642015741  124066 
118 5.9 800 799.93 -62.70475821697975 -0.3324776668609196 -128.7115689601078 -0.003114560226202966 1 4.244232999880126e-20 0.003899177070707083 -128.7115689601078 -0.003114560226202966 1 4.244232999880126e-20 0 -182.2427267982361 -11.95447321216665 65.48563105029498 -62.6625757614  124066 
119 5.95 800 799.951 -62.73162561515265 -0.3315406089894487 -128.7194605227182 -0.003530253930731289 1 1.627444067121858e-18 0.0038523287512362 -128.7194605227182 -0.003530253930731289 1 1.627444067121858e-18 0 -182.2476914797813 -11.95375656986641 65.48198752692946 -62.6734568227  124066 
120 6 800 799.953 -62.75319849450081 -0.3352757253715955 -128.7247942746976 -0.00388956785895854 0.9999999999999998 -1.674006420247026e-18 0.003853430040180683 -128.7247942746976 -0.00388956785895854 0.9999999999999998 -1.674006420247026e-18 0 -182.2472419642592 -11.95152182836413 65.47396951792578 -62.7159195919  124066 
121 6.05 800 799.943 -62.77431317839741 -0.3362885742138232 -128.7206555171542 -0.005534844556847368 1 -5.413038761112201e-18 0.003741029184311628 -128.7206555171542 -0.005534844556847368 1 -5.413038761112201e-18 0 -182.2373203038609 -11.95132011829271 65.46798490499938 -62.7081575562  124066 
122 6.1 800 799.968 -62.70161156507631 -0.3361950960178881 -128.7117276154834 -0.004803113337653815 1 4.051269240058602e-18 0.003908127546310425 -128.7117276154834 -0.004803113337653815 1 4.051269240058602e-18 0 -182.2374409662603 -11.95249285994882 65.47820621072565 -62.8579516515  124066 
123 6.15 800 799.937 -62.73143771275238 -0.3347734659000256 -128.7073450753325 -0.004210704433593388 0.9999999999999996 2.659833886469656e-18 0.003711023833602667 -128.7073450753325 -0.004210704433593388 0.9999999999999996 2.659833886469656e-18 0 -182.2209856432825 -11.95098308930349 65.46462365725348 -62.8187454019  124066 
124 6.2 800 799.93 -62.68372531860582 -0.3338024880577756 -128.707754063086 -0.001980171242176364 1 -2.001270929894938e-18 0.003746802918612957 -128.707754063086 -0.001980171242176364 1 -2.001270929894938e-18 0 -182.211796179436 -11.94841163875137 65.4524537551014 -62.7391764956  124066 
125 6.25 800 799.92 -62.69711943988252 -0.3340340802936663 -128.7029137881652 -9.698327943086033e-05 1 3.252723629428761e-18 0.00372410612180829 -128.7029137881652 -9.698327943086033e-05 1 3.252723629428761e-18 0 -182.1891506641878 -11.94509503533672 65.43133191135941 -62.602158846  124066 
126 6.3 800 799.97 -62.708682663864 -0.3325931035880212 -128.7143903904778 -0.002367920526307434 1 7.987801602498501e-19 0.003726524766534567 -128.7143903904778 -0.002367920526307434 1 7.987801602498501e-19 0 -182.2118222083842 -11.94776006797326 65.44519188587968 -62.7079504481  124066 
127 6.35 800 799.972 -62.71485372859253 -0.3315459671475944 -128.7097948832841 -0.002843490019392521 1 -1.065167422373941e-18 0.003726896364241838 -128.7097948832841 -0.002843490019392521 1 -1.065167422373941e-18 0 -182.2089432230583 -11.94790071075261 65.44704905052677 -62.8185730533  124066 
128 6.4 800 799.925 -62.70876110855861 -0.3317904502216871 -128.7168680840718 -0.00344798664348515 1 -4.834141079978684e-18 0.003813753835856915 -128.7168680840718 -0.00344798664348515 1 -4.834141079978684e-18 0 -182.2123874300608 -11.94560001773136 65.44111936372026 -62.688226653  124066 
129 6.45 800 799.941 -62.73217950324972 -0.3333734924138723 -128.7161712537499 -0.003424315254347632 1 1.906046081977777e-18 0.003723982721567154 -128.7161712537499 -0.003424315254347632 1 1.906046081977777e-18 0 -182.2344027787519 -11.95047443500479 65.46870596000682 -62.6490937299  124066 
130 6.5 800 799.963 -62.72581772748892 -0.3355248189185521 -128.7244579902961 0.001305331954257903 0.9999999999999998 4.960872962445009e-18 0.003849477041512728 -128.7244579902961 0.001305331954257903 0.9999999999999998 4.960872962445009e-18 0 -182.236329078806 -11.94817624728217 65.46004733579205 -62.7149932136  124066 
131 6.55 800 799.957 -62.71444572025864 -0.3366196970816032 -128.7213324675417 -0.001696243908932455 1 -3.079246868091286e-18 0.003764929715543985 -128.7213324675417 -0.001696243908932455 1 -3.079246868091286e-18 0 -182.2367668358422 -11.94848743780071 65.46392180610121 -62.7482060447  124066 
132 6.6 800 799.924 -62.73049214864852 -0.3372925481350523 -128.7192699228177 -0.0008828430797325975 1 -9.762550825878045e-19 0.003749862778931856 -128.7192699228177 -0.0008828430797325975 1 -9.762550825878045e-19 0 -182.2259872896508 -11.94675267687654 65.45347004370964 -62.6511871036  124066 
133 6.65 800 799.976 -62.73748940669823 -0.3379943320667486 -128.71887558256 -0.001541210223140996 0.9999999999999998 1.277313350474988e-18 0.003714535851031542 -128.71887558256 -0.001541210223140996 0.9999999999999998 1.277313350474988e-18 0 -182.2251584253427 -11.94597736589723 65.45226020867992 -62.8001860533  124066 
134 6.7 800 799.907 -62.71197683161186 -0.3391918450341355 -128.7133977604407 -0.001662792399695317 0.9999999999999999 1.056084467886783e-18 0.003725744318217039 -128.7133977604407 -0.001662792399695317 0.9999999999999999 1.056084467886783e-18 0 -182.2375906908026 -11.95056938378609 65.47476231414799 -62.6271058674  124066 
135 6.75 800 799.963 -62.71740160748387 -0.3370358614704005 -128.7103625005792 0.001383796323903264 1 -2.363768459659919e-18 0.003723425790667534 -128.7103625005792 0.001383796323903264 1 -2.363768459659919e-18 0 -182.2247947396898 -11.94889422735229 65.46332646646283 -62.7112224239  124066 
136 6.8 800 799.959 -62.73416776620675 -0.3335689652739618 -128.7046788574933 2.609400370322902e-05 1 2.599332062553765e-18 0.003703396301716566 -128.7046788574933 2.609400370322902e-05 1 2.599332062553765e-18 0 -182.2202859009526 -11.9499691724722 65.46557621593145 -62.750526054  124066 
137 6.85 800 799.938 -62.72350883957485 -0.3321703112673051 -128.6991456241412 0.0003861322656049808 0.9999999999999998 -2.942999981961313e-18 0.003746468108147383 -128.6991456241412 0.0003861322656049808 0.9999999999999998 -2.942999981961313e-18 0 -182.231985989545 -11.95335869936552 65.48619906476939 -62.6958874193  124066 
138 6.9 800 799.97 -62.70432116134947 -0.3321967292703708 -128.7076059910505 -0.001577281443604851 0.9999999999999998 -1.347956028744408e-18 0.003735620062798262 -128.7076059910505 -0.001577281443604851 0.9999999999999998 -1.347956028744408e-18 0 -182.2429471235366 -11.95482849613439 65.49016962862058 -62.8136877506  124066 
139 6.95 800 799.923 -62.69846879409753 -0.3335179702620253 -128.7126962930565 -0.0005171326711669768 1 7.259459267979412e-21 0.003718146588653326 -128.7126962930565 -0.0005171326711669768 1 7.259459267979412e-21 0 -182.2428086883118 -11.95209075052342 65.48220314577863 -62.7155614694  124066 
140 7 800 799.943 -62.71503176810488 -0.3339689032146259 -128.7141213082055 -0.00466589070611109 0.9999999999999998 -1.245614850130476e-19 0.003775966819375753 -128.7141213082055 -0.00466589070611109 0.9999999999999998 -1.245614850130476e-19 0 -182.2367392318158 -11.9515069806636 65.47412490427385 -62.6914098488  124066 
141 7.05 800 799.949 -62.73085151374111 -0.3323470455463479 -128.714731592321 -0.009985942845507247 1 -7.850745308809133e-18 0.003719854634255171 -128.714731592321 -0.009985942845507247 1 -7.850745308809133e-18 0 -182.243664045867 -11.95109820334493 65.48003065689083 -62.7498209288  124066 
142 7.1 800 799.959 -62.74148185780304 -0.3319221159698031 -128.7086986199398 -0.002379056244309105 1 -7.140382468154527e-19 0.00372539646923542 -128.7086986199398 -0.002379056244309105 1 -7.140382468154527e-19 0 -182.2030984710452 -11.94691335820808 65.44131320931346 -62.812402637  124066 
143 7.15 800 799.924 -62.74029624607421 -0.3316930177221134 -128.7095995447392 -0.003108055467251442 1 5.02644941033903e-18 0.00372271565720439 -128.7095995447392 -0.003108055467251442 1 5.02644941033903e-18 0 -182.2186533455825 -11.94857511799555 65.45762891883891 -62.7076290472  124066 
144 7.2 800 799.938 -62.73513316060188 -0.3318361330500746 -128.7132299931028 0.001734072579952675 1 5.005627563654615e-18 0.003732937388122082 -128.7132299931028 0.001734072579952675 1 5.005627563654615e-18 0 -182.2160733299644 -11.94719435107938 65.45003768794093 -62.6601798357  124066 
145 7.25 800 799.96 -62.73158331235972 -0.3294295537630288 -128.7052338476692 0.00284170740894967 1 6.077957086306683e-19 0.003741143271327019 -128.7052338476692 0.00284170740894967 1 6.077957086306683e-19 0 -182.2002613485732 -11.94656729350129 65.44159479440529 -62.7040718176  124066 
146 7.3 800 799.983 -62.72043699725457 -0.329471539410297 -128.7070561723419 0.001016440984412178 0.9999999999999998 -4.007738265101242e-18 0.00375768356025219 -128.7070561723419 0.001016440984412178 0.9999999999999998 -4.007738265101242e-18 0 -182.1857076829289 -11.94423403155403 65.42288554214107 -62.8604993468  124066 
147 7.35 800 799.917 -62.70921296331826 -0.3308750423679762 -128.7079308822416 0.0005744052559411006 0.9999999999999999 1.781866473421751e-18 0.003730614203959703 -128.7079308822416 0.0005744052559411006 0.9999999999999999 1.781866473421751e-18 0 -182.1876941093073 -11.94440079811312 65.42416402517881 -62.6904157314  124066 
148 7.4 800 799.958 -62.72089378785474 -0.3306565762156534 -128.7095469138364 0.001021815841293378 0.9999999999999998 -4.359638924514054e-19 0.003720158245414495 -128.7095469138364 0.001021815841293378 0.9999999999999998 -4.359638924514054e-19 0 -182.1922996669566 -11.94423480759358 65.42698756071371 -62.7249366327  124066 
149 7.45 800 799.973 -62.7374285673008 -0.3312470132462649 -128.710470483622 0.002234212053201714 1 2.503458404407214e-18 0.003796277102082968 -128.710470483622 0.002234212053201714 1 2.503458404407214e-18 0 -182.1957871158108 -11.94557374900875 65.43089038119759 -62.8341888466  124066 
150 7.5 800 799.898 -62.71086537410398 -0.3318414665719217 -128.714967514155 -0.001082720142522836 1 -1.891145708950941e-18 0.003738085273653269 -128.714967514155 -0.001082720142522836 1 -1.891145708950941e-18 0 -182.1953151482906 -11.94423891034208 65.42458654447771 -62.5825454827  124066 
151 7.55 800 799.99 -62.74488666788848 -0.3375859097024453 -128.7105500794603 -0.002880338534500079 1 5.301949481755349e-19 0.003752415999770164 -128.7105500794603 -0.002880338534500079 1 5.301949481755349e-19 0 -182.2318960439707 -11.9492526706963 65.47059863520666 -62.7810675037  124066 
152 7.6 800 799.914 -62.73982298456387 -0.3384508642541778 -128.7180238045466 -0.002952890360272156 1 -3.31265299194824e-18 0.003731195814907551 -128.7180238045466 -0.002952890360272156 1 -3.31265299194824e-18 0 -182.2265036411149 -11.94559674777129 65.4540765843396 -62.6258238781  124066 
153 7.65 800 799.961 -62.72242414205833 -0.3364185516301206 -128.718506062762 0.0004272090538048668 1 3.032418308320645e-19 0.00374650489538908 -128.718506062762 0.0004272090538048668 1 3.032418308320645e-19 0 -182.2150959285104 -11.94522915301008 65.44181901875849 -62.6780505281  124066 
154 7.7 800 799.97 -62.7160971089657 -0.3366358735134978 -128.7261221436551 0.0004519121907245083 1 -2.514489579944754e-18 0.003716068807989359 -128.7261221436551 0.0004519121907245083 1 -2.514489579944754e-18 0 -182.2210548629243 -11.94357879322647 65.43851151249567 -62.7979352117  124066 
155 7.75 800 799.91 -62.74836732991556 -0.3353984977393955 -128.7158784083058 -0.002353971068498126 1 1.11332155994524e-19 0.00373073061928153 -128.7158784083058 -0.002353971068498126 1 1.11332155994524e-19 0 -182.220932967537 -11.94720064931874 65.45225520854991 -62.6130225283  124066 
156 7.8 800 799.971 -62.70858478057371 -0.3329645935396719 -128.7065751354626 -0.003887052727920816 1 3.253444161676155e-18 0.003724007867276669 -128.7065751354626 -0.003887052727920816 1 3.253444161676155e-18 0 -182.1925218082521 -11.94518515080358 65.43113182359308 -62.7237498957  124066 
157 7.85 800 799.919 -62.72049133646976 -0.3288349064742038 -128.7052564054165 -0.001839517174367838 0.9999999999999996 4.149663522698186e-18 0.003796286415308714 -128.7052564054165 -0.001839517174367838 0.9999999999999996 4.149663522698186e-18 0 -182.1880275524513 -11.94631344009664 65.42908458713141 -62.5807613039  124066 
158 7.9 800 799.982 -62.71106930529288 -0.3267356518626413 -128.7011886327225 0.0009167831817666136 1 -5.680157501162581e-18 0.003734577912837267 -128.7011886327225 0.0009167831817666136 1 -5.680157501162581e-18 0 -182.1981701256248 -11.94857462038941 65.44555611329177 -62.7421262862  124066 
159 7.95 800 799.949 -62.72355630142469 -0.3283369427532151 -128.700220845658 0.001618021328369053 0.9999999999999999 -1.774815910237544e-18 0.00372881768271327 -128.700220845658 0.001618021328369053 0.9999999999999999 -1.774815910237544e-18 0 -182.183121111235 -11.94652230550229 65.42942257107936 -62.7391543286  124066 
160 8 800 799.937 -62.70725137893222 -0.3292369853273174 -128.7046804161036 0.002346804155744142 0.9999999999999998 1.626937754920255e-18 0.003735278733074665 -128.7046804161036 0.002346804155744142 0.9999999999999998 1.626937754920255e-18 0 -182.1736227023277 -11.9441487165237 65.41309100274779 -62.6956652916  124066 
161 8.05 800 799.949 -62.71183914025202 -0.3284438299577096 -128.7054470196458 0.000418477495311593 0.9999999999999999 4.995584197370709e-18 0.003753421828150749 -128.7054470196458 0.000418477495311593 0.9999999999999999 4.995584197370709e-18 0 -182.1974983962153 -11.94758566828903 65.43963704485861 -62.6867247889  124066 
162 8.1 800 799.93 -62.6851178197879 -0.3288732845027107 -128.703083848796 -0.0001992398367235729 0.9999999999999998 -6.317911502258232e-19 0.00374480290338397 -128.703083848796 -0.0001992398367235729 0.9999999999999998 -6.317911502258232e-19 0 -182.1861358598128 -11.94678029974026 65.42983231075708 -62.6009324833  124066 
163 8.15 800 799.961 -62.69003673454165 -0.3280356880211374 -128.7086155381915 -0.000495844814910112 1 1.438935728284159e-18 0.003756713587790728 -128.7086155381915 -0.000495844814910112 1 1.438935728284159e-18 0 -182.1950945480155 -11.94634856724726 65.43282757707127 -62.6743835356  124066 
164 8.2 800 799.939 -62.68915187941495 -0.3314706270409482 -128.713866219346 -0.000439869006345161 0.9999999999999998 1.20412146830649e-18 0.003728975541889668 -128.713866219346 -0.000439869006345161 0.9999999999999998 1.20412146830649e-18 0 -182.2088084571621 -11.94478479029684 65.43972702811298 -62.6169868488  124066 
165 8.25 800 799.948 -62.67615221873443 -0.3317514261606699 -128.7050561910626 0.0003783346504949319 1 1.636662752043428e-18 0.003711898811161518 -128.7050561910626 0.0003783346504949319 1 1.636662752043428e-18 0 -182.2053708602329 -11.94816119689066 65.44847586606103 -62.6099531343  124066 
166 8.3 800 799.961 -62.69986153066642 -0.3335931120868906 -128.7125539972194 -0.0003654423701915577 1 -2.266745683216691e-18 0.003756764344871044 -128.7125539972194 -0.0003654423701915577 1 -2.266745683216691e-18 0 -182.2081198505517 -11.9449570732685 65.44052292660074 -62.6779243474  124066 
167 8.35 800 799.972 -62.74544342351446 -0.3325754337893893 -128.7082790354474 -0.001687446182411654 1 4.935698884465567e-20 0.00373177882283926 -128.7082790354474 -0.001687446182411654 1 4.935698884465567e-20 0 -182.2047497585538 -11.94830276076416 65.44477348387051 -62.7788604145  124066 
168 8.4 800 799.928 -62.71613125043994 -0.3310317124004352 -128.7073552097817 -0.001663286722705911 1 -3.854920613241832e-18 0.003858518786728382 -128.7073552097817 -0.001663286722705911 1 -3.854920613241832e-18 0 -182.2010948698604 -11.94606183924947 65.43980149932815 -62.6754587307  124066 
169 8.45 800 799.958 -62.72732244522471 -0.3323548185484944 -128.7131254127192 0.001098281759813383 1 2.770520461681304e-18 0.00373169407248497 -128.7131254127192 0.001098281759813383 1 2.770520461681304e-18 0 -182.2142427321009 -11.94645104257367 65.44756836195538 -62.7187883153  124066 
170 8.5 800 799.946 -62.71461418147405 -0.3302756331535642 -128.7086247118897 0.001859127923557579 0.9999999999999999 -4.980816545757754e-18 0.003740010783076286 -128.7086247118897 0.001859127923557579 0.9999999999999999 -4.980816545757754e-18 0 -182.2116608471833 -11.94850474703907 65.45154088233258 -62.7033130464  124066 
171 8.55 800 799.923 -62.72799832698612 -0.3269899605429878 -128.7022593032421 -0.001497978880976312 1 -2.934542727753335e-18 0.00374322198331356 -128.7022593032421 -0.001497978880976312 1 -2.934542727753335e-18 0 -182.2148315386995 -11.95028448818031 65.46285672363774 -62.5603125944  124066 
172 8.6 800 799.981 -62.73286502265787 -0.3313486796728227 -128.71437565739 -0.000701938866510778 1 -2.236139798516893e-18 0.003700547851622105 -128.71437565739 -0.000701938866510778 1 -2.236139798516893e-18 0 -182.2337971507989 -11.94992040056066 65.46934189396957 -62.7058991559  124066 
173 8.65 800 799.958 -62.70835654833718 -0.3312260293295625 -128.7095095569292 0.0003383950905531891 1 2.489875964987334e-18 0.003725829999893904 -128.7095095569292 0.0003383950905531891 1 2.489875964987334e-18 0 -182.2162997971407 -11.94834964084236 65.45513988105385 -62.7356054851  124066 
174 8.7 800 799.941 -62.70819904105088 -0.3324354358995083 -128.7141514923593 0.0002991403439209378 0.9999999999999998 2.40315286619551e-19 0.003749722149223089 -128.7141514923593 0.0002991403439209378 0.9999999999999998 2.40315286619551e-19 0 -182.2373037609802 -11.95095594258692 65.47410821120772 -62.6978560591  124066 
175 8.75 800 799.967 -62.73802007917497 -0.3331272962829993 -128.702801578787 -0.0006134223673211388 1 -3.052609247271148e-18 0.00385949993506074 -128.702801578787 -0.0006134223673211388 1 -3.052609247271148e-18 0 -182.2510766101313 -11.9564650832778 65.50474011462202 -62.7831732785  124066 
176 8.8 800 799.953 -62.73440876693378 -0.3302217819293847 -128.7105295904443 -0.0001770004193874086 0.9999999999999999 -9.74508739725825e-19 0.003769649192690849 -128.7105295904443 -0.0001770004193874086 0.9999999999999999 -9.74508739725825e-19 0 -182.2428589910958 -11.9544731768832 65.48680257753463 -62.8020929149  124066 
177 8.85 800 799.939 -62.73843113448104 -0.332414313586341 -128.7257245656347 0.0007870714410991773 1 2.50262962279479e-19 0.004335664212703705 -128.7257245656347 0.0007870714410991773 1 2.50262962279479e-19 0 -182.2569488266932 -11.95208813502353 65.48331239608197 -62.7445047992  124066 
178 8.9 800 799.933 -62.70449461523118 -0.3316534267559431 -128.7223883576464 0.0009336901008349862 1 4.633901579325798e-18 0.004328992683440447 -128.7223883576464 0.0009336901008349862 1 4.633901579325798e-18 0 -182.2570968338222 -11.95108427129371 65.48579274746953 -62.6617697397  124066 
179 8.95 800 799.967 -62.72642006546154 -0.3320482412615423 -128.7129256595891 -0.001524254283125472 1 5.676630675789099e-19 0.004222920164465904 -128.7129256595891 -0.001524254283125472 1 5.676630675789099e-19 0 -182.2259979183821 -11.94938464640556 65.46245690519858 -62.7399431067  124066 
180 9 800 799.931 -62.71485798868348 -0.3287515729805636 -128.7137250781215 0.0002217839350424736 1 -3.172332886778301e-18 0.0042098518460989 -128.7137250781215 0.0002217839350424736 1 -3.172332886778301e-18 0 -182.2212654277999 -11.94946713892079 65.45700748859916 -62.6464121694  124066 
181 9.05 800 799.981 -62.74706018080648 -0.3282421770104088 -128.7121356074765 -0.0008257711951351351 0.9999999999999998 -9.240042670005988e-19 0.004171548411250114 -128.7121356074765 -0.0008257711951351351 0.9999999999999998 -9.240042670005988e-19 0 -182.2216067652649 -11.95035684763937 65.45982800542768 -62.7965231508  124066 
182 9.1 800 799.939 -62.72469495049005 -0.3317417875145412 -128.7166359448804 0.0008226214298366728 1 1.961789660020891e-18 0.00429174117743969 -128.7166359448804 0.0008226214298366728 1 1.961789660020891e-18 0 -182.2254129586138 -11.94863153807052 65.45740855180385 -62.7375835737  124066 
183 9.15 800 799.946 -62.68970531161553 -0.3304536874694551 -128.7090634579127 -0.002629618992350163 1 7.357517279566135e-18 0.004319501109421253 -128.7090634579127 -0.002629618992350163 1 7.357517279566135e-18 0 -182.2117768520388 -11.94971265753434 65.45242605166038 -62.7155242109  124066 
184 9.2 800 799.94 -62.75128263075807 -0.3309011167523908 -128.7086521402194 -0.0031085443099134 1 8.269390064572989e-19 0.00431531248614192 -128.7086521402194 -0.0031085443099134 1 8.269390064572989e-19 0 -182.2275905875408 -11.95181129408099 65.47074974140241 -62.656918679  124066 
185 9.25 800 799.965 -62.71873365384823 -0.3302313590368995 -128.7015685878492 -0.001643473998458233 0.9999999999999998 4.65719828562173e-18 0.004298914223909378 -128.7015685878492 -0.001643473998458233 0.9999999999999998 4.65719828562173e-18 0 -182.2065812125082 -11.94999112474559 65.45500374940461 -62.7319902898  124066 
186 9.3 800 799.937 -62.69344907374941 -0.3296257288755454 -128.6943886148663 -0.0003924016578241474 1 -5.807862764813624e-19 0.004304115194827318 -128.6943886148663 -0.0003924016578241474 1 -5.807862764813624e-19 0 -182.2022184704144 -11.95080166864135 65.45863152418949 -62.6728436082  124066 
187 9.35 800 799.975 -62.68306558071525 -0.3283268087007368 -128.7050542327962 0.001180825814067346 1 1.577730758766446e-19 0.004299316089600325 -128.7050542327962 0.001180825814067346 1 1.577730758766446e-19 0 -182.2068458468538 -11.94840375279622 65.45019536685372 -62.8049919774  124066 
188 9.4 800 799.939 -62.715645070758 -0.3279237225021817 -128.7131337530523 -0.0006766851711635637 1 -1.158515875590264e-18 0.004322389140725136 -128.7131337530523 -0.0006766851711635637 1 -1.158515875590264e-18 0 -182.2227261142717 -11.94998418788529 65.45957654910465 -62.7624415253  124066 
189 9.45 800 799.933 -62.75720354378633 -0.3307730352748706 -128.724034824306 -0.001173423215100503 1 -2.643649188376262e-18 0.004314681049436331 -128.724034824306 -0.001173423215100503 1 -2.643649188376262e-18 0 -182.2102966468218 -11.94342902823875 65.42969085075451 -62.679557155  124066 
190 9.5 800 799.94 -62.75322417044767 -0.331913789991202 -128.7305112655036 -0.00111198642295097 1 4.358108974501515e-18 0.004311912693083286 -128.7305112655036 -0.00111198642295097 1 4.358108974501515e-18 0 -182.2365502859327 -11.94707537531094 65.45311439574002 -62.6346553448  124066 
191 9.55 800 799.954 -62.69622013214573 -0.3308319347347822 -128.7230810199554 0.001779575056886156 0.9999999999999999 -7.37401176690961e-18 0.004324426874518394 -128.7230810199554 0.001779575056886156 0.9999999999999999 -7.37401176690961e-18 0 -182.2478119979353 -11.95057640205094 65.47530738003094 -62.6615673214  124066 
192 9.6 800 799.975 -62.74883998102932 -0.3321290894711338 -128.721573449109 0.0009252201433886599 1 -2.627684767050022e-18 0.004327745642513037 -128.721573449109 0.0009252201433886599 1 -2.627684767050022e-18 0 -182.2434530113036 -11.9494689793938 65.47134854158841 -62.792157877  124066 
193 9.65 800 799.943 -62.76160413678315 -0.3295815320283658 -128.7086385861241 0.003526268265993922 0.9999999999999999 1.609295475414451e-18 0.00432328786700964 -128.7086385861241 0.003526268265993922 0.9999999999999999 1.609295475414451e-18 0 -182.249562743836 -11.95429455374621 65.49521871145815 -62.7789382804  124066 
194 9.7 800 799.925 -62.68450419329029 -0.3291277823700807 -128.7070467473389 0.0004065024984453883 1 1.439864077244164e-18 0.004350288771092892 -128.7070467473389 0.0004065024984453883 1 1.439864077244164e-18 0 -182.2286551021459 -11.95242198518912 65.47403033999608 -62.6861294033  124066 
195 9.75 800 799.961 -62.73506086531594 -0.3288663903251004 -128.7091769289568 0.001444012289242658 1 -1.215389595465079e-18 0.004346285481005907 -128.7091769289568 0.001444012289242658 1 -1.215389595465079e-18 0 -182.2378257119048 -11.95393424537599 65.48258302832406 -62.7571667079  124066 
196 9.8 800 799.915 -62.71070037215592 -0.3325453108238136 -128.7121214269896 -0.00116044209205291 1 1.236462732251325e-18 0.004344160202890635 -128.7121214269896 -0.00116044209205291 1 1.236462732251325e-18 0 -182.2388718972569 -11.9529240790424 65.47967454930969 -62.6154880762  124066 
197 9.85 800 799.976 -62.74035307487549 -0.3367043047079029 -128.7171077243171 -0.00151582189611234 1 -4.181581630013233e-18 0.004310959950089455 -128.7171077243171 -0.00151582189611234 1 -4.181581630013233e-18 0 -182.2497822174399 -11.9524159750546 65.48509046817745 -62.7627421768  124066 
198 9.9 800 799.942 -62.7075997104425 -0.3378064133262758 -128.7210994613866 0.000947914787715206 1 -6.720002615738898e-18 0.004331300035119057 -128.7210994613866 0.000947914787715206 1 -6.720002615738898e-18 0 -182.2423632594368 -11.9507811116155 65.47204490966558 -62.7529792794  124066 
199 9.95 800 799.958 -62.73646620462453 -0.3387515962747388 -128.7163253578693 0.002688364459970571 1 5.76995813595543e-19 0.00432257866486907 -128.7163253578693 0.002688364459970571 1 5.76995813595543e-19 0 -182.2319242238382 -11.95157297256268 65.4671718385316 -62.8087269468  124066 
200 10 800 799.913 -62.72277268384524 -0.3357960089820745 -128.713854610164 0.004883576146279917 1 7.255444457256516e-18 0.004322692286223173 -128.713854610164 0.004883576146279917 1 7.255444457256516e-18 0 -182.2213877653359 -11.95048836212275 65.45802151729467 -62.6799168716  124066 
201 10.05 800 799.966 -62.74570447920433 -0.3333950523722262 -128.7066868969126 -0.0002799065605026582 1 6.184831677043271e-19 0.004351241048425436 -128.7066868969126 -0.0002799065605026582 1 6.184831677043271e-19 0 -182.2085359848693 -11.94937888802351 65.45122797598013 -62.7748082467  124066 
202 10.1 800 799.957 -62.74964961451748 -0.3333869940974789 -128.7018625094148 0.001127545467331949 1 1.017012119343502e-18 0.004318641498684883 -128.7018625094148 0.001127545467331949 1 1.017012119343502e-18 0 -182.2015842528684 -11.95097255690884 65.45069430036244 -62.8219716678  124066 
203 10.15 800 799.946 -62.69908633224736 -0.3310379665377818 -128.7033597661074 0.003063481082781588 0.9999999999999999 -1.90289549245529e-18 0.004290055017918348 -128.7033597661074 0.003063481082781588 0.9999999999999999 -1.90289549245529e-18 0 -182.2021262135623 -11.95031865184212 65.44908509929708 -62.8137999116  124066 
204 10.2 800 799.933 -62.6943902058113 -0.3317110711070871 -128.7105710703957 0.001064918093169595 0.9999999999999998 2.976103274071632e-18 0.004327340051531792 -128.7105710703957 0.001064918093169595 0.9999999999999998 2.976103274071632e-18 0 -182.2102063679804 -11.94831087583138 65.447946173416 -62.7435447788  124066 
205 10.25 800 799.935 -62.68997149997818 -0.3316672211898732 -128.7094156346931 -0.001496901515867788 1 1.24932900748673e-18 0.004352303687483072 -128.7094156346931 -0.001496901515867788 1 1.24932900748673e-18 0 -182.1997157006368 -11.94621063652869 65.43651070247242 -62.6702999464  124066 
206 10.3 800 799.976 -62.72139969714318 -0.3302108454055887 -128.7095198030491 -0.0006570389233593496 0.9999999999999998 5.467641648192519e-18 0.00431934604421258 -128.7095198030491 -0.0006570389233593496 0.9999999999999998 5.467641648192519e-18 0 -182.2313150075099 -11.95048798467723 65.47228318913807 -62.8077041322  124066 
207 10.35 800 799.913 -62.72662684106226 -0.3294793951611222 -128.7076063942104 0.0002761549710649543 1 -5.918077286322002e-19 0.004331605974584818 -128.7076063942104 0.0002761549710649543 1 -5.918077286322002e-19 0 -182.2209925425792 -11.94942790208716 65.46281405045599 -62.6367436444  124066 
208 10.4 800 799.951 -62.68391802502581 -0.331677509976175 -128.7018315637556 0.002801633450080227 1 -4.967236926906083e-18 0.005513355601578951 -128.7018315637556 0.002801633450080227 1 -4.967236926906083e-18 0 -182.2005933154107 -11.9471606911244 65.44592244277945 -62.6605981631  124066 
209 10.45 800 799.94 -62.70581918215263 -0.3301127469785724 -128.6885005483522 0.002840977031826302 1 -1.802633967852459e-18 0.00430180411785841 -128.6885005483522 0.002840977031826302 1 -1.802633967852459e-18 0 -182.1808188966958 -11.94807344406273 65.44039179240626 -62.6231571755  124066 
210 10.5 800 799.955 -62.65717202942012 -0.3271046733421338 -128.6954205069869 0.002471351728097647 1 1.316442702197797e-18 0.004301075823605061 -128.6954205069869 0.002471351728097647 1 1.316442702197797e-18 0 -182.1751059367535 -11.94648759384364 65.42617302361033 -62.6468999854  124066 
211 10.55 800 799.964 -62.68763543286929 -0.3312963558530392 -128.699011233055 0.002202205043148006 1 -3.499909813547876e-18 0.004333300516009331 -128.699011233055 0.002202205043148006 1 -3.499909813547876e-18 0 -182.1728797483831 -11.94590593095467 65.41977444628276 -62.7111857527  124066 
212 10.6 800 799.944 -62.72896406637822 -0.3329166829990239 -128.7019984812022 0.003446689178316946 1 -2.659070497670841e-19 0.004333771765232086 -128.7019984812022 0.003446689178316946 1 -2.659070497670841e-19 0 -182.1726781756129 -11.94518855961505 65.41586825402581 -62.6690049909  124066 
213 10.65 800 799.958 -62.68807104953699 -0.3326786438112564 -128.710088568945 0.0004729232716057769 1 -4.420607096378435e-19 0.004323593806475401 -128.710088568945 0.0004729232716057769 1 -4.420607096378435e-19 0 -182.1911062730723 -11.94496597636609 65.42598368049339 -62.702323696  124066 
214 10.7 800 799.931 -62.72108456067473 -0.3290497799449608 -128.6999257321793 0.001838224762872319 1 -6.124852850492345e-18 0.004314182791858912 -128.6999257321793 0.001838224762872319 1 -6.124852850492345e-18 0 -182.1840149390862 -11.94725458863855 65.43134379554535 -62.597938014  124066 
215 10.75 800 799.945 -62.72921545355897 -0.3318239821241921 -128.7074912502505 0.001480314793707767 1 2.45894292585792e-18 0.004333971068263054 -128.7074912502505 0.001480314793707767 1 2.45894292585792e-18 0 -182.1733771398267 -11.94245193490275 65.40833782447896 -62.5784771475  124066 
216 10.8 800 799.975 -62.71891359591342 -0.3309924615759987 -128.7011030307446 -0.0008800190712083713 1 -8.672862817715982e-19 0.004316899925470352 -128.7011030307446 -0.0008800190712083713 1 -8.672862817715982e-19 0 -182.1883037890662 -11.94667794619929 65.43387870452092 -62.6954647131  124066 
217 10.85 800 799.939 -62.71809535172524 -0.3344045864753273 -128.7125778555769 0.0003440107642777056 1 6.19000398513734e-18 0.004310920368880033 -128.7125778555769 0.0003440107642777056 1 6.19000398513734e-18 0 -182.1938089882649 -11.94454708585545 65.42577821854348 -62.6406116655  124066 
218 10.9 800 799.974 -62.74074374414234 -0.3378204122841786 -128.7197360617764 0.002177544441645312 1 -5.40204184369376e-18 0.003995031584054232 -128.7197360617764 0.002177544441645312 1 -5.40204184369376e-18 0 -182.2183887062969 -11.94674858593255 65.44540123045302 -62.7563058105  124066 
219 10.95 800 799.941 -62.73884759455471 -0.3373687603240333 -128.7221768262991 0.003559644016101395 1 1.466130640172625e-18 0.004027920309454203 -128.7221768262991 0.003559644016101395 1 1.466130640172625e-18 0 -182.2534001223639 -11.95155428482921 65.48277758089402 -62.7252578432  124066 
220 11 800 799.948 -62.73296855263224 -0.3355866012447742 -128.7229583627863 0.004513871379734768 0.9999999999999998 5.806402103814938e-18 0.004012513440102339 -128.7229583627863 0.004513871379734768 0.9999999999999998 5.806402103814938e-18 0 -182.2690575179793 -11.95363184773524 65.49973100292819 -62.7200521426  124066 
221 11.05 800 799.983 -62.73890651647066 -0.3349307017586324 -128.7139517247576 0.004772360052300644 1 -2.03380515553745e-18 0.003987383097410202 -128.7139517247576 0.004772360052300644 1 -2.03380515553745e-18 0 -182.268089152651 -11.95480390552717 65.50894133342062 -62.9012095725  124066 
222 11.1 800 799.911 -62.72911161481296 -0.3339283763420692 -128.7158407557552 0.004883486902023592 1 2.018046419087802e-18 0.003986260388046503 -128.7158407557552 0.004883486902023592 1 2.018046419087802e-18 0 -182.2544103956056 -11.95315430198492 65.49172394183532 -62.7282211148  124066 
223 11.15 800 799.923 -62.72958879216465 -0.3342865682344895 -128.7158670300674 0.003692318019952388 0.9999999999999998 1.146671604353746e-18 0.003975221421569586 -128.7158670300674 0.003692318019952388 0.9999999999999998 1.146671604353746e-18 0 -182.252940804589 -11.95310147181793 65.49017524633955 -62.6211791264  124066 
224 11.2 800 799.968 -62.76428003560615 -0.3328020660304656 -128.7216403293185 0.003494472298693096 0.9999999999999998 -7.51937354257273e-19 0.003786311484873295 -128.7216403293185 0.003494472298693096 0.9999999999999998 -7.51937354257273e-19 0 -182.2566335765914 -11.95077250609826 65.48576575337118 -62.738999769  124066 
225 11.25 800 799.951 -62.73375408092883 -0.3334442877183104 -128.7186677620504 0.00058499350709101 1 -5.542240909990563e-18 0.003708603791892529 -128.7186677620504 0.00058499350709101 1 -5.542240909990563e-18 0 -182.228823256369 -11.94744547671994 65.45760097103862 -62.7695762146  124066 
226 11.3 800 799.95 -62.74590693657721 -0.3334013195329619 -128.7075298645544 0.00148483147665141 1 -6.017571409742591e-18 0.003705998416990042 -128.7075298645544 0.00148483147665141 1 -6.017571409742591e-18 0 -182.2319656786687 -11.95110951000671 65.47554532412107 -62.7868985867  124066 
227 11.35 800 799.948 -62.7297096546413 -0.3331400611266272 -128.7159440348267 0.0001989226816604778 0.9999999999999998 -5.504171523631939e-20 0.003729968331754208 -128.7159440348267 0.0001989226816604778 0.9999999999999998 -5.504171523631939e-20 0 -182.224216958484 -11.94722441335184 65.45549733700921 -62.7955336302  124066 
228 11.4 800 799.939 -62.73807368570681 -0.3320772390502039 -128.7161877562912 -0.0006582625833368591 1 -2.215852393016315e-18 0.003729497082531452 -128.7161877562912 -0.0006582625833368591 1 -2.215852393016315e-18 0 -182.1911457067596 -11.9445225480541 65.41948049852257 -62.7390342428  124066 
229 11.45 800 799.925 -62.72403622411521 -0.3289815758688513 -128.7107753614101 -0.0009381927335473811 1 -2.036959284805026e-18 0.003730767872184515 -128.7107753614101 -0.0009381927335473811 1 -2.036959284805026e-18 0 -182.1764915545609 -11.94193593436802 65.40765212751873 -62.6237737895  124066 
230 11.5 800 799.97 -62.72019401082377 -0.3297577137808171 -128.7144492834317 -0.003640505868046674 1 -7.289858206863332e-18 0.003790127113461494 -128.7144492834317 -0.003640505868046674 1 -7.289858206863332e-18 0 -182.17593103026 -11.94146860021486 65.40295034704313 -62.7223070646  124066 
231 11.55 800 799.957 -62.7305284657587 -0.3313424405640228 -128.7215923164095 -0.001885708266302794 1 -7.044686473073179e-18 0.003816557116806507 -128.7215923164095 -0.001885708266302794 1 -7.044686473073179e-18 0 -182.1832602607001 -11.93975877881831 65.40142672310894 -62.7577878722  124066 
232 11.6 800 799.954 -62.70501228200864 -0.331097502205743 -128.7148880170879 -0.0002699609777401292 0.9999999999999999 -7.862150526396706e-19 0.003711031284183264 -128.7148880170879 -0.0002699609777401292 0.9999999999999999 -7.862150526396706e-19 0 -182.1690720290675 -11.93894742760252 65.39313143958212 -62.7986705871  124066 
233 11.65 800 799.927 -62.69641229835206 -0.3286374864707485 -128.7111858296117 0.003765341027550947 0.9999999999999999 5.230745470297225e-19 0.00381152518093586 -128.7111858296117 0.003765341027550947 0.9999999999999999 5.230745470297225e-19 0 -182.1605640229345 -11.93964769331552 65.38902588663835 -62.7160038899  124066 
234 11.7 800 799.958 -62.72187244707205 -0.3286473026644502 -128.7005092646064 0.002908683595981184 1 -1.392769931704825e-18 0.003736331127583981 -128.7005092646064 0.002908683595981184 1 -1.392769931704825e-18 0 -182.1702826149024 -11.94496511182802 65.41473846212401 -62.7590182016  124066 
235 11.75 800 799.946 -62.70363166986175 -0.3275864361181023 -128.7012293945322 0.001681431667034788 1 -1.254778673034493e-18 0.003715680912137032 -128.7012293945322 0.001681431667034788 1 -1.254778673034493e-18 0 -182.1604282064168 -11.94267197326954 65.40187078515412 -62.7249358387  124066 
236 11.8 800 799.935 -62.72473715495481 -0.3268050721599884 -128.6995274382035 0.001385706201537525 1 1.842922664021446e-19 0.003720526117831469 -128.6995274382035 0.001385706201537525 1 1.842922664021446e-19 0 -182.1666944823901 -11.94450225123472 65.41166929542128 -62.6444144273  124066 
237 11.85 800 799.927 -62.6803327481807 -0.3264038998984156 -128.7029307622028 0.005396347562267816 0.9999999999999999 -2.536870288015355e-18 0.003710099961608648 -128.7029307622028 0.005396347562267816 0.9999999999999999 -2.536870288015355e-18 0 -182.1702481242984 -11.94311604828734 65.41043341038302 -62.5450349653  124066 
238 11.9 800 799.973 -62.73023391088076 -0.3275173880523878 -128.71027027281 0.003578575392351339 1 -1.171221488757669e-19 0.003736532758921385 -128.71027027281 0.003578575392351339 1 -1.171221488757669e-19 0 -182.1739984444283 -11.94104413265609 65.40477230427442 -62.6640254774  124066 
239 11.95 800 799.988 -62.75282325383917 -0.3297630091473512 -128.7050930383597 0.0008207984333185392 1 -1.392908895960542e-18 0.003723973408341408 -128.7050930383597 0.0008207984333185392 1 -1.392908895960542e-18 0 -182.1572318789846 -11.939590611283 65.39172945190792 -62.8485877199  124066 
240 12 800 799.925 -62.67818739257829 -0.3303446590212847 -128.7003069029383 0.003303820321659624 1 2.959093330482475e-18 0.003705786541104317 -128.7003069029383 0.003303820321659624 1 2.959093330482475e-18 0 -182.1635749535433 -11.94218388233839 65.40545193294334 -62.7204259138  124066 
241 12.05 800 799.965 -62.72006514380727 -0.3307982642798162 -128.7091857392704 0.003519986049277005 0.9999999999999998 5.986137003453333e-19 0.003774180077016354 -128.7091857392704 0.003519986049277005 0.9999999999999998 5.986137003453333e-19 0 -182.1763647568657 -11.94352199579579 65.41070101339115 -62.797610855  124066 
242 12.1 800 799.935 -62.74604624092051 -0.3334352898350291 -128.7181453716746 0.005195585402700335 0.9999999999999998 -3.27969691411987e-19 0.00378436641767621 -128.7181453716746 0.005195585402700335 0.9999999999999998 -3.27969691411987e-19 0 -182.1895554477005 -11.9407028762987 65.41211295232466 -62.7363006173  124066 
243 12.15 800 799.939 -62.71426646550901 -0.3375726649306541 -128.7313176446161 0.004357113655264502 1 -4.490387477909739e-18 0.00371937220916152 -128.7313176446161 0.004357113655264502 1 -4.490387477909739e-18 0 -182.1837178722795 -11.93771906422142 65.3901192918848 -62.690560766  124066 
244 12.2 800 799.973 -62.77230975601827 -0.33820744053764 -128.7308961010218 0.006573883973144392 1 -2.772969624860635e-18 0.003703849390149117 -128.7308961010218 0.006573883973144392 1 -2.772969624860635e-18 0 -182.1924006171907 -11.9397520072068 65.40125652337565 -62.8346093818  124066 
245 12.25 800 799.948 -62.71948638377452 -0.3372091758312491 -128.7292334242428 0.005035263750822516 0.9999999999999999 -2.392094043734104e-19 0.003722349181771278 -128.7292334242428 0.005035263750822516 0.9999999999999999 -2.392094043734104e-19 0 -182.2293051793809 -11.94521049116053 65.44528224629869 -62.8683853469  124066 
246 12.3 800 799.928 -62.72947670166582 -0.3378659585596493 -128.729669714423 0.0068461959504231 1 -1.948368565668551e-18 0.003716888837516308 -128.729669714423 0.0068461959504231 1 -1.948368565668551e-18 0 -182.2282152294685 -11.94359732081897 65.44214283586449 -62.7895440458  124066 
247 12.35 800 799.924 -62.6996954687981 -0.3367611453862282 -128.7226555944173 0.005335563448965008 1 1.046795574460795e-19 0.003713331650942564 -128.7226555944173 0.005335563448965008 1 1.046795574460795e-19 0 -182.2178298513852 -11.94531638947807 65.44049064644599 -62.67634623  124066 
248 12.4 800 799.962 -62.79166409381944 -0.3373236091608824 -128.7305535393779 0.003323497245442356 1 6.416775888178553e-18 0.003723641857504845 -128.7305535393779 0.003323497245442356 1 6.416775888178553e-18 0 -182.2119972086821 -11.9422056882557 65.42364935755988 -62.747261939  124066 
249 12.45 800 799.929 -62.73524047606918 -0.3377380924153948 -128.7289245725304 0.000192647448678612 0.9999999999999998 -1.300692008438333e-19 0.003847924992442131 -128.7289245725304 0.000192647448678612 0.9999999999999998 -1.300692008438333e-19 0 -182.2246188349293 -11.94486247448243 65.44055673688125 -62.6451605518  124066 
250 12.5 800 799.962 -62.73666095441686 -0.3369910212955886 -128.7317254735109 -0.0008602671157648897 1 2.384867786589816e-18 0.003855246119201183 -128.7317254735109 -0.0008602671157648897 1 2.384867786589816e-18 0 -182.2172623063654 -11.94245891183418 65.42799574468857 -62.7193460796  124066 
