#   index    LocalEnergy         LocalEnergy_sq      LocalPotential      Kinetic             ElecElec            IonIon              LocalECP            NonLocalECP         BlockWeight         BlockCPU            AcceptRatio         
         0   -2.1683685628e+01    4.7162796024e+02   -4.2093934472e+01    2.0410248845e+01   -5.1390627459e+00   -2.5551327033e+01   -1.3222558413e+01    1.8190137199e+00    2.5600000000e+02    1.9028815756e-01    5.4934082031e-01
         1   -2.1731999781e+01    4.7354401728e+02   -4.2270985136e+01    2.0538985355e+01   -5.3167567375e+00   -2.5551327033e+01   -1.3271769341e+01    1.8688679753e+00    2.5600000000e+02    1.9100541163e-01    5.4223632812e-01
         2   -2.1747386173e+01    4.7426665322e+02   -4.1983699091e+01    2.0236312918e+01   -5.2903654210e+00   -2.5551327033e+01   -1.3433730422e+01    2.2917237848e+00    2.5600000000e+02    1.9068807937e-01    5.4543457031e-01
         3   -2.1592912782e+01    4.6750673171e+02   -4.1734405097e+01    2.0141492315e+01   -5.3855285088e+00   -2.5551327033e+01   -1.2982452931e+01    2.1849033755e+00    2.5600000000e+02    1.8906972594e-01    5.4819335938e-01
         4   -2.1669712994e+01    4.7125212100e+02   -4.1509652875e+01    1.9839939881e+01   -5.1440666180e+00   -2.5551327033e+01   -1.3308868398e+01    2.4946091747e+00    2.5600000000e+02    1.9044015537e-01    5.4667968750e-01
         5   -2.1523637165e+01    4.6537487579e+02   -4.2121681201e+01    2.0598044036e+01   -5.1978095686e+00   -2.5551327033e+01   -1.3932138939e+01    2.5595943390e+00    2.5600000000e+02    1.8966394900e-01    5.5317382812e-01
         6   -2.1486265710e+01    4.6288475788e+02   -4.2079939002e+01    2.0593673292e+01   -5.3837874596e+00   -2.5551327033e+01   -1.3576368010e+01    2.4315435001e+00    2.5600000000e+02    1.8966291475e-01    5.4545898437e-01
         7   -2.1620418681e+01    4.6912259111e+02   -4.1644637802e+01    2.0024219122e+01   -5.5182352698e+00   -2.5551327033e+01   -1.2848468465e+01    2.2733929656e+00    2.5600000000e+02    1.8938377969e-01    5.4902343750e-01
         8   -2.1860232864e+01    4.7915323943e+02   -4.2671927170e+01    2.0811694306e+01   -5.3200051991e+00   -2.5551327033e+01   -1.3558594762e+01    1.7579998242e+00    2.5600000000e+02    1.9125722975e-01    5.4897460937e-01
         9   -2.1786268061e+01    4.7569362115e+02   -4.1965312500e+01    2.0179044439e+01   -5.5653415768e+00   -2.5551327033e+01   -1.2714493461e+01    1.8658495712e+00    2.5600000000e+02    1.8888063094e-01    5.4636230469e-01
        10   -2.1633837495e+01    4.6918707336e+02   -4.1835705524e+01    2.0201868029e+01   -5.0528706840e+00   -2.5551327033e+01   -1.3523658694e+01    2.2921508864e+00    2.5600000000e+02    1.9171031744e-01    5.4497070312e-01
        11   -2.1763678294e+01    4.7471963788e+02   -4.1880825132e+01    2.0117146837e+01   -5.3663837023e+00   -2.5551327033e+01   -1.2720658886e+01    1.7575444899e+00    2.5600000000e+02    1.9006855769e-01    5.4836425781e-01
        12   -2.1851231874e+01    4.7873314991e+02   -4.2585828792e+01    2.0734596918e+01   -5.3454158128e+00   -2.5551327033e+01   -1.3618506561e+01    1.9294206155e+00    2.5600000000e+02    1.9035944988e-01    5.4968261719e-01
        13   -2.1571667996e+01    4.6661285561e+02   -4.2253131561e+01    2.0681463565e+01   -5.3378831705e+00   -2.5551327033e+01   -1.3395356252e+01    2.0314348936e+00    2.5600000000e+02    1.9143556181e-01    5.5012207031e-01
        14   -2.1790279759e+01    4.7590199419e+02   -4.2107042109e+01    2.0316762350e+01   -5.2119660807e+00   -2.5551327033e+01   -1.3152766686e+01    1.8090176901e+00    2.5600000000e+02    1.8994734075e-01    5.4729003906e-01
        15   -2.1653537947e+01    4.7019949770e+02   -4.2086866573e+01    2.0433328625e+01   -5.3540996681e+00   -2.5551327033e+01   -1.3150668509e+01    1.9692286370e+00    2.5600000000e+02    1.8992454769e-01    5.4797363281e-01
        16   -2.1678204986e+01    4.7110395345e+02   -4.2117315461e+01    2.0439110475e+01   -5.3274017832e+00   -2.5551327033e+01   -1.3370397869e+01    2.1318112239e+00    2.5600000000e+02    1.8995632269e-01    5.4406738281e-01
        17   -2.1733040193e+01    4.7337497113e+02   -4.1848873102e+01    2.0115832909e+01   -5.4656139961e+00   -2.5551327033e+01   -1.2784555573e+01    1.9526234997e+00    2.5600000000e+02    1.8987426706e-01    5.4660644531e-01
        18   -2.1738028674e+01    4.7368403663e+02   -4.2178404725e+01    2.0440376051e+01   -5.2573145399e+00   -2.5551327033e+01   -1.3167046293e+01    1.7972831401e+00    2.5600000000e+02    1.9018937506e-01    5.4882812500e-01
        19   -2.1616581883e+01    4.6848115757e+02   -4.1479139002e+01    1.9862557119e+01   -5.4745448467e+00   -2.5551327033e+01   -1.2505212807e+01    2.0519456850e+00    2.5600000000e+02    1.9141911138e-01    5.4736328125e-01
        20   -2.1782146453e+01    4.7567945644e+02   -4.2369561839e+01    2.0587415385e+01   -5.5081735443e+00   -2.5551327033e+01   -1.3448871110e+01    2.1388098485e+00    2.5600000000e+02    1.8914417581e-01    5.5263671875e-01
        21   -2.1696141172e+01    4.7182075022e+02   -4.2208396168e+01    2.0512254996e+01   -5.3586428969e+00   -2.5551327033e+01   -1.3358244541e+01    2.0598183034e+00    2.5600000000e+02    1.8971434431e-01    5.4833984375e-01
        22   -2.1732188204e+01    4.7336743029e+02   -4.2256555027e+01    2.0524366823e+01   -5.4154778061e+00   -2.5551327033e+01   -1.3159770859e+01    1.8700206718e+00    2.5600000000e+02    1.8928468712e-01    5.4411621094e-01
        23   -2.1690889150e+01    4.7161128627e+02   -4.2234356935e+01    2.0543467785e+01   -5.2413791152e+00   -2.5551327033e+01   -1.3707490895e+01    2.2658401074e+00    2.5600000000e+02    1.9189539400e-01    5.4479980469e-01
        24   -2.1684033431e+01    4.7134045051e+02   -4.2670339564e+01    2.0986306134e+01   -5.1355070753e+00   -2.5551327033e+01   -1.3956295386e+01    1.9727899298e+00    2.5600000000e+02    1.9161215763e-01    5.4582519531e-01
        25   -2.1697618536e+01    4.7200399934e+02   -4.1837785816e+01    2.0140167280e+01   -5.3779394596e+00   -2.5551327033e+01   -1.3021592376e+01    2.1130730525e+00    2.5600000000e+02    1.9027539631e-01    5.5000000000e-01
        26   -2.1609236915e+01    4.6837035026e+02   -4.1867750016e+01    2.0258513102e+01   -5.4033773433e+00   -2.5551327033e+01   -1.3035184521e+01    2.1221388810e+00    2.5600000000e+02    1.9112814812e-01    5.4785156250e-01
        27   -2.1649174491e+01    4.6986789454e+02   -4.2643650401e+01    2.0994475910e+01   -5.4154564404e+00   -2.5551327033e+01   -1.3766815967e+01    2.0899490388e+00    2.5600000000e+02    1.8934118906e-01    5.4594726562e-01
        28   -2.1659695384e+01    4.7030909896e+02   -4.2155219425e+01    2.0495524042e+01   -5.2994196084e+00   -2.5551327033e+01   -1.3602781090e+01    2.2983083061e+00    2.5600000000e+02    1.8853009619e-01    5.4838867187e-01
        29   -2.1731674509e+01    4.7348704399e+02   -4.1812745332e+01    2.0081070823e+01   -5.4088059385e+00   -2.5551327033e+01   -1.3039372409e+01    2.1867600484e+00    2.5600000000e+02    1.8932365331e-01    5.5014648437e-01
        30   -2.1803226204e+01    4.7647789794e+02   -4.2210587265e+01    2.0407361061e+01   -5.3633047187e+00   -2.5551327033e+01   -1.3217039548e+01    1.9210840350e+00    2.5600000000e+02    1.9081400575e-01    5.4797363281e-01
        31   -2.1732637478e+01    4.7347709808e+02   -4.2635370445e+01    2.0902732967e+01   -5.4528461014e+00   -2.5551327033e+01   -1.3703899130e+01    2.0727018189e+00    2.5600000000e+02    1.8893543319e-01    5.4843750000e-01
        32   -2.1654217617e+01    4.7017366149e+02   -4.1718508860e+01    2.0064291243e+01   -5.1186902843e+00   -2.5551327033e+01   -1.2782392435e+01    1.7339008916e+00    2.5600000000e+02    1.8967430381e-01    5.4191894531e-01
        33   -2.1742976205e+01    4.7413925147e+02   -4.2011695803e+01    2.0268719599e+01   -5.0766591219e+00   -2.5551327033e+01   -1.3208319439e+01    1.8246097906e+00    2.5600000000e+02    1.9122731438e-01    5.4877929688e-01
        34   -2.1734834237e+01    4.7349555181e+02   -4.2081467747e+01    2.0346633510e+01   -5.4303735694e+00   -2.5551327033e+01   -1.3015688459e+01    1.9159213142e+00    2.5600000000e+02    1.9078601113e-01    5.4780273438e-01
        35   -2.1769217147e+01    4.7512253152e+02   -4.1904352685e+01    2.0135135539e+01   -5.4696549420e+00   -2.5551327033e+01   -1.2821936651e+01    1.9385659402e+00    2.5600000000e+02    1.8928521369e-01    5.5209960937e-01
        36   -2.1746328252e+01    4.7402424122e+02   -4.1701583517e+01    1.9955255265e+01   -5.5998448966e+00   -2.5551327033e+01   -1.2366712380e+01    1.8163007922e+00    2.5600000000e+02    1.9085546450e-01    5.4699707031e-01
        37   -2.1666485223e+01    4.7100790685e+02   -4.1641262238e+01    1.9974777015e+01   -5.2922049473e+00   -2.5551327033e+01   -1.3292373840e+01    2.4946435820e+00    2.5600000000e+02    1.9072328719e-01    5.4704589844e-01
        38   -2.1720782487e+01    4.7279799037e+02   -4.2291714606e+01    2.0570932118e+01   -5.3193129512e+00   -2.5551327033e+01   -1.3350502223e+01    1.9294276011e+00    2.5600000000e+02    1.9164600269e-01    5.5012207031e-01
        39   -2.1701405155e+01    4.7217238749e+02   -4.1935372333e+01    2.0233967178e+01   -5.4736858501e+00   -2.5551327033e+01   -1.2738130439e+01    1.8277709897e+00    2.5600000000e+02    1.9024698837e-01    5.4916992187e-01
        40   -2.1686630532e+01    4.7144745687e+02   -4.2068853976e+01    2.0382223444e+01   -5.4315861179e+00   -2.5551327033e+01   -1.3147213344e+01    2.0612725193e+00    2.5600000000e+02    1.8931485606e-01    5.5290527344e-01
        41   -2.1727532695e+01    4.7303117287e+02   -4.1589439396e+01    1.9861906701e+01   -5.4834318809e+00   -2.5551327033e+01   -1.2511570172e+01    1.9568896894e+00    2.5600000000e+02    1.8933049044e-01    5.4697265625e-01
        42   -2.1568626046e+01    4.6637547436e+02   -4.1879967212e+01    2.0311341166e+01   -5.2646792328e+00   -2.5551327033e+01   -1.3008905828e+01    1.9449448824e+00    2.5600000000e+02    1.9168974094e-01    5.4926757813e-01
        43   -2.1592387733e+01    4.6741535809e+02   -4.2017846145e+01    2.0425458411e+01   -5.2342603094e+00   -2.5551327033e+01   -1.3423055191e+01    2.1907963884e+00    2.5600000000e+02    1.8964220719e-01    5.4709472656e-01
        44   -2.1628628231e+01    4.6937701771e+02   -4.2377739822e+01    2.0749111591e+01   -5.3706421114e+00   -2.5551327033e+01   -1.3352184833e+01    1.8964141554e+00    2.5600000000e+02    1.9071722206e-01    5.4982910156e-01
        45   -2.1657283508e+01    4.7044298105e+02   -4.2120501446e+01    2.0463217938e+01   -5.3188309650e+00   -2.5551327033e+01   -1.3268482425e+01    2.0181389761e+00    2.5600000000e+02    1.9055650363e-01    5.4104003906e-01
        46   -2.1564136319e+01    4.6611323579e+02   -4.1441583976e+01    1.9877447656e+01   -5.0767603709e+00   -2.5551327033e+01   -1.3096572692e+01    2.2830761199e+00    2.5600000000e+02    1.9075628563e-01    5.4667968750e-01
        47   -2.1754544055e+01    4.7440635725e+02   -4.2230365733e+01    2.0475821679e+01   -5.2285080435e+00   -2.5551327033e+01   -1.3138855136e+01    1.6883244790e+00    2.5600000000e+02    1.9056062806e-01    5.4855957031e-01
        48   -2.1710322796e+01    4.7268565187e+02   -4.1728586356e+01    2.0018263559e+01   -5.3776605693e+00   -2.5551327033e+01   -1.2919867020e+01    2.1202682666e+00    2.5600000000e+02    1.8827221394e-01    5.5234375000e-01
        49   -2.1706435981e+01    4.7247079340e+02   -4.1268589997e+01    1.9562154016e+01   -5.2010048348e+00   -2.5551327033e+01   -1.2437169646e+01    1.9209115166e+00    2.5600000000e+02    1.9050916513e-01    5.5002441406e-01
        50   -2.1777311159e+01    4.7557560872e+02   -4.2108128047e+01    2.0330816888e+01   -5.3438606827e+00   -2.5551327033e+01   -1.2850972659e+01    1.6380323278e+00    2.5600000000e+02    1.8912708450e-01    5.4475097656e-01
        51   -2.1614010115e+01    4.6819620252e+02   -4.1653887614e+01    2.0039877499e+01   -5.3486822193e+00   -2.5551327033e+01   -1.2961805915e+01    2.2079275535e+00    2.5600000000e+02    1.9154535850e-01    5.4855957031e-01
        52   -2.1762469229e+01    4.7472824464e+02   -4.1188335892e+01    1.9425866663e+01   -5.3289002710e+00   -2.5551327033e+01   -1.2127727340e+01    1.8196187521e+00    2.5600000000e+02    1.9070050294e-01    5.4638671875e-01
        53   -2.1753836017e+01    4.7427834683e+02   -4.1145388747e+01    1.9391552730e+01   -5.1879133054e+00   -2.5551327033e+01   -1.2454954540e+01    2.0488061319e+00    2.5600000000e+02    1.9023093637e-01    5.4660644531e-01
        54   -2.1730253361e+01    4.7370723234e+02   -4.2036945189e+01    2.0306691828e+01   -5.4043587189e+00   -2.5551327033e+01   -1.2902573059e+01    1.8213136208e+00    2.5600000000e+02    1.9177149106e-01    5.4829101563e-01
        55   -2.1518226098e+01    4.6408041864e+02   -4.2307632522e+01    2.0789406423e+01   -5.3673197177e+00   -2.5551327033e+01   -1.3259731682e+01    1.8707459110e+00    2.5600000000e+02    1.9112259825e-01    5.4438476563e-01
        56   -2.1612748547e+01    4.6820456319e+02   -4.1705883342e+01    2.0093134795e+01   -5.4418507932e+00   -2.5551327033e+01   -1.2851052485e+01    2.1383469688e+00    2.5600000000e+02    1.8978225369e-01    5.4907226562e-01
        57   -2.1651556569e+01    4.7023561265e+02   -4.1376483534e+01    1.9724926965e+01   -5.0981118284e+00   -2.5551327033e+01   -1.2929892827e+01    2.2028481544e+00    2.5600000000e+02    1.8979268562e-01    5.5263671875e-01
        58   -2.1615760816e+01    4.6822094492e+02   -4.1913163991e+01    2.0297403175e+01   -5.3374334167e+00   -2.5551327033e+01   -1.2869049909e+01    1.8446463677e+00    2.5600000000e+02    1.9139074119e-01    5.4729003906e-01
        59   -2.1619738976e+01    4.6830187906e+02   -4.2505201086e+01    2.0885462110e+01   -5.0717550475e+00   -2.5551327033e+01   -1.4096280385e+01    2.2141613795e+00    2.5600000000e+02    1.9036279006e-01    5.4858398438e-01
        60   -2.1637160571e+01    4.6971427069e+02   -4.1962242513e+01    2.0325081942e+01   -5.5335400826e+00   -2.5551327033e+01   -1.3070356889e+01    2.1929814925e+00    2.5600000000e+02    1.9034888887e-01    5.4887695312e-01
        61   -2.1574918133e+01    4.6656430163e+02   -4.2198458565e+01    2.0623540432e+01   -5.4003972379e+00   -2.5551327033e+01   -1.3431217648e+01    2.1844833533e+00    2.5600000000e+02    1.8962450063e-01    5.4838867188e-01
        62   -2.1654622184e+01    4.6995050627e+02   -4.1127266823e+01    1.9472644639e+01   -5.4820272164e+00   -2.5551327033e+01   -1.3060187171e+01    2.9662745969e+00    2.5600000000e+02    1.9112461950e-01    5.4711914062e-01
        63   -2.1713930440e+01    4.7266104588e+02   -4.2136239553e+01    2.0422309113e+01   -5.5172057074e+00   -2.5551327033e+01   -1.2956012347e+01    1.8883055340e+00    2.5600000000e+02    1.9046378412e-01    5.4799804687e-01
        64   -2.1737265975e+01    4.7365545862e+02   -4.2373648720e+01    2.0636382745e+01   -5.2991690214e+00   -2.5551327033e+01   -1.3492504646e+01    1.9693519803e+00    2.5600000000e+02    1.9050187337e-01    5.4553222656e-01
        65   -2.1749594297e+01    4.7421641484e+02   -4.1932971627e+01    2.0183377330e+01   -5.2951495288e+00   -2.5551327033e+01   -1.2965154330e+01    1.8786592649e+00    2.5600000000e+02    1.8902344062e-01    5.5000000000e-01
        66   -2.1726947728e+01    4.7315952715e+02   -4.2012409644e+01    2.0285461916e+01   -5.4759503625e+00   -2.5551327033e+01   -1.3026383123e+01    2.0412508747e+00    2.5600000000e+02    1.9060601800e-01    5.4306640625e-01
        67   -2.1592970289e+01    4.6728272830e+02   -4.1981352335e+01    2.0388382046e+01   -5.2382647257e+00   -2.5551327033e+01   -1.3576976916e+01    2.3852163392e+00    2.5600000000e+02    1.9085636531e-01    5.5056152344e-01
        68   -2.1687280384e+01    4.7140559042e+02   -4.1877388707e+01    2.0190108324e+01   -5.3306000855e+00   -2.5551327033e+01   -1.3028134869e+01    2.0326732803e+00    2.5600000000e+02    1.9010144662e-01    5.4973144531e-01
        69   -2.1622981445e+01    4.6859604711e+02   -4.2339820512e+01    2.0716839067e+01   -5.4901683673e+00   -2.5551327033e+01   -1.3797490809e+01    2.4991656964e+00    2.5600000000e+02    1.9158156131e-01    5.4685058594e-01
        70   -2.1704632755e+01    4.7246123841e+02   -4.2299080369e+01    2.0594447613e+01   -5.1454614496e+00   -2.5551327033e+01   -1.3595829685e+01    1.9935377989e+00    2.5600000000e+02    1.9046854475e-01    5.5009765625e-01
        71   -2.1736179358e+01    4.7361862477e+02   -4.2095049808e+01    2.0358870450e+01   -5.1506342737e+00   -2.5551327033e+01   -1.3413563044e+01    2.0204745424e+00    2.5600000000e+02    1.9003421169e-01    5.4421386719e-01
        72   -2.1697277339e+01    4.7197580256e+02   -4.2346688374e+01    2.0649411034e+01   -5.2878270633e+00   -2.5551327033e+01   -1.3416377202e+01    1.9088429244e+00    2.5600000000e+02    1.9151007800e-01    5.4509277344e-01
        73   -2.1792852372e+01    4.7603866232e+02   -4.1696071516e+01    1.9903219144e+01   -5.3317305988e+00   -2.5551327033e+01   -1.2847678053e+01    2.0346641682e+00    2.5600000000e+02    1.9067515944e-01    5.4479980469e-01
        74   -2.1509185890e+01    4.6383929858e+02   -4.1855754331e+01    2.0346568441e+01   -5.2167041271e+00   -2.5551327033e+01   -1.3401123348e+01    2.3134001777e+00    2.5600000000e+02    1.9103981913e-01    5.5024414063e-01
        75   -2.1637522458e+01    4.6930418770e+02   -4.2230586419e+01    2.0593063961e+01   -5.3446178159e+00   -2.5551327033e+01   -1.3865482313e+01    2.5308407434e+00    2.5600000000e+02    1.9100152212e-01    5.4252929687e-01
        76   -2.1554867479e+01    4.6567362681e+02   -4.2591870897e+01    2.1037003418e+01   -5.3728038068e+00   -2.5551327033e+01   -1.3867283902e+01    2.1995438447e+00    2.5600000000e+02    1.9119082663e-01    5.4157714844e-01
        77   -2.1707904934e+01    4.7251490645e+02   -4.1753722166e+01    2.0045817233e+01   -5.2110355230e+00   -2.5551327033e+01   -1.3207852241e+01    2.2164926309e+00    2.5600000000e+02    1.9015467981e-01    5.4804687500e-01
        78   -2.1715047974e+01    4.7264257065e+02   -4.1772187245e+01    2.0057139271e+01   -5.3498301283e+00   -2.5551327033e+01   -1.2970601189e+01    2.0995711050e+00    2.5600000000e+02    1.8991526088e-01    5.4865722656e-01
        79   -2.1769012775e+01    4.7489937526e+02   -4.1391651741e+01    1.9622638966e+01   -5.2411656650e+00   -2.5551327033e+01   -1.2606650756e+01    2.0074917128e+00    2.5600000000e+02    1.9035000700e-01    5.4790039062e-01
        80   -2.1677116075e+01    4.7098900076e+02   -4.1399480930e+01    1.9722364856e+01   -5.2339560931e+00   -2.5551327033e+01   -1.2343070998e+01    1.7288731933e+00    2.5600000000e+02    1.8923873150e-01    5.5146484375e-01
        81   -2.1624693921e+01    4.6904700947e+02   -4.1865549255e+01    2.0240855334e+01   -5.2380577713e+00   -2.5551327033e+01   -1.2983294863e+01    1.9071304130e+00    2.5600000000e+02    1.8884976212e-01    5.5000000000e-01
        82   -2.1657181679e+01    4.7037001096e+02   -4.1806103817e+01    2.0148922138e+01   -5.2527618602e+00   -2.5551327033e+01   -1.3163606498e+01    2.1615915735e+00    2.5600000000e+02    1.9002379881e-01    5.4602050781e-01
        83   -2.1588811944e+01    4.6762402342e+02   -4.2046251077e+01    2.0457439133e+01   -5.3409902979e+00   -2.5551327033e+01   -1.3257803756e+01    2.1038700099e+00    2.5600000000e+02    1.8962756862e-01    5.4714355469e-01
        84   -2.1531668149e+01    4.6550565651e+02   -4.1608350238e+01    2.0076682088e+01   -5.2225772864e+00   -2.5551327033e+01   -1.3055659589e+01    2.2212136709e+00    2.5600000000e+02    1.9078893494e-01    5.4399414062e-01
        85   -2.1737894541e+01    4.7359689000e+02   -4.2544514703e+01    2.0806620163e+01   -5.2712312975e+00   -2.5551327033e+01   -1.3688960009e+01    1.9670036359e+00    2.5600000000e+02    1.9266843106e-01    5.4333496094e-01
        86   -2.1790030920e+01    4.7587530943e+02   -4.1774231941e+01    1.9984201021e+01   -5.3790243711e+00   -2.5551327033e+01   -1.2622847835e+01    1.7789672990e+00    2.5600000000e+02    1.8951551369e-01    5.5175781250e-01
        87   -2.1724577091e+01    4.7314791958e+02   -4.1901273383e+01    2.0176696292e+01   -5.2565063649e+00   -2.5551327033e+01   -1.2810677691e+01    1.7172377055e+00    2.5600000000e+02    1.9004181713e-01    5.4772949219e-01
        88   -2.1590342797e+01    4.6750557937e+02   -4.2556437208e+01    2.0966094411e+01   -5.2463971252e+00   -2.5551327033e+01   -1.3789646205e+01    2.0309331556e+00    2.5600000000e+02    1.9150544513e-01    5.4614257812e-01
        89   -2.1693423857e+01    4.7182536398e+02   -4.2162085431e+01    2.0468661574e+01   -5.3386812844e+00   -2.5551327033e+01   -1.3317682470e+01    2.0456053562e+00    2.5600000000e+02    1.8976879175e-01    5.4831542969e-01
        90   -2.1758703891e+01    4.7446181003e+02   -4.1660856645e+01    1.9902152754e+01   -5.6328575196e+00   -2.5551327033e+01   -1.2672873317e+01    2.1962012243e+00    2.5600000000e+02    1.9059607275e-01    5.4812011719e-01
        91   -2.1572419292e+01    4.6648821668e+02   -4.2495286674e+01    2.0922867383e+01   -5.3697973881e+00   -2.5551327033e+01   -1.3614464968e+01    2.0403027144e+00    2.5600000000e+02    1.9066304887e-01    5.4663085938e-01
        92   -2.1727142718e+01    4.7320238533e+02   -4.1324179362e+01    1.9597036644e+01   -5.4649610807e+00   -2.5551327033e+01   -1.2154289095e+01    1.8463978464e+00    2.5600000000e+02    1.8950477350e-01    5.4975585938e-01
        93   -2.1635604804e+01    4.6915863665e+02   -4.2392117044e+01    2.0756512240e+01   -5.3316960532e+00   -2.5551327033e+01   -1.3859330678e+01    2.3502367199e+00    2.5600000000e+02    1.9152482519e-01    5.4709472656e-01
        94   -2.1498842737e+01    4.6335089790e+02   -4.1873925190e+01    2.0375082453e+01   -5.2072241056e+00   -2.5551327033e+01   -1.3210912979e+01    2.0955389271e+00    2.5600000000e+02    1.9093405100e-01    5.5102539062e-01
        95   -2.1608738596e+01    4.6819509107e+02   -4.2331522125e+01    2.0722783529e+01   -5.0241336834e+00   -2.5551327033e+01   -1.4106455628e+01    2.3503942198e+00    2.5600000000e+02    1.9168294425e-01    5.4584960938e-01
        96   -2.1823435677e+01    4.7727943082e+02   -4.1944531766e+01    2.0121096089e+01   -5.4298598298e+00   -2.5551327033e+01   -1.2814522687e+01    1.8511777835e+00    2.5600000000e+02    1.9045826131e-01    5.5029296875e-01
        97   -2.1653015316e+01    4.6998984342e+02   -4.2148807605e+01    2.0495792289e+01   -5.3024683710e+00   -2.5551327033e+01   -1.3351483284e+01    2.0564710823e+00    2.5600000000e+02    1.9133540588e-01    5.4650878906e-01
        98   -2.1637249851e+01    4.6918061328e+02   -4.1872197622e+01    2.0234947770e+01   -5.4671393242e+00   -2.5551327033e+01   -1.2934727075e+01    2.0809958107e+00    2.5600000000e+02    1.9114078912e-01    5.4650878906e-01
        99   -2.1666710503e+01    4.7044717767e+02   -4.2398598758e+01    2.0731888255e+01   -5.2962333022e+00   -2.5551327033e+01   -1.3367195157e+01    1.8161567341e+00    2.5600000000e+02    1.9050819719e-01    5.4665527344e-01
