#   index    LocalEnergy         LocalEnergy_sq      LocalPotential      Kinetic             ElecElec            IonIon              IonElec             BlockWeight         BlockCPU            AcceptRatio         
         0   -7.6297721072e+01    5.8225977377e+03   -1.5348726386e+02    7.7189542789e+01    3.5999310885e+01    9.1895337630e+00   -1.9867610851e+02    3.2000200000e+05    7.8434360027e+00    9.9698819088e-01
         1   -7.6376523564e+01    5.8352285120e+03   -1.5352681438e+02    7.7150290814e+01    3.6144750574e+01    9.1895337630e+00   -1.9886109871e+02    3.1999600000e+05    7.7282938957e+00    9.9690463913e-01
         2   -7.6385978852e+01    5.8368798495e+03   -1.5275812607e+02    7.6372147218e+01    3.6228579408e+01    9.1895337630e+00   -1.9817623924e+02    3.2000100000e+05    8.1413879395e+00    9.9692246153e-01
         3   -7.6406883786e+01    5.8401669452e+03   -1.5249596097e+02    7.6089077186e+01    3.6281914221e+01    9.1895337630e+00   -1.9796740896e+02    3.1999900000e+05    7.6650300026e+00    9.9697656250e-01
         4   -7.6418822599e+01    5.8420215924e+03   -1.5219056373e+02    7.5771741135e+01    3.6304324292e+01    9.1895337630e+00   -1.9768442179e+02    3.2000300000e+05    7.8313360214e+00    9.9685029281e-01
         5   -7.6418821800e+01    5.8423256530e+03   -1.5236782777e+02    7.5949005968e+01    3.6330956842e+01    9.1895337630e+00   -1.9788831837e+02    3.2000000000e+05    7.8276607990e+00    9.9689730385e-01
         6   -7.6404137286e+01    5.8403407117e+03   -1.5310197006e+02    7.6697832776e+01    3.6392930615e+01    9.1895337629e+00   -1.9868443444e+02    3.2004300000e+05    7.8058660030e+00    9.9685039370e-01
         7   -7.6405306925e+01    5.8401690250e+03   -1.5271683847e+02    7.6311531549e+01    3.6393472937e+01    9.1895337630e+00   -1.9829984517e+02    3.1986000000e+05    7.7939269543e+00    9.9688096913e-01
         8   -7.6411441203e+01    5.8412486113e+03   -1.5304402857e+02    7.6632587365e+01    3.6403672275e+01    9.1895337630e+00   -1.9863723461e+02    3.1960000000e+05    8.1128530502e+00    9.9684577429e-01
         9   -7.6412581385e+01    5.8412030563e+03   -1.5260769824e+02    7.6195116853e+01    3.6399851953e+01    9.1895337630e+00   -1.9819708395e+02    3.1943600000e+05    8.0839002132e+00    9.9684920314e-01
        10   -7.6417006046e+01    5.8418238665e+03   -1.5209722606e+02    7.5680220015e+01    3.6392741219e+01    9.1895337630e+00   -1.9767950104e+02    3.1935400000e+05    8.0443110466e+00    9.9685684852e-01
        11   -7.6415472254e+01    5.8415140694e+03   -1.5212761821e+02    7.5712145952e+01    3.6360266246e+01    9.1895337630e+00   -1.9767741821e+02    3.1930800000e+05    8.0675899982e+00    9.9689333037e-01
        12   -7.6403185640e+01    5.8398607138e+03   -1.5284118880e+02    7.6438003156e+01    3.6357156827e+01    9.1895337631e+00   -1.9838787939e+02    3.1912100000e+05    8.0548698902e+00    9.9686239734e-01
        13   -7.6408693951e+01    5.8407169945e+03   -1.5238932324e+02    7.5980629286e+01    3.6345125897e+01    9.1895337630e+00   -1.9792398290e+02    3.1891300000e+05    8.0168249607e+00    9.9696281756e-01
        14   -7.6414079318e+01    5.8414741748e+03   -1.5285387067e+02    7.6439791355e+01    3.6340961869e+01    9.1895337631e+00   -1.9838436631e+02    3.1877200000e+05    8.0260109901e+00    9.9688602806e-01
        15   -7.6416349772e+01    5.8420912644e+03   -1.5179107837e+02    7.5374728602e+01    3.6315707032e+01    9.1895337630e+00   -1.9729631917e+02    3.1903500000e+05    8.0450429916e+00    9.9688006445e-01
        16   -7.6409387909e+01    5.8408968594e+03   -1.5195718656e+02    7.5547798646e+01    3.6357689556e+01    9.1895337631e+00   -1.9750440987e+02    3.1922900000e+05    8.0598378181e+00    9.9679563688e-01
        17   -7.6412631025e+01    5.8414132294e+03   -1.5227257751e+02    7.5859946488e+01    3.6351188328e+01    9.1895337631e+00   -1.9781329960e+02    3.1925700000e+05    7.9408738613e+00    9.9691470168e-01
        18   -7.6420223699e+01    5.8423814128e+03   -1.5232377679e+02    7.5903553094e+01    3.6354898538e+01    9.1895337630e+00   -1.9786820909e+02    3.1944400000e+05    7.9493029118e+00    9.9692102998e-01
        19   -7.6416928755e+01    5.8418175977e+03   -1.5225328612e+02    7.5836357365e+01    3.6419369770e+01    9.1895337630e+00   -1.9786218965e+02    3.1957200000e+05    7.9325950146e+00    9.9683620946e-01
        20   -7.6414638463e+01    5.8414994977e+03   -1.5236644888e+02    7.5951810414e+01    3.6490253425e+01    9.1895337630e+00   -1.9804623606e+02    3.1938100000e+05    7.8904280663e+00    9.9691837546e-01
        21   -7.6409413375e+01    5.8406653446e+03   -1.5232766323e+02    7.5918249854e+01    3.6440772758e+01    9.1895337630e+00   -1.9795796975e+02    3.1929000000e+05    7.8111619949e+00    9.9695964673e-01
        22   -7.6409890820e+01    5.8408293144e+03   -1.5256621382e+02    7.6156322997e+01    3.6471291513e+01    9.1895337630e+00   -1.9822703909e+02    3.1922300000e+05    7.8536460400e+00    9.9687367844e-01
        23   -7.6410333654e+01    5.8407400182e+03   -1.5208568142e+02    7.5675347769e+01    3.6437550719e+01    9.1895337630e+00   -1.9771276590e+02    3.1868500000e+05    7.7097899914e+00    9.9692882132e-01
        24   -7.6415052523e+01    5.8417651674e+03   -1.5247842880e+02    7.6063376277e+01    3.6491176163e+01    9.1895337630e+00   -1.9815913873e+02    3.1863600000e+05    7.7496230602e+00    9.9687554920e-01
        25   -7.6405197140e+01    5.8399750729e+03   -1.5236921730e+02    7.5964020157e+01    3.6470942028e+01    9.1895337630e+00   -1.9802969309e+02    3.1861200000e+05    7.8388769627e+00    9.9683122573e-01
        26   -7.6404796417e+01    5.8399724458e+03   -1.5299045307e+02    7.6585656654e+01    3.6483458568e+01    9.1895337630e+00   -1.9866344540e+02    3.1867100000e+05    7.8591098785e+00    9.9690951029e-01
        27   -7.6411041488e+01    5.8409111585e+03   -1.5241959396e+02    7.6008552469e+01    3.6494592540e+01    9.1895337630e+00   -1.9810372026e+02    3.1924000000e+05    7.8652789593e+00    9.9697414917e-01
        28   -7.6400676684e+01    5.8393034432e+03   -1.5270780650e+02    7.6307129819e+01    3.6559733068e+01    9.1895337630e+00   -1.9845707333e+02    3.1933000000e+05    7.8030099869e+00    9.9691741143e-01
        29   -7.6423111605e+01    5.8432798637e+03   -1.5277386817e+02    7.6350756569e+01    3.6567503681e+01    9.1895337631e+00   -1.9853090562e+02    3.1892200000e+05    7.8463659286e+00    9.9687146284e-01
        30   -7.6405487785e+01    5.8402500421e+03   -1.5216370957e+02    7.5758221783e+01    3.6556896420e+01    9.1895337630e+00   -1.9791013975e+02    3.1842000000e+05    7.7328069210e+00    9.9691196558e-01
        31   -7.6418731685e+01    5.8421273136e+03   -1.5227248666e+02    7.5853754975e+01    3.6605447410e+01    9.1895337630e+00   -1.9806746783e+02    3.1834100000e+05    8.0079910755e+00    9.9688329558e-01
        32   -7.6414913042e+01    5.8415053846e+03   -1.5213988413e+02    7.5724971088e+01    3.6601484012e+01    9.1895337630e+00   -1.9793090191e+02    3.1883400000e+05    8.3255441189e+00    9.9687557832e-01
        33   -7.6403769832e+01    5.8398068258e+03   -1.5250313300e+02    7.6099363165e+01    3.6582159333e+01    9.1895337630e+00   -1.9827482609e+02    3.1948300000e+05    8.8053090572e+00    9.9691894024e-01
        34   -7.6408350286e+01    5.8405322387e+03   -1.5228925398e+02    7.5880903692e+01    3.6623775024e+01    9.1895337630e+00   -1.9810256276e+02    3.1965200000e+05    7.7778038979e+00    9.9688813945e-01
        35   -7.6405044481e+01    5.8400572775e+03   -1.5262610980e+02    7.6221065315e+01    3.6623723158e+01    9.1895337630e+00   -1.9843936672e+02    3.1918300000e+05    7.7116408348e+00    9.9691066589e-01
        36   -7.6405740029e+01    5.8402476953e+03   -1.5228073190e+02    7.5874991873e+01    3.6662306944e+01    9.1895337630e+00   -1.9813257261e+02    3.1939000000e+05    7.8200058937e+00    9.9688831694e-01
        37   -7.6402947069e+01    5.8398517450e+03   -1.5293513793e+02    7.6532190858e+01    3.6716443198e+01    9.1895337631e+00   -1.9884111489e+02    3.1949900000e+05    7.8347449303e+00    9.9688651166e-01
        38   -7.6410754842e+01    5.8408592331e+03   -1.5266024854e+02    7.6249493694e+01    3.6679254600e+01    9.1895337630e+00   -1.9852903690e+02    3.1928600000e+05    7.8797910213e+00    9.9686478157e-01
        39   -7.6415594669e+01    5.8415742025e+03   -1.5244560873e+02    7.6030014065e+01    3.6644902450e+01    9.1895337631e+00   -1.9828004495e+02    3.1891800000e+05    7.8192059994e+00    9.9688260302e-01
        40   -7.6426439255e+01    5.8431247737e+03   -1.5209741893e+02    7.5670979675e+01    3.6628538567e+01    9.1895337630e+00   -1.9791549126e+02    3.1866800000e+05    7.7941899300e+00    9.9691738478e-01
        41   -7.6417721704e+01    5.8419354814e+03   -1.5237412616e+02    7.5956404452e+01    3.6666274900e+01    9.1895337630e+00   -1.9822993482e+02    3.1899700000e+05    7.8145999908e+00    9.9683464740e-01
        42   -7.6411957206e+01    5.8409815892e+03   -1.5252436561e+02    7.6112408408e+01    3.6692966368e+01    9.1895337630e+00   -1.9840686574e+02    3.1905200000e+05    7.8757119179e+00    9.9690972059e-01
        43   -7.6406659100e+01    5.8400337156e+03   -1.5146030916e+02    7.5053650063e+01    3.6667555476e+01    9.1895337630e+00   -1.9731739840e+02    3.1948800000e+05    7.8175041676e+00    9.9689218758e-01
        44   -7.6404254986e+01    5.8398026062e+03   -1.5196837024e+02    7.5564115253e+01    3.6652633231e+01    9.1895337630e+00   -1.9781053723e+02    3.1969800000e+05    7.8303451538e+00    9.9690669086e-01
        45   -7.6419605117e+01    5.8422413582e+03   -1.5244697963e+02    7.6027374513e+01    3.6711984647e+01    9.1895337630e+00   -1.9834849804e+02    3.2009500000e+05    7.8075311184e+00    9.9693835152e-01
        46   -7.6415993710e+01    5.8418693702e+03   -1.5281777426e+02    7.6401780550e+01    3.6723310492e+01    9.1895337630e+00   -1.9873061851e+02    3.1998800000e+05    7.7858688831e+00    9.9688295941e-01
        47   -7.6423632944e+01    5.8427932208e+03   -1.5318523993e+02    7.6761606987e+01    3.6784385614e+01    9.1895337630e+00   -1.9915915931e+02    3.2014500000e+05    7.8149268627e+00    9.9687593713e-01
        48   -7.6424791851e+01    5.8431650551e+03   -1.5265186470e+02    7.6227072845e+01    3.6808069849e+01    9.1895337630e+00   -1.9864946831e+02    3.2069600000e+05    7.9168300629e+00    9.9688458948e-01
        49   -7.6421897371e+01    5.8426407642e+03   -1.5309331425e+02    7.6671416880e+01    3.6850455175e+01    9.1895337630e+00   -1.9913330319e+02    3.2111400000e+05    7.8129699230e+00    9.9689066889e-01
