#   index    LocalEnergy         LocalEnergy_sq      LocalPotential      Kinetic             ElecElec            IonIon              IonElec             BlockWeight         BlockCPU            AcceptRatio         
         0   -7.6833378621e+01    5.9050242045e+03   -1.5300503928e+02    7.6171660656e+01    3.4773384939e+01    9.1895337630e+00   -1.9696795798e+02    8.0000000000e+00    2.8449296951e-03    5.3666666667e-01
         1   -7.6704332902e+01    5.8847051574e+03   -1.3035110583e+02    5.3646772926e+01    3.3076260818e+01    9.1895337630e+00   -1.7261690041e+02    8.0000000000e+00    2.6874840260e-03    5.4041666667e-01
         2   -7.6974071472e+01    5.9257450497e+03   -1.7875425414e+02    1.0178018267e+02    3.7922210292e+01    9.1895337630e+00   -2.2586599819e+02    8.0000000000e+00    2.7707219124e-03    5.4666666667e-01
         3   -7.6824163699e+01    5.9026751375e+03   -1.4826908208e+02    7.1444918380e+01    3.5942791151e+01    9.1895337630e+00   -1.9340140699e+02    8.0000000000e+00    5.7460963726e-03    5.5791666667e-01
         4   -7.6232236834e+01    5.8117390955e+03   -1.4806400003e+02    7.1831763194e+01    3.4053729365e+01    9.1895337630e+00   -1.9130726316e+02    8.0000000000e+00    2.9500126839e-03    5.4416666667e-01
         5   -7.6870441153e+01    5.9092740793e+03   -1.2304004441e+02    4.6169603258e+01    3.7246228407e+01    9.1895337630e+00   -1.6947580658e+02    8.0000000000e+00    3.0411481857e-03    5.4708333333e-01
         6   -7.6119624294e+01    5.7952765401e+03   -1.7279970830e+02    9.6680084007e+01    3.7243505256e+01    9.1895337630e+00   -2.1923274732e+02    8.0000000000e+00    2.9695332050e-03    5.5583333333e-01
         7   -7.6224613997e+01    5.8110999896e+03   -1.5317900946e+02    7.6954395461e+01    3.4474717804e+01    9.1895337630e+00   -1.9684326103e+02    8.0000000000e+00    2.9011070728e-03    5.4958333333e-01
         8   -7.6185230481e+01    5.8054469270e+03   -1.2734994689e+02    5.1164716409e+01    3.1634553302e+01    9.1895337630e+00   -1.6817403396e+02    8.0000000000e+00    2.9478967190e-03    5.4875000000e-01
         9   -7.6257676700e+01    5.8164442696e+03   -1.4068384874e+02    6.4426172042e+01    4.1451888548e+01    9.1895337630e+00   -1.9132527105e+02    8.0000000000e+00    2.8872191906e-03    5.2833333333e-01
        10   -7.6788671892e+01    5.8968456776e+03   -1.3857024963e+02    6.1781577738e+01    3.6084502131e+01    9.1895337630e+00   -1.8384428552e+02    8.0000000000e+00    3.0522048473e-03    5.4541666667e-01
        11   -7.6077817711e+01    5.7881621747e+03   -1.6908454052e+02    9.3006722807e+01    3.4480329798e+01    9.1895337630e+00   -2.1275440408e+02    8.0000000000e+00    2.9346942902e-03    5.5333333333e-01
        12   -7.6649399720e+01    5.8755988966e+03   -1.5426665581e+02    7.7617256092e+01    3.4222718621e+01    9.1895337630e+00   -1.9767890820e+02    8.0000000000e+00    2.8990209103e-03    5.4833333333e-01
        13   -7.6692471440e+01    5.8838780525e+03   -1.7578131746e+02    9.9088846024e+01    4.0348066191e+01    9.1895337630e+00   -2.2531891742e+02    8.0000000000e+00    2.9715299606e-03    5.5125000000e-01
        14   -7.6687468960e+01    5.8827667312e+03   -1.6896118724e+02    9.2273718285e+01    3.9485023729e+01    9.1895337630e+00   -2.1763574474e+02    8.0000000000e+00    2.9205083847e-03    5.3208333333e-01
        15   -7.5824885795e+01    5.7503057007e+03   -1.5953740331e+02    8.3712517519e+01    3.9065521243e+01    9.1895337630e+00   -2.0779245832e+02    8.0000000000e+00    3.0047297478e-03    5.4541666667e-01
        16   -7.6379307610e+01    5.8341289352e+03   -1.5755382122e+02    8.1174513607e+01    3.8628103363e+01    9.1895337630e+00   -2.0537145834e+02    8.0000000000e+00    3.0110478401e-03    5.5041666667e-01
        17   -7.6609744084e+01    5.8730728185e+03   -1.8298743719e+02    1.0637769311e+02    3.7242117039e+01    9.1895337630e+00   -2.2941908799e+02    8.0000000000e+00    3.0415058136e-03    5.4708333333e-01
        18   -7.6554415993e+01    5.8622077334e+03   -1.5454413422e+02    7.7989718222e+01    3.5946025932e+01    9.1895337630e+00   -1.9967969391e+02    8.0000000000e+00    2.9907822609e-03    5.5000000000e-01
        19   -7.5035710492e+01    5.6453198935e+03   -1.6322724701e+02    8.8191536523e+01    4.1280816628e+01    9.1895337630e+00   -2.1369759741e+02    8.0000000000e+00    3.0303895473e-03    5.6708333333e-01
        20   -7.6895301156e+01    5.9134310968e+03   -1.5540875890e+02    7.8513457746e+01    3.5118577010e+01    9.1895337630e+00   -1.9971686967e+02    8.0000000000e+00    2.8092265129e-03    5.2625000000e-01
        21   -7.6336077992e+01    5.8282221548e+03   -1.6271486037e+02    8.6378782373e+01    3.7808782068e+01    9.1895337630e+00   -2.0971317620e+02    8.0000000000e+00    2.9854476452e-03    5.4208333333e-01
        22   -7.6467081386e+01    5.8488397843e+03   -1.4976988864e+02    7.3302807258e+01    3.6335306564e+01    9.1895337630e+00   -1.9529472897e+02    8.0000000000e+00    3.0170381069e-03    5.5083333333e-01
        23   -7.5576357477e+01    5.7147966654e+03   -1.2835464590e+02    5.2778288428e+01    3.6112430275e+01    9.1895337630e+00   -1.7365660994e+02    8.0000000000e+00    2.9684603214e-03    5.1708333333e-01
        24   -7.5968770874e+01    5.7724876549e+03   -1.4941471228e+02    7.3445941409e+01    3.9074805638e+01    9.1895337630e+00   -1.9767905168e+02    8.0000000000e+00    3.0152499676e-03    5.4250000000e-01
        25   -7.7493009490e+01    6.0060866900e+03   -1.6431598450e+02    8.6822975012e+01    3.6297326011e+01    9.1895337630e+00   -2.0980284428e+02    8.0000000000e+00    3.1094253063e-03    5.6000000000e-01
        26   -7.6369789457e+01    5.8337241850e+03   -1.4399552635e+02    6.7625736890e+01    3.8089531361e+01    9.1895337630e+00   -1.9127459147e+02    8.0000000000e+00    3.0602514744e-03    5.4125000000e-01
        27   -7.6703496593e+01    5.8845140861e+03   -1.6043372057e+02    8.3730223972e+01    3.7207289923e+01    9.1895337630e+00   -2.0683054425e+02    8.0000000000e+00    3.0525922775e-03    5.5291666667e-01
        28   -7.5672262913e+01    5.7270538851e+03   -1.4446630673e+02    6.8794043819e+01    3.5983797001e+01    9.1895337630e+00   -1.8963963750e+02    8.0000000000e+00    2.9871761799e-03    5.3375000000e-01
        29   -7.6183005839e+01    5.8063045557e+03   -1.7787586856e+02    1.0169286272e+02    4.0239089630e+01    9.1895337630e+00   -2.2730449195e+02    8.0000000000e+00    3.0747056007e-03    5.6291666667e-01
        30   -7.5416454750e+01    5.7038822596e+03   -2.0296855400e+02    1.2755209925e+02    3.8550288335e+01    9.1895337630e+00   -2.5070837610e+02    8.0000000000e+00    3.1059384346e-03    5.4125000000e-01
        31   -7.5796966717e+01    5.7467045431e+03   -1.5154960636e+02    7.5752639640e+01    3.5109880727e+01    9.1895337630e+00   -1.9584902085e+02    8.0000000000e+00    3.1004250050e-03    5.4750000000e-01
        32   -7.6460126075e+01    5.8467367365e+03   -1.5381090042e+02    7.7350774345e+01    3.7515466102e+01    9.1895337630e+00   -2.0051590029e+02    8.0000000000e+00    3.1031966209e-03    5.5750000000e-01
        33   -7.6630119483e+01    5.8742335253e+03   -1.5436225737e+02    7.7732137891e+01    4.2435580643e+01    9.1895337630e+00   -2.0598737178e+02    8.0000000000e+00    3.0137300491e-03    5.5416666667e-01
        34   -7.7209580438e+01    5.9625798807e+03   -1.6755736582e+02    9.0347785383e+01    3.9197591866e+01    9.1895337630e+00   -2.1594449145e+02    8.0000000000e+00    3.0062198639e-03    5.5916666667e-01
        35   -7.6580217942e+01    5.8652280092e+03   -1.9545104712e+02    1.1887082918e+02    3.6086859430e+01    9.1895337630e+00   -2.4072744031e+02    8.0000000000e+00    2.9667913914e-03    5.4166666667e-01
        36   -7.6639026517e+01    5.8749155402e+03   -1.7159288060e+02    9.4953854079e+01    3.6082479863e+01    9.1895337630e+00   -2.1686489422e+02    8.0000000000e+00    2.9844343662e-03    5.4375000000e-01
        37   -7.7337703709e+01    5.9928834015e+03   -1.6062767994e+02    8.3289976235e+01    3.8729140810e+01    9.1895337630e+00   -2.0854635452e+02    8.0000000000e+00    3.0563771725e-03    5.3666666667e-01
        38   -7.6354662305e+01    5.8305801790e+03   -1.4822460358e+02    7.1869941275e+01    3.8510050163e+01    9.1895337630e+00   -1.9592418751e+02    8.0000000000e+00    3.1355321407e-03    5.4416666667e-01
        39   -7.5619125574e+01    5.7211790157e+03   -1.3319032576e+02    5.7571200188e+01    3.8895095618e+01    9.1895337630e+00   -1.8127495514e+02    8.0000000000e+00    2.9292404652e-03    5.4958333333e-01
        40   -7.7227966604e+01    5.9643270649e+03   -1.3627717683e+02    5.9049210229e+01    3.9654830276e+01    9.1895337630e+00   -1.8512154087e+02    8.0000000000e+00    2.9939115047e-03    5.4666666667e-01
        41   -7.6203374397e+01    5.8082857064e+03   -1.3773554521e+02    6.1532170816e+01    3.9276601477e+01    9.1895337630e+00   -1.8620168045e+02    8.0000000000e+00    2.9290318489e-03    5.3541666667e-01
        42   -7.6516744661e+01    5.8556077033e+03   -1.3750840302e+02    6.0991658359e+01    3.9552572969e+01    9.1895337630e+00   -1.8625050975e+02    8.0000000000e+00    2.9788315296e-03    5.3125000000e-01
        43   -7.6274660177e+01    5.8216936160e+03   -2.0689227285e+02    1.3061761268e+02    4.0723056940e+01    9.1895337630e+00   -2.5680486356e+02    8.0000000000e+00    2.9820203781e-03    5.3500000000e-01
        44   -7.6531456086e+01    5.8576050868e+03   -2.0201395826e+02    1.2548250217e+02    3.5823960140e+01    9.1895337630e+00   -2.4702745216e+02    8.0000000000e+00    2.9667317867e-03    5.3625000000e-01
        45   -7.6568110758e+01    5.8652059301e+03   -1.4006092708e+02    6.3492816322e+01    3.6497375007e+01    9.1895337630e+00   -1.8574783585e+02    8.0000000000e+00    2.9560625553e-03    5.3333333333e-01
        46   -7.5221927587e+01    5.6799088800e+03   -1.7732110449e+02    1.0209917690e+02    4.1437781608e+01    9.1895337630e+00   -2.2794841986e+02    8.0000000000e+00    3.0046105385e-03    5.3791666667e-01
        47   -7.6992633195e+01    5.9369294992e+03   -1.4044884946e+02    6.3456216268e+01    3.6846523815e+01    9.1895337630e+00   -1.8648490704e+02    8.0000000000e+00    2.9716789722e-03    5.2250000000e-01
        48   -7.5769322662e+01    5.7417079181e+03   -1.6114737608e+02    8.5378053422e+01    3.4573036381e+01    9.1895337630e+00   -2.0490994623e+02    8.0000000000e+00    2.9020011425e-03    5.4166666667e-01
        49   -7.6490953888e+01    5.8528387324e+03   -1.7804256590e+02    1.0155161201e+02    3.7350675230e+01    9.1895337630e+00   -2.2458277489e+02    8.0000000000e+00    2.8865337372e-03    5.3500000000e-01
        50   -7.6158193671e+01    5.8006652354e+03   -1.7346138545e+02    9.7303191782e+01    3.5572932720e+01    9.1895337630e+00   -2.1822385194e+02    8.0000000000e+00    2.8825700283e-03    5.4000000000e-01
        51   -7.6004381837e+01    5.7771850713e+03   -1.3847713565e+02    6.2472753812e+01    3.7135178151e+01    9.1895337630e+00   -1.8480184756e+02    8.0000000000e+00    3.0103325844e-03    5.4791666667e-01
        52   -7.6545111610e+01    5.8605860692e+03   -1.3794889981e+02    6.1403788200e+01    3.6328327956e+01    9.1895337630e+00   -1.8346676153e+02    8.0000000000e+00    2.9108822346e-03    5.4666666667e-01
        53   -7.6468824743e+01    5.8482268470e+03   -1.2843646375e+02    5.1967639008e+01    3.6707260496e+01    9.1895337630e+00   -1.7433325801e+02    8.0000000000e+00    2.9581189156e-03    5.4500000000e-01
        54   -7.5870216704e+01    5.7572049612e+03   -1.3164651218e+02    5.5776295474e+01    3.3481928564e+01    9.1895337630e+00   -1.7431797450e+02    8.0000000000e+00    3.0364096165e-03    5.6625000000e-01
        55   -7.4466375992e+01    5.5671120947e+03   -1.6114746586e+02    8.6681089869e+01    3.6324409579e+01    9.1895337630e+00   -2.0666140920e+02    8.0000000000e+00    2.9489696026e-03    5.3083333333e-01
        56   -7.6477048584e+01    5.8498297765e+03   -1.7327491354e+02    9.6797864961e+01    3.7576732032e+01    9.1895337630e+00   -2.2004117934e+02    8.0000000000e+00    3.0771195889e-03    5.5500000000e-01
        57   -7.6280937876e+01    5.8203570622e+03   -1.5223167987e+02    7.5950741990e+01    3.5238914832e+01    9.1895337630e+00   -1.9666012846e+02    8.0000000000e+00    2.9942095280e-03    5.5416666667e-01
        58   -7.6807044479e+01    5.9005807421e+03   -1.7730306877e+02    1.0049602429e+02    3.7518702138e+01    9.1895337630e+00   -2.2401130467e+02    8.0000000000e+00    3.0369162560e-03    5.6083333333e-01
        59   -7.6470711745e+01    5.8485666436e+03   -2.0081215554e+02    1.2434144379e+02    3.9946375840e+01    9.1895337630e+00   -2.4994806514e+02    8.0000000000e+00    2.9826462269e-03    5.5208333333e-01
        60   -7.6725946897e+01    5.8871694104e+03   -1.8952667548e+02    1.1280072858e+02    3.7353597316e+01    9.1895337630e+00   -2.3606980655e+02    8.0000000000e+00    3.0028223991e-03    5.2291666667e-01
        61   -7.6847666008e+01    5.9103836448e+03   -1.6641725805e+02    8.9569592043e+01    4.1335124306e+01    9.1895337630e+00   -2.1694191612e+02    8.0000000000e+00    2.9748380184e-03    5.4208333333e-01
        62   -7.7191919320e+01    5.9596292568e+03   -1.3980973794e+02    6.2617818622e+01    3.4253309352e+01    9.1895337630e+00   -1.8325258106e+02    8.0000000000e+00    2.8952956200e-03    5.3458333333e-01
        63   -7.6434944669e+01    5.8445814281e+03   -1.2744618170e+02    5.1011237035e+01    3.8791301040e+01    9.1895337630e+00   -1.7542701651e+02    8.0000000000e+00    3.0047595501e-03    5.3208333333e-01
        64   -7.6317678953e+01    5.8256040586e+03   -1.2015282264e+02    4.3835143688e+01    3.7701794628e+01    9.1895337630e+00   -1.6704415103e+02    8.0000000000e+00    3.0812621117e-03    5.5250000000e-01
        65   -7.6910826026e+01    5.9195469431e+03   -1.4106648969e+02    6.4155663668e+01    4.4464767418e+01    9.1895337630e+00   -1.9472079087e+02    8.0000000000e+00    2.9480755329e-03    5.3541666667e-01
        66   -7.6252026956e+01    5.8157037323e+03   -1.5497625625e+02    7.8724229290e+01    4.0294083862e+01    9.1895337630e+00   -2.0445987387e+02    8.0000000000e+00    3.0402541161e-03    5.3791666667e-01
        67   -7.6238070129e+01    5.8127239287e+03   -1.5092885639e+02    7.4690786258e+01    3.3200157429e+01    9.1895337630e+00   -1.9331854758e+02    8.0000000000e+00    3.0744969845e-03    5.5041666667e-01
        68   -7.6730231412e+01    5.8893695237e+03   -1.2420031504e+02    4.7470083629e+01    3.5912275311e+01    9.1895337630e+00   -1.6930212411e+02    8.0000000000e+00    2.9322803020e-03    5.4291666667e-01
        69   -7.6797852162e+01    5.8981670580e+03   -1.6008017929e+02    8.3282327130e+01    3.6148214337e+01    9.1895337630e+00   -2.0541792739e+02    8.0000000000e+00    3.0466020107e-03    5.5625000000e-01
        70   -7.6449469400e+01    5.8456385212e+03   -1.1681748038e+02    4.0368010980e+01    3.6508844113e+01    9.1895337630e+00   -1.6251585826e+02    8.0000000000e+00    2.7698278427e-03    5.2625000000e-01
        71   -7.5735179305e+01    5.7361525954e+03   -1.3328853411e+02    5.7553354800e+01    3.9282230008e+01    9.1895337630e+00   -1.8176029788e+02    8.0000000000e+00    2.8444826603e-03    5.3833333333e-01
        72   -7.6651358386e+01    5.8757337368e+03   -1.3007500192e+02    5.3423643539e+01    3.7470623997e+01    9.1895337630e+00   -1.7673515968e+02    8.0000000000e+00    2.9087960720e-03    5.4875000000e-01
        73   -7.6531667947e+01    5.8593857838e+03   -1.1261866665e+02    3.6086998702e+01    3.6449241521e+01    9.1895337630e+00   -1.5825744193e+02    8.0000000000e+00    2.9393434525e-03    5.4958333333e-01
        74   -7.6734617629e+01    5.8896986984e+03   -1.6393239119e+02    8.7197773560e+01    3.7573011358e+01    9.1895337630e+00   -2.1069493631e+02    8.0000000000e+00    2.8943121433e-03    5.4916666667e-01
        75   -7.7039079098e+01    5.9360016858e+03   -1.4595533067e+02    6.8916251573e+01    3.7915906884e+01    9.1895337630e+00   -1.9306077132e+02    8.0000000000e+00    2.9403865337e-03    5.3708333333e-01
        76   -7.7094679696e+01    5.9453858371e+03   -2.0756382409e+02    1.3046914440e+02    3.7558011467e+01    9.1895337630e+00   -2.5431136932e+02    8.0000000000e+00    2.8867125511e-03    5.4500000000e-01
        77   -7.5437999207e+01    5.6918961226e+03   -1.6529459052e+02    8.9856591315e+01    3.5525641808e+01    9.1895337630e+00   -2.1000976609e+02    8.0000000000e+00    2.7810335159e-03    5.2875000000e-01
        78   -7.6340501709e+01    5.8291531969e+03   -1.6192806956e+02    8.5587567850e+01    3.6893209152e+01    9.1895337630e+00   -2.0801081247e+02    8.0000000000e+00    2.9905736446e-03    5.5416666667e-01
        79   -7.6289572209e+01    5.8219139307e+03   -1.6178866888e+02    8.5499096669e+01    3.7445991511e+01    9.1895337630e+00   -2.0842419415e+02    8.0000000000e+00    3.0025541782e-03    5.3958333333e-01
        80   -7.6834521003e+01    5.9038551801e+03   -1.4998916299e+02    7.3154641987e+01    3.5130373720e+01    9.1895337630e+00   -1.9430907047e+02    8.0000000000e+00    2.9293596745e-03    5.4375000000e-01
        81   -7.6526556563e+01    5.8567791338e+03   -1.3501327394e+02    5.8486717372e+01    3.6546068935e+01    9.1895337630e+00   -1.8074887663e+02    8.0000000000e+00    3.0093789101e-03    5.3625000000e-01
        82   -7.5830220793e+01    5.7508130330e+03   -1.1073808670e+02    3.4907865912e+01    3.4168631096e+01    9.1895337630e+00   -1.5409625156e+02    8.0000000000e+00    3.0915439129e-03    5.5083333333e-01
        83   -7.6933329150e+01    5.9197864596e+03   -1.1679390058e+02    3.9860571433e+01    3.6205065906e+01    9.1895337630e+00   -1.6218850025e+02    8.0000000000e+00    3.0923783779e-03    5.7416666667e-01
        84   -7.6476255932e+01    5.8491605133e+03   -1.3127644873e+02    5.4800192794e+01    3.4723989026e+01    9.1895337630e+00   -1.7518997151e+02    8.0000000000e+00    2.9618442059e-03    5.4500000000e-01
        85   -7.6835350770e+01    5.9051791527e+03   -1.5463279469e+02    7.7797443921e+01    3.2992403816e+01    9.1895337630e+00   -1.9681473227e+02    8.0000000000e+00    3.0412375927e-03    5.6000000000e-01
        86   -7.6851357545e+01    5.9068421690e+03   -1.7553212658e+02    9.8680769036e+01    3.4394297149e+01    9.1895337630e+00   -2.1911595749e+02    8.0000000000e+00    2.9611885548e-03    5.4875000000e-01
        87   -7.6630275657e+01    5.8728959995e+03   -1.9865228468e+02    1.2202200903e+02    3.5312206350e+01    9.1895337630e+00   -2.4315402479e+02    8.0000000000e+00    2.8681457043e-03    5.1833333333e-01
        88   -7.6689350415e+01    5.8818709965e+03   -1.8197306836e+02    1.0528371794e+02    4.2260401386e+01    9.1895337630e+00   -2.3342300351e+02    8.0000000000e+00    3.0034482479e-03    5.3750000000e-01
        89   -7.7103558303e+01    5.9460248957e+03   -1.9238783856e+02    1.1528428026e+02    4.6299803414e+01    9.1895337630e+00   -2.4787717574e+02    8.0000000000e+00    3.0053555965e-03    5.5166666667e-01
        90   -7.6306042854e+01    5.8236072244e+03   -1.4619330415e+02    6.9887261297e+01    3.5980670585e+01    9.1895337630e+00   -1.9136350850e+02    8.0000000000e+00    2.9294788837e-03    5.3791666667e-01
        91   -7.7005257803e+01    5.9307548893e+03   -1.5862608511e+02    8.1620827307e+01    3.8341030950e+01    9.1895337630e+00   -2.0615664982e+02    8.0000000000e+00    3.0180811882e-03    5.5083333333e-01
        92   -7.5883846471e+01    5.7591205759e+03   -1.8062887381e+02    1.0474502734e+02    3.3153827381e+01    9.1895337630e+00   -2.2297223495e+02    8.0000000000e+00    2.9880702496e-03    5.3541666667e-01
        93   -7.7012493099e+01    5.9333192273e+03   -1.2645018056e+02    4.9437687459e+01    3.5046931705e+01    9.1895337630e+00   -1.7068664603e+02    8.0000000000e+00    3.0482709408e-03    5.5875000000e-01
        94   -7.6611549723e+01    5.8708709841e+03   -1.4644824598e+02    6.9836696260e+01    4.1451832046e+01    9.1895337630e+00   -1.9708961179e+02    8.0000000000e+00    2.9719471931e-03    5.3916666667e-01
        95   -7.5454110096e+01    5.7012683049e+03   -1.6968805170e+02    9.4233941604e+01    3.8597037805e+01    9.1895337630e+00   -2.1747462327e+02    8.0000000000e+00    2.9470026493e-03    5.3208333333e-01
        96   -7.6539335526e+01    5.8593988611e+03   -1.8270518989e+02    1.0616585436e+02    3.8251118262e+01    9.1895337630e+00   -2.3014584191e+02    8.0000000000e+00    3.0293166637e-03    5.4166666667e-01
        97   -7.6415540166e+01    5.8414705049e+03   -1.7128030842e+02    9.4864768256e+01    3.6760858175e+01    9.1895337630e+00   -2.1723070036e+02    8.0000000000e+00    3.0458569527e-03    5.4041666667e-01
        98   -7.5964354795e+01    5.7709682932e+03   -1.3911321382e+02    6.3148859021e+01    4.2573877297e+01    9.1895337630e+00   -1.9087662488e+02    8.0000000000e+00    3.0497014523e-03    5.4333333333e-01
        99   -7.6072235278e+01    5.7883615366e+03   -1.2944206398e+02    5.3369828697e+01    3.8154932926e+01    9.1895337630e+00   -1.7678653066e+02    8.0000000000e+00    3.0532777309e-03    5.5166666667e-01
       100   -7.5854340209e+01    5.7541787507e+03   -1.2886086410e+02    5.3006523888e+01    3.5968803832e+01    9.1895337630e+00   -1.7401920169e+02    8.0000000000e+00    2.9919743538e-03    5.4625000000e-01
       101   -7.6955293369e+01    5.9228116926e+03   -1.3251269188e+02    5.5557398508e+01    3.7149419798e+01    9.1895337630e+00   -1.7885164544e+02    8.0000000000e+00    3.0256211758e-03    5.4333333333e-01
       102   -7.6185165874e+01    5.8079050304e+03   -1.3161219316e+02    5.5427027285e+01    5.0700358257e+01    9.1895337630e+00   -1.9150208518e+02    8.0000000000e+00    2.9879510403e-03    5.3333333333e-01
       103   -7.6360462785e+01    5.8312921286e+03   -1.3408046143e+02    5.7719998648e+01    3.5117156514e+01    9.1895337630e+00   -1.7838715171e+02    8.0000000000e+00    2.9633939266e-03    5.3625000000e-01
       104   -7.6636622742e+01    5.8737878687e+03   -1.3568106938e+02    5.9044446640e+01    3.4956128045e+01    9.1895337630e+00   -1.7982673119e+02    8.0000000000e+00    2.8584897518e-03    5.3250000000e-01
       105   -7.6080844023e+01    5.7906031881e+03   -1.5307728184e+02    7.6996437818e+01    3.6677702362e+01    9.1895337630e+00   -1.9894451797e+02    8.0000000000e+00    2.8253793716e-03    5.3250000000e-01
       106   -7.6226753102e+01    5.8119049579e+03   -1.1110386103e+02    3.4877107923e+01    3.9038533563e+01    9.1895337630e+00   -1.5933192835e+02    8.0000000000e+00    3.0252337456e-03    5.4208333333e-01
       107   -7.7269478316e+01    5.9725606300e+03   -1.1110462018e+02    3.3835141865e+01    4.1232421155e+01    9.1895337630e+00   -1.6152657510e+02    8.0000000000e+00    2.8785467148e-03    5.3125000000e-01
       108   -7.7538268589e+01    6.0130849348e+03   -1.0755393067e+02    3.0015662077e+01    3.3355115932e+01    9.1895337630e+00   -1.5009858036e+02    8.0000000000e+00    2.9895305634e-03    5.5500000000e-01
       109   -7.5735026068e+01    5.7366217672e+03   -1.1793175167e+02    4.2196725600e+01    3.4514895394e+01    9.1895337630e+00   -1.6163618083e+02    8.0000000000e+00    2.9456615448e-03    5.4958333333e-01
       110   -7.6941478183e+01    5.9217816280e+03   -1.3925941555e+02    6.2317937366e+01    3.3727156692e+01    9.1895337630e+00   -1.8217610600e+02    8.0000000000e+00    2.8081238270e-03    5.4000000000e-01
       111   -7.6601062639e+01    5.8685662469e+03   -1.3576224567e+02    5.9161183028e+01    3.5917129929e+01    9.1895337630e+00   -1.8086890936e+02    8.0000000000e+00    2.9065608978e-03    5.5291666667e-01
       112   -7.7046607755e+01    5.9369954841e+03   -1.2112588598e+02    4.4079278226e+01    3.4146578969e+01    9.1895337630e+00   -1.6446199871e+02    8.0000000000e+00    3.0058920383e-03    5.6125000000e-01
       113   -7.6110277306e+01    5.7934261967e+03   -1.2140038784e+02    4.5290110531e+01    3.7473684362e+01    9.1895337630e+00   -1.6806360596e+02    8.0000000000e+00    2.9374957085e-03    5.6333333333e-01
       114   -7.6254970271e+01    5.8153651743e+03   -1.6032065104e+02    8.4065680773e+01    3.6083116214e+01    9.1895337630e+00   -2.0559330102e+02    8.0000000000e+00    2.9935240746e-03    5.3666666667e-01
       115   -7.5377517644e+01    5.6847155763e+03   -1.8652543426e+02    1.1114791662e+02    4.1389290905e+01    9.1895337630e+00   -2.3710425893e+02    8.0000000000e+00    2.9053092003e-03    5.1375000000e-01
       116   -7.6183053713e+01    5.8044638813e+03   -1.7147436967e+02    9.5291315959e+01    3.7225125243e+01    9.1895337630e+00   -2.1788902868e+02    8.0000000000e+00    3.0746757984e-03    5.4625000000e-01
       117   -7.6024324593e+01    5.7827765911e+03   -1.4655711152e+02    7.0532786926e+01    3.5485462776e+01    9.1895337630e+00   -1.9123210806e+02    8.0000000000e+00    2.8029084206e-03    5.2208333333e-01
       118   -7.6220296359e+01    5.8108442788e+03   -2.5678135867e+02    1.8056106231e+02    3.6295475059e+01    9.1895337630e+00   -3.0226636749e+02    8.0000000000e+00    3.0640959740e-03    5.5416666667e-01
       119   -7.5894835878e+01    5.7620891885e+03   -2.3998050213e+02    1.6408566625e+02    3.6268699148e+01    9.1895337630e+00   -2.8543873504e+02    8.0000000000e+00    2.8758049011e-03    5.4000000000e-01
       120   -7.6306635560e+01    5.8231087447e+03   -2.8132785791e+02    2.0502122235e+02    3.7420325700e+01    9.1895337630e+00   -3.2793771737e+02    8.0000000000e+00    2.9663741589e-03    5.5625000000e-01
       121   -7.6762352904e+01    5.8932835749e+03   -1.1670766678e+02    3.9945313876e+01    3.2287483815e+01    9.1895337630e+00   -1.5818468436e+02    8.0000000000e+00    2.8783380985e-03    5.3875000000e-01
       122   -7.6077120717e+01    5.7886817833e+03   -1.4088177081e+02    6.4804650096e+01    3.4767245288e+01    9.1895337630e+00   -1.8483854986e+02    8.0000000000e+00    2.9308795929e-03    5.6083333333e-01
       123   -7.5861059998e+01    5.7556003578e+03   -1.5678380557e+02    8.0922745574e+01    4.1070296775e+01    9.1895337630e+00   -2.0704363611e+02    8.0000000000e+00    3.1054913998e-03    5.5958333333e-01
       124   -7.6144620111e+01    5.7984047068e+03   -1.3750220354e+02    6.1357583428e+01    3.3837847996e+01    9.1895337630e+00   -1.8052958530e+02    8.0000000000e+00    2.9164552689e-03    5.4625000000e-01
       125   -7.6129095085e+01    5.7963123540e+03   -1.3529356751e+02    5.9164472428e+01    3.7626011690e+01    9.1895337630e+00   -1.8210911297e+02    8.0000000000e+00    2.9385089874e-03    5.4541666667e-01
       126   -7.6547509731e+01    5.8605644506e+03   -1.4263050615e+02    6.6082996416e+01    3.5103959953e+01    9.1895337630e+00   -1.8692399986e+02    8.0000000000e+00    3.0425190926e-03    5.5458333333e-01
       127   -7.7074056073e+01    5.9414688504e+03   -1.3418455837e+02    5.7110502297e+01    3.3617659214e+01    9.1895337630e+00   -1.7699175135e+02    8.0000000000e+00    2.9892921448e-03    5.5250000000e-01
       128   -7.5705831931e+01    5.7323614166e+03   -1.0693356322e+02    3.1227731290e+01    3.5655251245e+01    9.1895337630e+00   -1.5177834823e+02    8.0000000000e+00    2.9770433903e-03    5.5208333333e-01
       129   -7.6263361660e+01    5.8165339409e+03   -1.2924615590e+02    5.2982794236e+01    3.2956672399e+01    9.1895337630e+00   -1.7139236206e+02    8.0000000000e+00    2.9157698154e-03    5.3750000000e-01
       130   -7.6329955259e+01    5.8276682304e+03   -1.4086593421e+02    6.4535978951e+01    3.4240823474e+01    9.1895337630e+00   -1.8429629145e+02    8.0000000000e+00    3.0100047588e-03    5.5125000000e-01
       131   -7.6187431041e+01    5.8050864632e+03   -1.3009523110e+02    5.3907800061e+01    3.4083806762e+01    9.1895337630e+00   -1.7336857163e+02    8.0000000000e+00    2.9377639294e-03    5.3416666667e-01
       132   -7.6085510905e+01    5.7920338382e+03   -1.5921327086e+02    8.3127759955e+01    3.8434551691e+01    9.1895337630e+00   -2.0683735631e+02    8.0000000000e+00    2.9552280903e-03    5.5416666667e-01
       133   -7.6685124305e+01    5.8811919691e+03   -1.7340551837e+02    9.6720394063e+01    3.2219784868e+01    9.1895337630e+00   -2.1481483700e+02    8.0000000000e+00    2.9017031193e-03    5.3791666667e-01
       134   -7.6643747050e+01    5.8751751256e+03   -1.7150359116e+02    9.4859844108e+01    3.5252095473e+01    9.1895337630e+00   -2.1594522039e+02    8.0000000000e+00    2.9273629189e-03    5.3583333333e-01
       135   -7.6823169039e+01    5.9037830276e+03   -2.0539076754e+02    1.2856759850e+02    3.9665594944e+01    9.1895337630e+00   -2.5424589625e+02    8.0000000000e+00    2.9576718807e-03    5.5500000000e-01
       136   -7.5460974878e+01    5.6968332905e+03   -1.5598721071e+02    8.0526235836e+01    4.0006877740e+01    9.1895337630e+00   -2.0518362222e+02    8.0000000000e+00    3.0546486378e-03    5.4500000000e-01
       137   -7.6997245859e+01    5.9357418918e+03   -2.1378753075e+02    1.3679028490e+02    4.2419758617e+01    9.1895337630e+00   -2.6539682313e+02    8.0000000000e+00    3.0037760735e-03    5.4875000000e-01
       138   -7.6339571372e+01    5.8282458331e+03   -1.4676622917e+02    7.0426657799e+01    3.8891114446e+01    9.1895337630e+00   -1.9484687738e+02    8.0000000000e+00    2.9478371143e-03    5.3208333333e-01
       139   -7.6748230187e+01    5.8910782622e+03   -1.5726887652e+02    8.0520646338e+01    3.9703777804e+01    9.1895337630e+00   -2.0616218809e+02    8.0000000000e+00    2.9948949814e-03    5.4000000000e-01
       140   -7.6256637577e+01    5.8153807243e+03   -1.7806936830e+02    1.0181273072e+02    3.7600761546e+01    9.1895337630e+00   -2.2485966361e+02    8.0000000000e+00    3.0478537083e-03    5.3916666667e-01
       141   -7.4480263081e+01    5.5582417951e+03   -1.5416984157e+02    7.9689578487e+01    3.7120776033e+01    9.1895337630e+00   -2.0048015136e+02    8.0000000000e+00    3.0817687511e-03    5.3875000000e-01
       142   -7.6081092172e+01    5.7890382523e+03   -1.7882432158e+02    1.0274322941e+02    4.1037939141e+01    9.1895337630e+00   -2.2905179449e+02    8.0000000000e+00    3.0527710915e-03    5.4791666667e-01
       143   -7.6779649760e+01    5.8971219672e+03   -1.6050968239e+02    8.3730032635e+01    3.4621217833e+01    9.1895337630e+00   -2.0432043399e+02    8.0000000000e+00    2.8587579727e-03    5.4291666667e-01
       144   -7.5768432150e+01    5.7414301671e+03   -1.7844572509e+02    1.0267729294e+02    3.8258179507e+01    9.1895337630e+00   -2.2589343836e+02    8.0000000000e+00    2.9126703739e-03    5.4541666667e-01
       145   -7.5887992095e+01    5.7601600833e+03   -1.6509451273e+02    8.9206520640e+01    3.9932305738e+01    9.1895337630e+00   -2.1421635224e+02    8.0000000000e+00    2.8339624405e-03    5.1458333333e-01
       146   -7.6635338839e+01    5.8743249804e+03   -1.3896638149e+02    6.2331042655e+01    3.3319523716e+01    9.1895337630e+00   -1.8147543897e+02    8.0000000000e+00    2.9771029949e-03    5.6083333333e-01
       147   -7.6646829298e+01    5.8761360790e+03   -1.4307583306e+02    6.6429003764e+01    3.9326087078e+01    9.1895337630e+00   -1.9159145390e+02    8.0000000000e+00    3.0017793179e-03    5.4416666667e-01
       148   -7.5920327944e+01    5.7650172103e+03   -1.6047719822e+02    8.4556870272e+01    3.9620568528e+01    9.1895337630e+00   -2.0928730051e+02    8.0000000000e+00    2.9602944851e-03    5.3750000000e-01
       149   -7.7106657595e+01    5.9462342526e+03   -1.2594176697e+02    4.8835109375e+01    3.3056609420e+01    9.1895337630e+00   -1.6818791015e+02    8.0000000000e+00    3.0500590801e-03    5.6291666667e-01
       150   -7.5826008382e+01    5.7502313392e+03   -1.2685347762e+02    5.1027469239e+01    3.5193030093e+01    9.1895337630e+00   -1.7123604148e+02    8.0000000000e+00    2.9290914536e-03    5.5916666667e-01
       151   -7.7314574608e+01    5.9798490321e+03   -1.1845626349e+02    4.1141688885e+01    3.9410186101e+01    9.1895337630e+00   -1.6705598336e+02    8.0000000000e+00    2.8977990150e-03    5.4458333333e-01
       152   -7.6343637739e+01    5.8287533663e+03   -1.2934459685e+02    5.3000959111e+01    3.7241947430e+01    9.1895337630e+00   -1.7577607804e+02    8.0000000000e+00    2.9427111149e-03    5.3625000000e-01
       153   -7.5704264878e+01    5.7320112660e+03   -1.8065577603e+02    1.0495151115e+02    4.3525605911e+01    9.1895337630e+00   -2.3337091570e+02    8.0000000000e+00    3.0639767647e-03    5.4958333333e-01
       154   -7.6678719853e+01    5.8852306133e+03   -1.7839055567e+02    1.0171183581e+02    4.0910455497e+01    9.1895337630e+00   -2.2849054493e+02    8.0000000000e+00    3.0640661716e-03    5.4916666667e-01
       155   -7.7081308903e+01    5.9422391921e+03   -1.4741042104e+02    7.0329112141e+01    3.7854627000e+01    9.1895337630e+00   -1.9445458181e+02    8.0000000000e+00    3.0053257942e-03    5.4708333333e-01
       156   -7.6296444529e+01    5.8226876516e+03   -1.4611352890e+02    6.9817084370e+01    3.9734421835e+01    9.1895337630e+00   -1.9503748450e+02    8.0000000000e+00    3.0762553215e-03    5.5541666667e-01
       157   -7.5687741315e+01    5.7290747354e+03   -1.5428677577e+02    7.8599034456e+01    3.6848901157e+01    9.1895337630e+00   -2.0032521069e+02    8.0000000000e+00    3.0595362186e-03    5.4958333333e-01
       158   -7.5741551119e+01    5.7390313848e+03   -1.4853493212e+02    7.2793381004e+01    3.7115084417e+01    9.1895337630e+00   -1.9483955030e+02    8.0000000000e+00    2.9571652412e-03    5.3541666667e-01
       159   -7.6630685987e+01    5.8740589671e+03   -1.3317322561e+02    5.6542539619e+01    3.5849445807e+01    9.1895337630e+00   -1.7821220518e+02    8.0000000000e+00    2.9430985451e-03    5.3000000000e-01
       160   -7.5744667169e+01    5.7406100132e+03   -1.2107575174e+02    4.5331084568e+01    3.4983778385e+01    9.1895337630e+00   -1.6524906388e+02    8.0000000000e+00    2.9716789722e-03    5.4666666667e-01
       161   -7.7301662995e+01    5.9779306487e+03   -1.4169160994e+02    6.4389946944e+01    3.7980531152e+01    9.1895337630e+00   -1.8886167485e+02    8.0000000000e+00    3.0459761620e-03    5.4916666667e-01
       162   -7.7111649412e+01    5.9483768695e+03   -1.3194118967e+02    5.4829540263e+01    3.9433596152e+01    9.1895337630e+00   -1.8056431959e+02    8.0000000000e+00    3.1303763390e-03    5.5166666667e-01
       163   -7.5897226145e+01    5.7608407423e+03   -1.6827848565e+02    9.2381259502e+01    3.8095512877e+01    9.1895337630e+00   -2.1556353229e+02    8.0000000000e+00    3.0120015144e-03    5.5333333333e-01
       164   -7.5732569818e+01    5.7369314854e+03   -1.5250194830e+02    7.6769378481e+01    3.6615130771e+01    9.1895337630e+00   -1.9830661283e+02    8.0000000000e+00    3.0275881290e-03    5.4625000000e-01
       165   -7.6425756883e+01    5.8410704453e+03   -1.3805110140e+02    6.1625344519e+01    3.8262097819e+01    9.1895337630e+00   -1.8550273298e+02    8.0000000000e+00    3.0294060707e-03    5.5666666667e-01
       166   -7.6352136100e+01    5.8305201153e+03   -1.6381054484e+02    8.7458408742e+01    3.5404853167e+01    9.1895337630e+00   -2.0840493177e+02    8.0000000000e+00    3.0358135700e-03    5.3833333333e-01
       167   -7.5818636753e+01    5.7489186137e+03   -1.6523100122e+02    8.9412364469e+01    3.9643995713e+01    9.1895337630e+00   -2.1406453070e+02    8.0000000000e+00    2.9999613762e-03    5.4041666667e-01
       168   -7.6208907156e+01    5.8080919357e+03   -1.6049660924e+02    8.4287702082e+01    3.5763332013e+01    9.1895337630e+00   -2.0544947501e+02    8.0000000000e+00    3.0761063099e-03    5.3708333333e-01
       169   -7.6478579018e+01    5.8493618093e+03   -1.6036177493e+02    8.3883195909e+01    3.4510981033e+01    9.1895337630e+00   -2.0406228972e+02    8.0000000000e+00    3.1033158302e-03    5.3875000000e-01
       170   -7.5968712562e+01    5.7716458349e+03   -1.3847793164e+02    6.2509219075e+01    3.8679322026e+01    9.1895337630e+00   -1.8634678743e+02    8.0000000000e+00    3.0838847160e-03    5.5333333333e-01
       171   -7.6001385774e+01    5.7793686048e+03   -1.5435634682e+02    7.8354961046e+01    3.5563209056e+01    9.1895337630e+00   -1.9910908964e+02    8.0000000000e+00    2.9572546482e-03    5.4958333333e-01
       172   -7.6232714392e+01    5.8117829627e+03   -1.5125661145e+02    7.5023897057e+01    3.4081944085e+01    9.1895337630e+00   -1.9452808930e+02    8.0000000000e+00    2.9749572277e-03    5.6583333333e-01
       173   -7.5636741367e+01    5.7222415816e+03   -1.3432286614e+02    5.8686124770e+01    3.7567250703e+01    9.1895337630e+00   -1.8107965060e+02    8.0000000000e+00    3.0417442322e-03    5.5250000000e-01
       174   -7.6947065999e+01    5.9211166068e+03   -1.4135607096e+02    6.4409004962e+01    3.3944335629e+01    9.1895337630e+00   -1.8448994035e+02    8.0000000000e+00    2.9075145721e-03    5.4875000000e-01
       175   -7.6103496325e+01    5.7930979190e+03   -1.3839611689e+02    6.2292620560e+01    3.4692425748e+01    9.1895337630e+00   -1.8227807640e+02    8.0000000000e+00    2.9656887054e-03    5.5750000000e-01
       176   -7.6378835838e+01    5.8342427540e+03   -1.0942173175e+02    3.3042895914e+01    3.4820807328e+01    9.1895337630e+00   -1.5343207284e+02    8.0000000000e+00    2.9473304749e-03    5.4416666667e-01
       177   -7.6825957670e+01    5.9044262994e+03   -1.3500251292e+02    5.8176555246e+01    3.9400921588e+01    9.1895337630e+00   -1.8359296827e+02    8.0000000000e+00    2.9204189777e-03    5.4625000000e-01
       178   -7.6225292166e+01    5.8112743122e+03   -1.4375971325e+02    6.7534421084e+01    3.4097050920e+01    9.1895337630e+00   -1.8704629793e+02    8.0000000000e+00    2.9216706753e-03    5.4750000000e-01
       179   -7.6774132648e+01    5.8957668761e+03   -1.8285617505e+02    1.0608204241e+02    3.5998294969e+01    9.1895337630e+00   -2.2804400379e+02    8.0000000000e+00    2.9185712337e-03    5.4916666667e-01
       180   -7.6142963363e+01    5.7981992659e+03   -1.6189379704e+02    8.5750833677e+01    3.3133646268e+01    9.1895337630e+00   -2.0421697707e+02    8.0000000000e+00    2.9017031193e-03    5.6083333333e-01
       181   -7.6257223039e+01    5.8190920890e+03   -1.6756009860e+02    9.1302875561e+01    3.9559449992e+01    9.1895337630e+00   -2.1630908236e+02    8.0000000000e+00    2.9660165310e-03    5.4625000000e-01
       182   -7.6201171785e+01    5.8074182187e+03   -1.6936061849e+02    9.3159446702e+01    3.6184441443e+01    9.1895337630e+00   -2.1473459369e+02    8.0000000000e+00    3.0519068241e-03    5.4166666667e-01
       183   -7.5270972087e+01    5.6713523952e+03   -1.7750044174e+02    1.0222946966e+02    4.0169559217e+01    9.1895337630e+00   -2.2685953472e+02    8.0000000000e+00    3.0272305012e-03    5.3416666667e-01
       184   -7.6865875243e+01    5.9097243933e+03   -1.6520378320e+02    8.8337907958e+01    3.5382630700e+01    9.1895337630e+00   -2.0977594766e+02    8.0000000000e+00    2.9006600380e-03    5.5958333333e-01
       185   -7.5915163363e+01    5.7677227270e+03   -1.1113251687e+02    3.5217353503e+01    3.6742928953e+01    9.1895337630e+00   -1.5706497958e+02    8.0000000000e+00    3.0696094036e-03    5.5250000000e-01
       186   -7.6238501120e+01    5.8129925422e+03   -1.4365645202e+02    6.7417950902e+01    3.6890217783e+01    9.1895337630e+00   -1.8973620357e+02    8.0000000000e+00    3.0750632286e-03    5.4458333333e-01
       187   -7.6947433065e+01    5.9226398150e+03   -1.4130042622e+02    6.4352993158e+01    3.5071904567e+01    9.1895337630e+00   -1.8556186455e+02    8.0000000000e+00    3.0818581581e-03    5.4916666667e-01
       188   -7.7260194904e+01    5.9718507424e+03   -1.5056112346e+02    7.3300928557e+01    3.6314454994e+01    9.1895337630e+00   -1.9606511222e+02    8.0000000000e+00    2.9896795750e-03    5.5375000000e-01
       189   -7.7592459111e+01    6.0254981615e+03   -1.6330863011e+02    8.5716171001e+01    3.8233648453e+01    9.1895337630e+00   -2.1073181233e+02    8.0000000000e+00    3.1052231789e-03    5.4875000000e-01
       190   -7.6145305198e+01    5.8001167821e+03   -1.4224319009e+02    6.6097884888e+01    3.5555419911e+01    9.1895337630e+00   -1.8698814376e+02    8.0000000000e+00    3.1361579895e-03    5.7125000000e-01
       191   -7.6741823332e+01    5.8911585542e+03   -1.5235608843e+02    7.5614265102e+01    3.3162581449e+01    9.1895337630e+00   -1.9470820365e+02    8.0000000000e+00    2.9217600822e-03    5.5166666667e-01
       192   -7.6050742302e+01    5.7918006553e+03   -1.5817534328e+02    8.2124600981e+01    4.0584017148e+01    9.1895337630e+00   -2.0794889419e+02    8.0000000000e+00    3.0149817467e-03    5.3958333333e-01
       193   -7.6340917945e+01    5.8296500486e+03   -1.1503113900e+02    3.8690221058e+01    4.9847918283e+01    9.1895337630e+00   -1.7406859105e+02    8.0000000000e+00    2.9818415642e-03    5.3250000000e-01
       194   -7.5923740720e+01    5.7668931550e+03   -1.4325545247e+02    6.7331711749e+01    4.1517599192e+01    9.1895337630e+00   -1.9396258542e+02    8.0000000000e+00    3.1296610832e-03    5.4708333333e-01
       195   -7.6573076488e+01    5.8639116592e+03   -1.5542948531e+02    7.8856408821e+01    3.5582911368e+01    9.1895337630e+00   -2.0020193044e+02    8.0000000000e+00    3.1009316444e-03    5.5208333333e-01
       196   -7.6083714165e+01    5.7896739178e+03   -1.3119093661e+02    5.5107222440e+01    3.9463428504e+01    9.1895337630e+00   -1.7984389887e+02    8.0000000000e+00    3.1543672085e-03    5.5208333333e-01
       197   -7.6564625269e+01    5.8628857964e+03   -1.2850053085e+02    5.1935905577e+01    3.3986641505e+01    9.1895337630e+00   -1.7167670611e+02    8.0000000000e+00    2.9929876328e-03    5.3750000000e-01
       198   -7.6480956426e+01    5.8508832017e+03   -1.3088374523e+02    5.4402788808e+01    3.6749880972e+01    9.1895337630e+00   -1.7682315997e+02    8.0000000000e+00    2.9458999634e-03    5.3750000000e-01
       199   -7.6226089391e+01    5.8106355424e+03   -1.3617520589e+02    5.9949116496e+01    3.8032423305e+01    9.1895337630e+00   -1.8339716296e+02    8.0000000000e+00    3.0691921711e-03    5.5625000000e-01
