#   index    LocalEnergy         LocalEnergy_sq      LocalPotential      Kinetic             ElecElec            IonIon              IonElec             BlockWeight         BlockCPU            AcceptRatio         
         0   -7.6387543770e+01    5.8381835609e+03   -1.5377647420e+02    7.7388930427e+01    3.7191873253e+01    9.1895337630e+00   -2.0015788121e+02    8.1920000000e+03    4.9366798370e-02    3.0978271484e-01
         1   -7.6393112222e+01    5.8382785886e+03   -1.5331907384e+02    7.6925961622e+01    3.7165952258e+01    9.1895337630e+00   -1.9967455986e+02    8.1920000000e+03    4.9373828818e-02    3.0945556641e-01
         2   -7.6399544578e+01    5.8395984804e+03   -1.5323288447e+02    7.6833339891e+01    3.7189728035e+01    9.1895337630e+00   -1.9961214627e+02    8.1920000000e+03    4.9369702536e-02    3.0950195313e-01
         3   -7.6379831272e+01    5.8364210764e+03   -1.5323868130e+02    7.6858850031e+01    3.7197746433e+01    9.1895337630e+00   -1.9962596150e+02    8.1920000000e+03    4.9381008622e-02    3.1079345703e-01
         4   -7.6374879841e+01    5.8354241548e+03   -1.5314065694e+02    7.6765777100e+01    3.7120520174e+01    9.1895337630e+00   -1.9945071088e+02    8.1920000000e+03    4.9381286310e-02    3.0961181641e-01
         5   -7.6391626244e+01    5.8382193611e+03   -1.5286921647e+02    7.6477590228e+01    3.7119818700e+01    9.1895337630e+00   -1.9917856894e+02    8.1920000000e+03    4.9373781040e-02    3.0997558594e-01
         6   -7.6369323364e+01    5.8348998720e+03   -1.5294424443e+02    7.6574921070e+01    3.7141381889e+01    9.1895337630e+00   -1.9927516009e+02    8.1920000000e+03    4.9362976354e-02    3.0838378906e-01
         7   -7.6397215252e+01    5.8392301456e+03   -1.5267761506e+02    7.6280399813e+01    3.7053842595e+01    9.1895337630e+00   -1.9892099142e+02    8.1920000000e+03    4.9378820135e-02    3.0941650391e-01
         8   -7.6395139240e+01    5.8391227566e+03   -1.5272238892e+02    7.6327249678e+01    3.7140966900e+01    9.1895337630e+00   -1.9905288958e+02    8.1920000000e+03    4.9365084224e-02    3.0906005859e-01
         9   -7.6357113942e+01    5.8331192262e+03   -1.5286689570e+02    7.6509781759e+01    3.7229980674e+01    9.1895337630e+00   -1.9928641014e+02    8.1920000000e+03    4.9378256547e-02    3.1089111328e-01
        10   -7.6378458889e+01    5.8361294819e+03   -1.5328568115e+02    7.6907222265e+01    3.7278343161e+01    9.1895337630e+00   -1.9975355808e+02    8.1920000000e+03    4.9387007553e-02    3.0927734375e-01
        11   -7.6406249812e+01    5.8406770650e+03   -1.5325299949e+02    7.6846749678e+01    3.7298638983e+01    9.1895337630e+00   -1.9974117224e+02    8.1920000000e+03    4.9372728082e-02    3.0902587891e-01
        12   -7.6389087003e+01    5.8382437397e+03   -1.5325192139e+02    7.6862834390e+01    3.7278858915e+01    9.1895337630e+00   -1.9972031407e+02    8.1920000000e+03    4.9378654314e-02    3.0970703125e-01
        13   -7.6413877827e+01    5.8417521194e+03   -1.5310173162e+02    7.6687853794e+01    3.7182443525e+01    9.1895337630e+00   -1.9947370891e+02    8.1920000000e+03    4.9371640034e-02    3.0850341797e-01
        14   -7.6422487077e+01    5.8435545903e+03   -1.5307042480e+02    7.6647937721e+01    3.7219424493e+01    9.1895337630e+00   -1.9947938305e+02    8.1920000000e+03    4.9365022093e-02    3.0836669922e-01
        15   -7.6416593450e+01    5.8424469126e+03   -1.5295757327e+02    7.6540979822e+01    3.7272383759e+01    9.1895337630e+00   -1.9941949079e+02    8.1920000000e+03    4.9373628019e-02    3.0870361328e-01
        16   -7.6398887236e+01    5.8394839455e+03   -1.5308237555e+02    7.6683488310e+01    3.7242169536e+01    9.1895337630e+00   -1.9951407884e+02    8.1920000000e+03    4.9365089239e-02    3.0862060547e-01
        17   -7.6400812344e+01    5.8399010982e+03   -1.5318336970e+02    7.6782557352e+01    3.7261079809e+01    9.1895337630e+00   -1.9963398327e+02    8.1920000000e+03    4.9369806141e-02    3.0824707031e-01
        18   -7.6393308588e+01    5.8388105837e+03   -1.5329821106e+02    7.6904902472e+01    3.7349825616e+01    9.1895337630e+00   -1.9983757044e+02    8.1920000000e+03    4.9374226315e-02    3.0904052734e-01
        19   -7.6377824683e+01    5.8362695915e+03   -1.5329243967e+02    7.6914614985e+01    3.7293316745e+01    9.1895337630e+00   -1.9977529018e+02    8.1920000000e+03    4.9366742666e-02    3.0898925781e-01
        20   -7.6394056867e+01    5.8386522150e+03   -1.5362562109e+02    7.7231564226e+01    3.7281896041e+01    9.1895337630e+00   -2.0009705090e+02    8.1920000000e+03    4.9374043728e-02    3.0989501953e-01
        21   -7.6372705893e+01    5.8353289721e+03   -1.5356520896e+02    7.7192503064e+01    3.7260794460e+01    9.1895337630e+00   -2.0001553718e+02    8.1920000000e+03    4.9370903348e-02    3.0978515625e-01
        22   -7.6377703403e+01    5.8363474946e+03   -1.5393362286e+02    7.7555919453e+01    3.7276898025e+01    9.1895337630e+00   -2.0040005464e+02    8.1920000000e+03    4.9367470937e-02    3.0997802734e-01
        23   -7.6436068360e+01    5.8464522974e+03   -1.5385577930e+02    7.7419710940e+01    3.7294097803e+01    9.1895337630e+00   -2.0033941087e+02    8.1920000000e+03    4.9386469497e-02    3.0981445312e-01
        24   -7.6397786974e+01    5.8390428456e+03   -1.5398253790e+02    7.7584750929e+01    3.7238203323e+01    9.1895337630e+00   -2.0041027499e+02    8.1920000000e+03    4.9364540315e-02    3.0898437500e-01
        25   -7.6399784726e+01    5.8394559812e+03   -1.5403194988e+02    7.7632165156e+01    3.7220256517e+01    9.1895337630e+00   -2.0044174016e+02    8.1920000000e+03    4.9357296514e-02    3.0750976562e-01
        26   -7.6401661539e+01    5.8398333049e+03   -1.5413293884e+02    7.7731277301e+01    3.7324714794e+01    9.1895337630e+00   -2.0064718740e+02    8.1920000000e+03    4.9379374395e-02    3.0978027344e-01
        27   -7.6399330443e+01    5.8398496807e+03   -1.5413044024e+02    7.7731109797e+01    3.7164306986e+01    9.1895337630e+00   -2.0048428099e+02    8.1920000000e+03    4.9368454233e-02    3.0958984375e-01
        28   -7.6418292528e+01    5.8452557787e+03   -1.5427343663e+02    7.7855144099e+01    3.7229790673e+01    9.1895337630e+00   -2.0069276106e+02    8.1920000000e+03    4.9375475706e-02    3.1014404297e-01
        29   -7.6397279441e+01    5.8390168489e+03   -1.5411480315e+02    7.7717523708e+01    3.7206554845e+01    9.1895337630e+00   -2.0051089176e+02    8.1920000000e+03    4.9384206409e-02    3.0991699219e-01
        30   -7.6417028081e+01    5.8424707310e+03   -1.5399311248e+02    7.7576084403e+01    3.7203414090e+01    9.1895337630e+00   -2.0038606034e+02    8.1920000000e+03    4.9381826942e-02    3.1083251953e-01
        31   -7.6413543312e+01    5.8414982142e+03   -1.5375659093e+02    7.7343047616e+01    3.7273851100e+01    9.1895337630e+00   -2.0021997579e+02    8.1920000000e+03    4.9365853097e-02    3.0874755859e-01
        32   -7.6413520093e+01    5.8425241597e+03   -1.5395460554e+02    7.7541085444e+01    3.7196675567e+01    9.1895337630e+00   -2.0034081487e+02    8.1920000000e+03    4.9375800848e-02    3.0942382813e-01
        33   -7.6424923398e+01    5.8449084343e+03   -1.5405220265e+02    7.7627279252e+01    3.7285772974e+01    9.1895337630e+00   -2.0052750939e+02    8.1920000000e+03    4.9366511283e-02    3.0875488281e-01
        34   -7.6404216134e+01    5.8404203983e+03   -1.5295336018e+02    7.6549144042e+01    3.7135095762e+01    9.1895337630e+00   -1.9927798970e+02    8.1920000000e+03    4.9371519041e-02    3.0945800781e-01
        35   -7.6404814914e+01    5.8410391055e+03   -1.5283255269e+02    7.6427737776e+01    3.7067994707e+01    9.1895337630e+00   -1.9909008116e+02    8.1920000000e+03    4.9376770979e-02    3.1019531250e-01
        36   -7.6406488628e+01    5.8407788390e+03   -1.5268563972e+02    7.6279151092e+01    3.7165747853e+01    9.1895337630e+00   -1.9904092134e+02    8.1920000000e+03    4.9369801427e-02    3.1004394531e-01
        37   -7.6399257504e+01    5.8396976076e+03   -1.5237490365e+02    7.5975646151e+01    3.7035644093e+01    9.1895337630e+00   -1.9860008151e+02    8.1920000000e+03    4.9358511641e-02    3.0909667969e-01
        38   -7.6392277670e+01    5.8383128317e+03   -1.5247368653e+02    7.6081408857e+01    3.7223108883e+01    9.1895337630e+00   -1.9888632917e+02    8.1920000000e+03    4.9375535615e-02    3.0935302734e-01
        39   -7.6389621927e+01    5.8378113104e+03   -1.5261256451e+02    7.6222942582e+01    3.7150375468e+01    9.1895337630e+00   -1.9895247374e+02    8.1920000000e+03    4.9362596176e-02    3.0822265625e-01
        40   -7.6397612529e+01    5.8389732785e+03   -1.5280527584e+02    7.6407663307e+01    3.7122274514e+01    9.1895337630e+00   -1.9911708411e+02    8.1920000000e+03    4.9372254533e-02    3.1022216797e-01
        41   -7.6418514559e+01    5.8425453780e+03   -1.5273060046e+02    7.6312085897e+01    3.7175178864e+01    9.1895337630e+00   -1.9909531308e+02    8.1920000000e+03    4.9374298053e-02    3.1003906250e-01
        42   -7.6408459340e+01    5.8407879148e+03   -1.5279420064e+02    7.6385741298e+01    3.7246891736e+01    9.1895337630e+00   -1.9923062614e+02    8.1920000000e+03    4.9372885022e-02    3.1015869141e-01
        43   -7.6374193905e+01    5.8365382071e+03   -1.5284572738e+02    7.6471533472e+01    3.7082102209e+01    9.1895337630e+00   -1.9911736335e+02    8.1920000000e+03    4.9369640564e-02    3.0960205078e-01
        44   -7.6399858062e+01    5.8414141727e+03   -1.5310532402e+02    7.6705465955e+01    3.7111644075e+01    9.1895337630e+00   -1.9940650185e+02    8.1920000000e+03    4.9352952471e-02    3.0794433594e-01
        45   -7.6393530253e+01    5.8387812782e+03   -1.5304523941e+02    7.6651709162e+01    3.7122086265e+01    9.1895337630e+00   -1.9935685944e+02    8.1920000000e+03    4.9383441910e-02    3.0944091797e-01
        46   -7.6415710195e+01    5.8418581146e+03   -1.5266820709e+02    7.6252496897e+01    3.7092465837e+01    9.1895337630e+00   -1.9895020669e+02    8.1920000000e+03    4.9361176126e-02    3.0849853516e-01
        47   -7.6408573644e+01    5.8408717914e+03   -1.5260873856e+02    7.6200164912e+01    3.7222718350e+01    9.1895337630e+00   -1.9902099067e+02    8.1920000000e+03    4.9369320233e-02    3.0903076172e-01
        48   -7.6381573815e+01    5.8369917623e+03   -1.5283653874e+02    7.6454964926e+01    3.7237491036e+01    9.1895337630e+00   -1.9926356354e+02    8.1920000000e+03    4.9379796709e-02    3.0968017578e-01
        49   -7.6401185470e+01    5.8401804969e+03   -1.5276925316e+02    7.6368067690e+01    3.7275784613e+01    9.1895337630e+00   -1.9923457154e+02    8.1920000000e+03    4.9370329400e-02    3.0892089844e-01
        50   -7.6441263773e+01    5.8457424097e+03   -1.5245398800e+02    7.6012724226e+01    3.7209578698e+01    9.1895337630e+00   -1.9885310046e+02    8.1920000000e+03    4.9370164300e-02    3.0864990234e-01
        51   -7.6393920019e+01    5.8386909498e+03   -1.5269162941e+02    7.6297709395e+01    3.7138307096e+01    9.1895337630e+00   -1.9901947027e+02    8.1920000000e+03    4.9381365480e-02    3.0950439453e-01
        52   -7.6396948445e+01    5.8396008757e+03   -1.5231014016e+02    7.5913191715e+01    3.7091371144e+01    9.1895337630e+00   -1.9859104507e+02    8.1920000000e+03    4.9358801647e-02    3.0885253906e-01
        53   -7.6421764346e+01    5.8437879052e+03   -1.5235603213e+02    7.5934267787e+01    3.7169710265e+01    9.1895337630e+00   -1.9871527616e+02    8.1920000000e+03    4.9380372976e-02    3.1101562500e-01
        54   -7.6377052436e+01    5.8363380935e+03   -1.5240189194e+02    7.6024839506e+01    3.7195069417e+01    9.1895337630e+00   -1.9878649512e+02    8.1920000000e+03    4.9371114498e-02    3.0847900391e-01
        55   -7.6393860202e+01    5.8389007514e+03   -1.5221654831e+02    7.5822688111e+01    3.7235624752e+01    9.1895337630e+00   -1.9864170683e+02    8.1920000000e+03    4.9375079188e-02    3.0981445312e-01
        56   -7.6432401114e+01    5.8445417948e+03   -1.5202088754e+02    7.5588486422e+01    3.7222404732e+01    9.1895337630e+00   -1.9843282603e+02    8.1920000000e+03    4.9370853889e-02    3.1005615234e-01
        57   -7.6423505432e+01    5.8436861081e+03   -1.5213194910e+02    7.5708443664e+01    3.7314582698e+01    9.1895337630e+00   -1.9863606556e+02    8.1920000000e+03    4.9379490650e-02    3.0934814453e-01
        58   -7.6395612890e+01    5.8388295616e+03   -1.5204273865e+02    7.5647125763e+01    3.7252736383e+01    9.1895337630e+00   -1.9848500880e+02    8.1920000000e+03    4.9369560818e-02    3.0920166016e-01
        59   -7.6397557724e+01    5.8404693009e+03   -1.5225717941e+02    7.5859621687e+01    3.7250756588e+01    9.1895337630e+00   -1.9869746976e+02    8.1920000000e+03    4.9385203431e-02    3.1003906250e-01
        60   -7.6416409172e+01    5.8435193673e+03   -1.5218762262e+02    7.5771213450e+01    3.7362604802e+01    9.1895337630e+00   -1.9873976119e+02    8.1920000000e+03    4.9387990190e-02    3.0935791016e-01
        61   -7.6405721634e+01    5.8405145643e+03   -1.5202541697e+02    7.5619695338e+01    3.7254721234e+01    9.1895337630e+00   -1.9846967197e+02    8.1920000000e+03    4.9370859191e-02    3.0957519531e-01
        62   -7.6390016839e+01    5.8377147186e+03   -1.5204944718e+02    7.5659430339e+01    3.7167799261e+01    9.1895337630e+00   -1.9840678020e+02    8.1920000000e+03    4.9375000787e-02    3.1001220703e-01
        63   -7.6389973465e+01    5.8383406589e+03   -1.5242763066e+02    7.6037657199e+01    3.7319814766e+01    9.1895337630e+00   -1.9893697919e+02    8.1920000000e+03    4.9375622784e-02    3.0966308594e-01
        64   -7.6414782153e+01    5.8427818511e+03   -1.5266982345e+02    7.6255041296e+01    3.7270614081e+01    9.1895337630e+00   -1.9912997129e+02    8.1920000000e+03    4.9361701090e-02    3.0902099609e-01
        65   -7.6376564255e+01    5.8367118605e+03   -1.5284106730e+02    7.6464503045e+01    3.7212326754e+01    9.1895337630e+00   -1.9924292782e+02    8.1920000000e+03    4.9370116385e-02    3.0948730469e-01
        66   -7.6408429178e+01    5.8408154556e+03   -1.5312740587e+02    7.6718976689e+01    3.7291044895e+01    9.1895337630e+00   -1.9960798452e+02    8.1920000000e+03    4.9373397840e-02    3.0842773438e-01
        67   -7.6382941102e+01    5.8380538731e+03   -1.5275273044e+02    7.6369789340e+01    3.7204823474e+01    9.1895337630e+00   -1.9914708768e+02    8.1920000000e+03    4.9375145290e-02    3.0970947266e-01
        68   -7.6387858426e+01    5.8378492114e+03   -1.5248190092e+02    7.6094042493e+01    3.7138288374e+01    9.1895337630e+00   -1.9880972306e+02    8.1920000000e+03    4.9356703960e-02    3.0900146484e-01
        69   -7.6401893119e+01    5.8399526122e+03   -1.5268969147e+02    7.6287798350e+01    3.7189257829e+01    9.1895337630e+00   -1.9906848306e+02    8.1920000000e+03    4.9364595765e-02    3.0862060547e-01
        70   -7.6396592144e+01    5.8387417055e+03   -1.5235189205e+02    7.5955299907e+01    3.7142370806e+01    9.1895337630e+00   -1.9868379662e+02    8.1920000000e+03    4.9379275860e-02    3.0961425781e-01
        71   -7.6379966193e+01    5.8362037234e+03   -1.5239990581e+02    7.6019939621e+01    3.7198460184e+01    9.1895337630e+00   -1.9878789976e+02    8.1920000000e+03    4.9376753787e-02    3.0990966797e-01
        72   -7.6394164978e+01    5.8389054491e+03   -1.5260743691e+02    7.6213271930e+01    3.7236066269e+01    9.1895337630e+00   -1.9903303694e+02    8.1920000000e+03    4.9369961558e-02    3.0943115234e-01
        73   -7.6403431648e+01    5.8413983457e+03   -1.5289130847e+02    7.6487876817e+01    3.7290071780e+01    9.1895337630e+00   -1.9937091401e+02    8.1920000000e+03    4.9384767173e-02    3.0933837891e-01
        74   -7.6404119487e+01    5.8409987122e+03   -1.5249478673e+02    7.6090667243e+01    3.7170579393e+01    9.1895337630e+00   -1.9885489989e+02    8.1920000000e+03    4.9361450014e-02    3.0826416016e-01
        75   -7.6395773606e+01    5.8388589108e+03   -1.5271846258e+02    7.6322688978e+01    3.7214410327e+01    9.1895337630e+00   -1.9912240667e+02    8.1920000000e+03    4.9379621537e-02    3.1054931641e-01
        76   -7.6396254473e+01    5.8390633141e+03   -1.5257723086e+02    7.6180976389e+01    3.7225690656e+01    9.1895337630e+00   -1.9899245528e+02    8.1920000000e+03    4.9393522066e-02    3.1040039063e-01
        77   -7.6405853243e+01    5.8402121083e+03   -1.5261479336e+02    7.6208940122e+01    3.7157126066e+01    9.1895337630e+00   -1.9896145319e+02    8.1920000000e+03    4.9365727169e-02    3.0964355469e-01
        78   -7.6369062762e+01    5.8352244559e+03   -1.5276029708e+02    7.6391234313e+01    3.7228370874e+01    9.1895337630e+00   -1.9917820171e+02    8.1920000000e+03    4.9367032455e-02    3.0935302734e-01
        79   -7.6410470268e+01    5.8412119901e+03   -1.5255898625e+02    7.6148515984e+01    3.7270850505e+01    9.1895337630e+00   -1.9901937052e+02    8.1920000000e+03    4.9382632949e-02    3.0918701172e-01
