#   index    LocalEnergy         LocalEnergy_sq      LocalPotential      Kinetic             ElecElec            IonIon              IonElec             BlockWeight         BlockCPU            AcceptRatio         
         0   -7.6392991104e+01    5.8386737075e+03   -1.5301053925e+02    7.6617548151e+01    3.7366298352e+01    9.1895337630e+00   -1.9956637137e+02    8.1920000000e+03    4.9371050837e-02    3.1002197266e-01
         1   -7.6395640934e+01    5.8387866256e+03   -1.5324086442e+02    7.6845223486e+01    3.7339800488e+01    9.1895337630e+00   -1.9977019867e+02    8.1920000000e+03    4.9356408353e-02    3.0791259766e-01
         2   -7.6369801765e+01    5.8370087670e+03   -1.5298955293e+02    7.6619751161e+01    3.7236236228e+01    9.1895337630e+00   -1.9941532292e+02    8.1920000000e+03    4.9382050005e-02    3.1086425781e-01
         3   -7.6338325458e+01    5.8313852005e+03   -1.5320138819e+02    7.6863062731e+01    3.7251021285e+01    9.1895337630e+00   -1.9964194324e+02    8.1920000000e+03    4.9370427307e-02    3.0879150391e-01
         4   -7.6401033602e+01    5.8404583087e+03   -1.5280702596e+02    7.6405992355e+01    3.7126941759e+01    9.1895337630e+00   -1.9912350148e+02    8.1920000000e+03    4.9359061189e-02    3.0910400391e-01
         5   -7.6364444612e+01    5.8344258696e+03   -1.5304659608e+02    7.6682151470e+01    3.7261718312e+01    9.1895337630e+00   -1.9949784816e+02    8.1920000000e+03    4.9371530199e-02    3.1001220703e-01
         6   -7.6379220961e+01    5.8375349342e+03   -1.5315989718e+02    7.6780676223e+01    3.7200191634e+01    9.1895337630e+00   -1.9954962258e+02    8.1920000000e+03    4.9366749931e-02    3.0939208984e-01
         7   -7.6387858576e+01    5.8400056899e+03   -1.5314134234e+02    7.6753483762e+01    3.7139478015e+01    9.1895337630e+00   -1.9947035412e+02    8.1920000000e+03    4.9366688111e-02    3.0966552734e-01
         8   -7.6389672641e+01    5.8378240884e+03   -1.5276187230e+02    7.6372199654e+01    3.7059793128e+01    9.1895337630e+00   -1.9901119919e+02    8.1920000000e+03    4.9361954257e-02    3.0917480469e-01
         9   -7.6421345102e+01    5.8432642148e+03   -1.5297973393e+02    7.6558388831e+01    3.7229858352e+01    9.1895337630e+00   -1.9939912605e+02    8.1920000000e+03    4.9359006597e-02    3.0901367188e-01
        10   -7.6421821237e+01    5.8438791353e+03   -1.5299392192e+02    7.6572100686e+01    3.7163234342e+01    9.1895337630e+00   -1.9934669003e+02    8.1920000000e+03    4.9369765201e-02    3.1098144531e-01
        11   -7.6388798807e+01    5.8382440903e+03   -1.5331262391e+02    7.6923825102e+01    3.7254695030e+01    9.1895337630e+00   -1.9975685270e+02    8.1920000000e+03    4.9375741215e-02    3.0986328125e-01
        12   -7.6390123878e+01    5.8379833703e+03   -1.5299045578e+02    7.6600331906e+01    3.7190328657e+01    9.1895337630e+00   -1.9937031820e+02    8.1920000000e+03    4.9360121073e-02    3.0947021484e-01
        13   -7.6386662807e+01    5.8373894669e+03   -1.5278081210e+02    7.6394149294e+01    3.7293853456e+01    9.1895337630e+00   -1.9926419932e+02    8.1920000000e+03    4.9357371449e-02    3.0919433594e-01
        14   -7.6379816304e+01    5.8365457670e+03   -1.5270702752e+02    7.6327211214e+01    3.7294746677e+01    9.1895337630e+00   -1.9919130796e+02    8.1920000000e+03    4.9366853069e-02    3.0868652344e-01
        15   -7.6390350049e+01    5.8377453525e+03   -1.5246519309e+02    7.6074843043e+01    3.7257017874e+01    9.1895337630e+00   -1.9891174473e+02    8.1920000000e+03    4.9360121313e-02    3.0965087891e-01
        16   -7.6403039905e+01    5.8398362830e+03   -1.5244501265e+02    7.6041972741e+01    3.7205312744e+01    9.1895337630e+00   -1.9883985915e+02    8.1920000000e+03    4.9357617951e-02    3.0889160156e-01
        17   -7.6419758621e+01    5.8429338117e+03   -1.5222046576e+02    7.5800707135e+01    3.7217300808e+01    9.1895337630e+00   -1.9862730033e+02    8.1920000000e+03    4.9367970816e-02    3.0928955078e-01
        18   -7.6411432865e+01    5.8414836763e+03   -1.5261314041e+02    7.6201707547e+01    3.7329043809e+01    9.1895337630e+00   -1.9913171798e+02    8.1920000000e+03    4.9368255731e-02    3.0995605469e-01
        19   -7.6393870329e+01    5.8386451363e+03   -1.5171163969e+02    7.5317769359e+01    3.7334554867e+01    9.1895337630e+00   -1.9823572832e+02    8.1920000000e+03    4.9367059962e-02    3.0905761719e-01
        20   -7.6415020043e+01    5.8430056954e+03   -1.5188942206e+02    7.5474402016e+01    3.7225768837e+01    9.1895337630e+00   -1.9830472466e+02    8.1920000000e+03    4.9368883950e-02    3.0854248047e-01
        21   -7.6357754941e+01    5.8337897882e+03   -1.5179497613e+02    7.5437221187e+01    3.7260326033e+01    9.1895337630e+00   -1.9824483592e+02    8.1920000000e+03    4.9366904681e-02    3.0957275391e-01
        22   -7.6403079300e+01    5.8403966406e+03   -1.5201357094e+02    7.5610491639e+01    3.7325302106e+01    9.1895337630e+00   -1.9852840681e+02    8.1920000000e+03    4.9366841241e-02    3.0911132813e-01
        23   -7.6415066109e+01    5.8417673872e+03   -1.5197391746e+02    7.5558851349e+01    3.7232820134e+01    9.1895337630e+00   -1.9839627135e+02    8.1920000000e+03    4.9369057462e-02    3.0943359375e-01
        24   -7.6415021386e+01    5.8435380042e+03   -1.5190041332e+02    7.5485391938e+01    3.7124445118e+01    9.1895337630e+00   -1.9821439221e+02    8.1920000000e+03    4.9378222376e-02    3.1044433594e-01
        25   -7.6367164484e+01    5.8343041688e+03   -1.5228520309e+02    7.5918038602e+01    3.7279580090e+01    9.1895337630e+00   -1.9875431694e+02    8.1920000000e+03    4.9353318355e-02    3.0888183594e-01
        26   -7.6375701048e+01    5.8358349851e+03   -1.5270981390e+02    7.6334112855e+01    3.7347030318e+01    9.1895337630e+00   -1.9924637798e+02    8.1920000000e+03    4.9361592626e-02    3.0928710938e-01
        27   -7.6368339110e+01    5.8353154391e+03   -1.5285434569e+02    7.6486006584e+01    3.7191307065e+01    9.1895337630e+00   -1.9923518652e+02    8.1920000000e+03    4.9365871742e-02    3.0784667969e-01
        28   -7.6417821244e+01    5.8423577641e+03   -1.5307982947e+02    7.6662008230e+01    3.7272545809e+01    9.1895337630e+00   -1.9954190905e+02    8.1920000000e+03    4.9355924905e-02    3.0885253906e-01
        29   -7.6378997928e+01    5.8362685352e+03   -1.5310177438e+02    7.6722776455e+01    3.7297840265e+01    9.1895337630e+00   -1.9958914841e+02    8.1920000000e+03    4.9364166456e-02    3.0944824219e-01
        30   -7.6393423082e+01    5.8387260504e+03   -1.5295434736e+02    7.6560924275e+01    3.7286566025e+01    9.1895337630e+00   -1.9943044714e+02    8.1920000000e+03    4.9366843533e-02    3.0859130859e-01
        31   -7.6387352145e+01    5.8375257324e+03   -1.5296924792e+02    7.6581895772e+01    3.7225180480e+01    9.1895337630e+00   -1.9938396216e+02    8.1920000000e+03    4.9361938724e-02    3.0880859375e-01
        32   -7.6425449790e+01    5.8438971114e+03   -1.5314206065e+02    7.6716610855e+01    3.7213178727e+01    9.1895337630e+00   -1.9954477314e+02    8.1920000000e+03    4.9360741949e-02    3.0902832031e-01
        33   -7.6385589002e+01    5.8382287366e+03   -1.5325373144e+02    7.6868142434e+01    3.7228346317e+01    9.1895337630e+00   -1.9967161151e+02    8.1920000000e+03    4.9366516348e-02    3.0895751953e-01
        34   -7.6428551259e+01    5.8446356342e+03   -1.5333095543e+02    7.6902404175e+01    3.7325353864e+01    9.1895337630e+00   -1.9984584306e+02    8.1920000000e+03    4.9351635815e-02    3.0833984375e-01
        35   -7.6359652004e+01    5.8335298832e+03   -1.5317827839e+02    7.6818626387e+01    3.7323989003e+01    9.1895337630e+00   -1.9969180116e+02    8.1920000000e+03    4.9357635266e-02    3.0831787109e-01
        36   -7.6385004971e+01    5.8370200041e+03   -1.5317728721e+02    7.6792282237e+01    3.7264228709e+01    9.1895337630e+00   -1.9963104968e+02    8.1920000000e+03    4.9375715967e-02    3.0834228516e-01
        37   -7.6395981370e+01    5.8389543479e+03   -1.5287948400e+02    7.6483502633e+01    3.7202425442e+01    9.1895337630e+00   -1.9927144321e+02    8.1920000000e+03    4.9365773113e-02    3.0933349609e-01
        38   -7.6405847308e+01    5.8412621207e+03   -1.5308908174e+02    7.6683234436e+01    3.7125574097e+01    9.1895337630e+00   -1.9940418960e+02    8.1920000000e+03    4.9363474385e-02    3.0952636719e-01
        39   -7.6385845896e+01    5.8374155840e+03   -1.5313234783e+02    7.6746501931e+01    3.7155966807e+01    9.1895337630e+00   -1.9947784840e+02    8.1920000000e+03    4.9366769727e-02    3.0920654297e-01
        40   -7.6400520124e+01    5.8394347424e+03   -1.5294023494e+02    7.6539714818e+01    3.7151914818e+01    9.1895337630e+00   -1.9928168352e+02    8.1920000000e+03    4.9357768332e-02    3.0933105469e-01
        41   -7.6416293323e+01    5.8430289848e+03   -1.5275424612e+02    7.6337952801e+01    3.7145130649e+01    9.1895337630e+00   -1.9908891054e+02    8.1920000000e+03    4.9356383193e-02    3.0838867188e-01
        42   -7.6418230166e+01    5.8425584226e+03   -1.5309994363e+02    7.6681713463e+01    3.7153356915e+01    9.1895337630e+00   -1.9944283431e+02    8.1920000000e+03    4.9366791689e-02    3.0974365234e-01
        43   -7.6374628386e+01    5.8357845099e+03   -1.5313726182e+02    7.6762633429e+01    3.7181679763e+01    9.1895337630e+00   -1.9950847534e+02    8.1920000000e+03    4.9358082912e-02    3.0829589844e-01
        44   -7.6395634794e+01    5.8394131465e+03   -1.5323431711e+02    7.6838682312e+01    3.7242838827e+01    9.1895337630e+00   -1.9966668970e+02    8.1920000000e+03    4.9363223885e-02    3.0944580078e-01
        45   -7.6381644062e+01    5.8368765971e+03   -1.5333956798e+02    7.6957923918e+01    3.7231400155e+01    9.1895337630e+00   -1.9976050190e+02    8.1920000000e+03    4.9366617267e-02    3.0833007813e-01
        46   -7.6409984213e+01    5.8417394216e+03   -1.5323475229e+02    7.6824768078e+01    3.7250617109e+01    9.1895337630e+00   -1.9967490316e+02    8.1920000000e+03    4.9368916292e-02    3.0986816406e-01
        47   -7.6375208929e+01    5.8355938051e+03   -1.5353395093e+02    7.7158742005e+01    3.7272466020e+01    9.1895337630e+00   -1.9999595072e+02    8.1920000000e+03    4.9371237586e-02    3.1046875000e-01
        48   -7.6404024010e+01    5.8415538265e+03   -1.5330200984e+02    7.6897985835e+01    3.7169446720e+01    9.1895337630e+00   -1.9966099033e+02    8.1920000000e+03    4.9362185955e-02    3.0859619141e-01
        49   -7.6395197412e+01    5.8385623416e+03   -1.5340717193e+02    7.7011974521e+01    3.7227742338e+01    9.1895337630e+00   -1.9982444803e+02    8.1920000000e+03    4.9358085429e-02    3.0932373047e-01
        50   -7.6392057453e+01    5.8389490337e+03   -1.5326725577e+02    7.6875198317e+01    3.7209815863e+01    9.1895337630e+00   -1.9966660540e+02    8.1920000000e+03    4.9366557655e-02    3.0933593750e-01
        51   -7.6415594438e+01    5.8419955464e+03   -1.5341375661e+02    7.6998162173e+01    3.7153053847e+01    9.1895337630e+00   -1.9975634422e+02    8.1920000000e+03    4.9362109811e-02    3.0913085938e-01
        52   -7.6400765186e+01    5.8398319134e+03   -1.5353174791e+02    7.7130982727e+01    3.7008187222e+01    9.1895337630e+00   -1.9972946890e+02    8.1920000000e+03    4.9371051333e-02    3.0931152344e-01
        53   -7.6396344693e+01    5.8396781716e+03   -1.5376377547e+02    7.7367430774e+01    3.7201961486e+01    9.1895337630e+00   -2.0015527072e+02    8.1920000000e+03    4.9368049121e-02    3.1025878906e-01
        54   -7.6391610946e+01    5.8386457310e+03   -1.5376889236e+02    7.7377281410e+01    3.7171322998e+01    9.1895337630e+00   -2.0012974912e+02    8.1920000000e+03    4.9361664014e-02    3.0887695313e-01
        55   -7.6380941977e+01    5.8365569295e+03   -1.5402461368e+02    7.7643671703e+01    3.7325637243e+01    9.1895337630e+00   -2.0053978469e+02    8.1920000000e+03    4.9369771912e-02    3.0804199219e-01
        56   -7.6401046467e+01    5.8401694947e+03   -1.5382543794e+02    7.7424391475e+01    3.7194096907e+01    9.1895337630e+00   -2.0020906861e+02    8.1920000000e+03    4.9370405754e-02    3.0990722656e-01
        57   -7.6389901097e+01    5.8380692806e+03   -1.5383860856e+02    7.7448707460e+01    3.7182923992e+01    9.1895337630e+00   -2.0021106631e+02    8.1920000000e+03    4.9369432718e-02    3.1027832031e-01
        58   -7.6408521848e+01    5.8412654883e+03   -1.5380343896e+02    7.7394917114e+01    3.7131577160e+01    9.1895337630e+00   -2.0012454989e+02    8.1920000000e+03    4.9374359336e-02    3.1033935547e-01
        59   -7.6386403963e+01    5.8384530989e+03   -1.5372164446e+02    7.7335240497e+01    3.7183878040e+01    9.1895337630e+00   -2.0009505626e+02    8.1920000000e+03    4.9368776123e-02    3.1040283203e-01
        60   -7.6390028766e+01    5.8380274093e+03   -1.5377586848e+02    7.7385839714e+01    3.7171719244e+01    9.1895337630e+00   -2.0013712149e+02    8.1920000000e+03    4.9357893355e-02    3.0971679687e-01
        61   -7.6382398002e+01    5.8369378947e+03   -1.5386565124e+02    7.7483253234e+01    3.7270968877e+01    9.1895337630e+00   -2.0032615388e+02    8.1920000000e+03    4.9379872666e-02    3.1002197266e-01
        62   -7.6374855003e+01    5.8370445232e+03   -1.5396641815e+02    7.7591563143e+01    3.7297727588e+01    9.1895337630e+00   -2.0045367950e+02    8.1920000000e+03    4.9359935331e-02    3.0848632812e-01
        63   -7.6377757035e+01    5.8365069640e+03   -1.5396325851e+02    7.7585501478e+01    3.7307978245e+01    9.1895337630e+00   -2.0046077052e+02    8.1920000000e+03    4.9364059389e-02    3.0892822266e-01
        64   -7.6330691079e+01    5.8835604138e+03   -1.5376549945e+02    7.7434808375e+01    3.7297710758e+01    9.1895337630e+00   -2.0025274398e+02    8.1920000000e+03    4.9373196902e-02    3.0897705078e-01
        65   -7.6358024053e+01    5.8331064267e+03   -1.5382221181e+02    7.7464187759e+01    3.7331570066e+01    9.1895337630e+00   -2.0034331564e+02    8.1920000000e+03    4.9367866203e-02    3.0869873047e-01
        66   -7.6401045516e+01    5.8400135503e+03   -1.5380136427e+02    7.7400318751e+01    3.7267358161e+01    9.1895337630e+00   -2.0025825619e+02    8.1920000000e+03    4.9374604462e-02    3.0964843750e-01
        67   -7.6391534766e+01    5.8382092468e+03   -1.5379969868e+02    7.7408163919e+01    3.7256517947e+01    9.1895337630e+00   -2.0024575039e+02    8.1920000000e+03    4.9381042543e-02    3.0978027344e-01
        68   -7.6397483926e+01    5.8399873518e+03   -1.5391555731e+02    7.7518073386e+01    3.7302487506e+01    9.1895337630e+00   -2.0040757858e+02    8.1920000000e+03    4.9359711948e-02    3.0807128906e-01
        69   -7.6403091763e+01    5.8399495663e+03   -1.5421362645e+02    7.7810534687e+01    3.7357034874e+01    9.1895337630e+00   -2.0076019509e+02    8.1920000000e+03    4.9364258985e-02    3.0865966797e-01
        70   -7.6405815975e+01    5.8420449391e+03   -1.5374022358e+02    7.7334407607e+01    3.7305198400e+01    9.1895337630e+00   -2.0023495575e+02    8.1920000000e+03    4.9386769282e-02    3.0968261719e-01
        71   -7.6409327943e+01    5.8421255326e+03   -1.5418542436e+02    7.7776096421e+01    3.7376103050e+01    9.1895337630e+00   -2.0075106118e+02    8.1920000000e+03    4.9369114496e-02    3.0852539063e-01
        72   -7.6377840438e+01    5.8363586156e+03   -1.5399140101e+02    7.7613560572e+01    3.7185900247e+01    9.1895337630e+00   -2.0036683502e+02    8.1920000000e+03    4.9355994977e-02    3.0816406250e-01
        73   -7.6410841452e+01    5.8420039637e+03   -1.5412341656e+02    7.7712575107e+01    3.7327028786e+01    9.1895337630e+00   -2.0063997911e+02    8.1920000000e+03    4.9372297128e-02    3.0922119141e-01
        74   -7.6408198567e+01    5.8407623313e+03   -1.5413078784e+02    7.7722589270e+01    3.7257698749e+01    9.1895337630e+00   -2.0057802035e+02    8.1920000000e+03    4.9360080592e-02    3.0836181641e-01
        75   -7.6354087860e+01    5.8364774416e+03   -1.5403734016e+02    7.7683252298e+01    3.7123165162e+01    9.1895337630e+00   -2.0035003908e+02    8.1920000000e+03    4.9359345726e-02    3.0934570312e-01
        76   -7.6412770707e+01    5.8420896384e+03   -1.5371390029e+02    7.7301129588e+01    3.7182274938e+01    9.1895337630e+00   -2.0008570900e+02    8.1920000000e+03    4.9367996288e-02    3.1045898438e-01
        77   -7.6392007037e+01    5.8397235171e+03   -1.5372977557e+02    7.7337768529e+01    3.7157870592e+01    9.1895337630e+00   -2.0007717992e+02    8.1920000000e+03    4.9369380480e-02    3.0983642578e-01
        78   -7.6408494936e+01    5.8407420563e+03   -1.5397888483e+02    7.7570389895e+01    3.7158657278e+01    9.1895337630e+00   -2.0032707587e+02    8.1920000000e+03    4.9358745638e-02    3.0915771484e-01
        79   -7.6390842140e+01    5.8384567816e+03   -1.5359044049e+02    7.7199598350e+01    3.7203288012e+01    9.1895337630e+00   -1.9998326227e+02    8.1920000000e+03    4.9361757255e-02    3.0916259766e-01
