#   index    LocalEnergy         LocalEnergy_sq      LocalPotential      Kinetic             ElecElec            IonIon              IonElec             BlockWeight         BlockCPU            AcceptRatio         
         0   -7.6432348539e+01    5.8443738458e+03   -1.5217302973e+02    7.5740681191e+01    3.7276110587e+01    9.1895337630e+00   -1.9863867408e+02    8.1920000000e+03    4.9312744611e-02    3.0843261719e-01
         1   -7.6412869610e+01    5.8420821481e+03   -1.5157297371e+02    7.5160104100e+01    3.7225952401e+01    9.1895337630e+00   -1.9798845987e+02    8.1920000000e+03    4.9302228255e-02    3.0901855469e-01
         2   -7.6387931193e+01    5.8377382619e+03   -1.5159827197e+02    7.5210340776e+01    3.7168350736e+01    9.1895337630e+00   -1.9795615647e+02    8.1920000000e+03    4.9294770464e-02    3.0767089844e-01
         3   -7.6401687371e+01    5.8398244289e+03   -1.5159706509e+02    7.5195377720e+01    3.7178866929e+01    9.1895337630e+00   -1.9796546578e+02    8.1920000000e+03    4.9306650284e-02    3.0820800781e-01
         4   -7.6385100741e+01    5.8378117544e+03   -1.5121171138e+02    7.4826610637e+01    3.7199825380e+01    9.1895337630e+00   -1.9760107052e+02    8.1920000000e+03    4.9305379273e-02    3.0951904297e-01
         5   -7.6405295368e+01    5.8422726051e+03   -1.5159237644e+02    7.5187081075e+01    3.7226125827e+01    9.1895337630e+00   -1.9800803603e+02    8.1920000000e+03    4.9297072995e-02    3.0900390625e-01
         6   -7.6398285745e+01    5.8393116505e+03   -1.5211904194e+02    7.5720756194e+01    3.7330662978e+01    9.1895337630e+00   -1.9863923868e+02    8.1920000000e+03    4.9305657099e-02    3.0867675781e-01
         7   -7.6413440490e+01    5.8419557296e+03   -1.5204580914e+02    7.5632368654e+01    3.7232761452e+01    9.1895337630e+00   -1.9846810436e+02    8.1920000000e+03    4.9301176451e-02    3.0848632813e-01
         8   -7.6403287907e+01    5.8405657131e+03   -1.5226596352e+02    7.5862675612e+01    3.7231410527e+01    9.1895337630e+00   -1.9868690781e+02    8.1920000000e+03    4.9300076112e-02    3.0941406250e-01
         9   -7.6396006566e+01    5.8399593036e+03   -1.5240309656e+02    7.6007089992e+01    3.7236524138e+01    9.1895337630e+00   -1.9882915446e+02    8.1920000000e+03    4.9302779384e-02    3.0933837891e-01
        10   -7.6415579388e+01    5.8425124344e+03   -1.5264340529e+02    7.6227825905e+01    3.7232816012e+01    9.1895337630e+00   -1.9906575507e+02    8.1920000000e+03    4.9312434749e-02    3.0954833984e-01
        11   -7.6402612484e+01    5.8398010545e+03   -1.5271324382e+02    7.6310631333e+01    3.7127434769e+01    9.1895337630e+00   -1.9903021235e+02    8.1920000000e+03    4.9293893698e-02    3.0898925781e-01
        12   -7.6385675218e+01    5.8389125823e+03   -1.5256561029e+02    7.6179935068e+01    3.7218375266e+01    9.1895337630e+00   -1.9897351932e+02    8.1920000000e+03    4.9293277810e-02    3.0956054688e-01
        13   -7.6380143082e+01    5.8364797225e+03   -1.5259699885e+02    7.6216855772e+01    3.7153013180e+01    9.1895337630e+00   -1.9893954580e+02    8.1920000000e+03    4.9302898450e-02    3.0929931641e-01
        14   -7.6390389681e+01    5.8381088388e+03   -1.5263452150e+02    7.6244131814e+01    3.7202545093e+01    9.1895337630e+00   -1.9902660035e+02    8.1920000000e+03    4.9292132165e-02    3.0855224609e-01
        15   -7.6393985455e+01    5.8387468138e+03   -1.5255177348e+02    7.6157788025e+01    3.7240403239e+01    9.1895337630e+00   -1.9898171048e+02    8.1920000000e+03    4.9300698512e-02    3.0942138672e-01
        16   -7.6408257003e+01    5.8408512877e+03   -1.5219380260e+02    7.5785545594e+01    3.7174407704e+01    9.1895337630e+00   -1.9855774406e+02    8.1920000000e+03    4.9300712913e-02    3.0840332031e-01
        17   -7.6394223490e+01    5.8385950011e+03   -1.5203996711e+02    7.5645743620e+01    3.7184444641e+01    9.1895337630e+00   -1.9841394551e+02    8.1920000000e+03    4.9301495860e-02    3.0895263672e-01
        18   -7.6395619213e+01    5.8392437444e+03   -1.5210602502e+02    7.5710405804e+01    3.7283650004e+01    9.1895337630e+00   -1.9857920878e+02    8.1920000000e+03    4.9293391264e-02    3.0917968750e-01
        19   -7.6408722744e+01    5.8413202007e+03   -1.5166944624e+02    7.5260723501e+01    3.7199996004e+01    9.1895337630e+00   -1.9805897601e+02    8.1920000000e+03    4.9314796621e-02    3.1013183594e-01
        20   -7.6409304570e+01    5.8412226988e+03   -1.5165518014e+02    7.5245875572e+01    3.7259712608e+01    9.1895337630e+00   -1.9810442651e+02    8.1920000000e+03    4.9302007297e-02    3.0981445312e-01
        21   -7.6427485647e+01    5.8442989570e+03   -1.5167806640e+02    7.5250580749e+01    3.7286002748e+01    9.1895337630e+00   -1.9815360291e+02    8.1920000000e+03    4.9304800048e-02    3.0960937500e-01
        22   -7.6393569357e+01    5.8389285532e+03   -1.5185165588e+02    7.5458086527e+01    3.7300832209e+01    9.1895337630e+00   -1.9834202186e+02    8.1920000000e+03    4.9304825642e-02    3.0904296875e-01
        23   -7.6394754969e+01    5.8387364697e+03   -1.5204355853e+02    7.5648803563e+01    3.7283255820e+01    9.1895337630e+00   -1.9851634812e+02    8.1920000000e+03    4.9300987047e-02    3.0891113281e-01
        24   -7.6401803134e+01    5.8402769350e+03   -1.5228616351e+02    7.5884360377e+01    3.7254330206e+01    9.1895337630e+00   -1.9873002748e+02    8.1920000000e+03    4.9295005369e-02    3.0927978516e-01
        25   -7.6415865005e+01    5.8430820562e+03   -1.5235634700e+02    7.5940481997e+01    3.7276236351e+01    9.1895337630e+00   -1.9882211712e+02    8.1920000000e+03    4.9313357137e-02    3.0955810547e-01
        26   -7.6392179264e+01    5.8383110722e+03   -1.5217721395e+02    7.5785034688e+01    3.7167138287e+01    9.1895337630e+00   -1.9853388600e+02    8.1920000000e+03    4.9302124244e-02    3.0878906250e-01
        27   -7.6389309981e+01    5.8404241224e+03   -1.5212912931e+02    7.5739819332e+01    3.7146015167e+01    9.1895337630e+00   -1.9846467824e+02    8.1920000000e+03    4.9304572147e-02    3.0982910156e-01
        28   -7.6402899645e+01    5.8402744694e+03   -1.5234813047e+02    7.5945230830e+01    3.7177559776e+01    9.1895337630e+00   -1.9871522401e+02    8.1920000000e+03    4.9308855516e-02    3.0970214844e-01
        29   -7.6409206829e+01    5.8415122694e+03   -1.5243648428e+02    7.6027277450e+01    3.7120559933e+01    9.1895337630e+00   -1.9874657798e+02    8.1920000000e+03    4.9304741345e-02    3.0881591797e-01
        30   -7.6370022340e+01    5.8350361116e+03   -1.5268150155e+02    7.6311479207e+01    3.7252668944e+01    9.1895337630e+00   -1.9912370425e+02    8.1920000000e+03    4.9303354349e-02    3.0891113281e-01
        31   -7.6440819044e+01    5.8473904646e+03   -1.5286011612e+02    7.6419297072e+01    3.7309148178e+01    9.1895337630e+00   -1.9935879806e+02    8.1920000000e+03    4.9329617804e-02    3.0975830078e-01
        32   -7.6386657317e+01    5.8391917464e+03   -1.5303486752e+02    7.6648210205e+01    3.7247685941e+01    9.1895337630e+00   -1.9947208723e+02    8.1920000000e+03    4.9311482887e-02    3.0974365234e-01
        33   -7.6438424081e+01    5.8469921495e+03   -1.5308301279e+02    7.6644588713e+01    3.7188101172e+01    9.1895337630e+00   -1.9946064773e+02    8.1920000000e+03    4.9302228804e-02    3.0937744141e-01
        34   -7.6372587491e+01    5.8358970661e+03   -1.5299616766e+02    7.6623580167e+01    3.7336391258e+01    9.1895337630e+00   -1.9952209268e+02    8.1920000000e+03    4.9309092883e-02    3.0983154297e-01
        35   -7.6408285348e+01    5.8419673689e+03   -1.5286489881e+02    7.6456613458e+01    3.7240879973e+01    9.1895337630e+00   -1.9929531254e+02    8.1920000000e+03    4.9317710900e-02    3.0898681641e-01
        36   -7.6397324731e+01    5.8393566718e+03   -1.5249586254e+02    7.6098537805e+01    3.7316015430e+01    9.1895337630e+00   -1.9900141173e+02    8.1920000000e+03    4.9298458477e-02    3.0911132813e-01
        37   -7.6380910811e+01    5.8366610771e+03   -1.5243445744e+02    7.6053546632e+01    3.7176724262e+01    9.1895337630e+00   -1.9880071547e+02    8.1920000000e+03    4.9298675259e-02    3.0828613281e-01
        38   -7.6410372877e+01    5.8412532498e+03   -1.5260078426e+02    7.6190411388e+01    3.7192289983e+01    9.1895337630e+00   -1.9898260801e+02    8.1920000000e+03    4.9308336739e-02    3.0932617188e-01
        39   -7.6411436564e+01    5.8420590210e+03   -1.5268079952e+02    7.6269362957e+01    3.7186420298e+01    9.1895337630e+00   -1.9905675358e+02    8.1920000000e+03    4.9307562238e-02    3.1022216797e-01
        40   -7.6379331349e+01    5.8369625448e+03   -1.5266505980e+02    7.6285728456e+01    3.7068352330e+01    9.1895337630e+00   -1.9892294590e+02    8.1920000000e+03    4.9291913043e-02    3.0882324219e-01
        41   -7.6387200466e+01    5.8384242720e+03   -1.5236138976e+02    7.5974189290e+01    3.7088773616e+01    9.1895337630e+00   -1.9863969713e+02    8.1920000000e+03    4.9298400057e-02    3.0881103516e-01
        42   -7.6447669067e+01    5.8471131827e+03   -1.5222894149e+02    7.5781272422e+01    3.7191399929e+01    9.1895337630e+00   -1.9860987518e+02    8.1920000000e+03    4.9303545421e-02    3.0989746094e-01
        43   -7.6417766746e+01    5.8423510946e+03   -1.5235353003e+02    7.5935763282e+01    3.7235219350e+01    9.1895337630e+00   -1.9877828314e+02    8.1920000000e+03    4.9309408935e-02    3.1012207031e-01
        44   -7.6395150541e+01    5.8398310173e+03   -1.5231740076e+02    7.5922250216e+01    3.7311198472e+01    9.1895337630e+00   -1.9881813299e+02    8.1920000000e+03    4.9314275426e-02    3.1052490234e-01
        45   -7.6379602035e+01    5.8396569973e+03   -1.5239361364e+02    7.6014011602e+01    3.7387691157e+01    9.1895337630e+00   -1.9897083856e+02    8.1920000000e+03    4.9308843196e-02    3.1084472656e-01
        46   -7.6369410484e+01    5.8350540912e+03   -1.5197953307e+02    7.5610122583e+01    3.7353427351e+01    9.1895337630e+00   -1.9852249418e+02    8.1920000000e+03    4.9314509992e-02    3.0978271484e-01
        47   -7.6396729920e+01    5.8388954918e+03   -1.5199166990e+02    7.5594939982e+01    3.7330375018e+01    9.1895337630e+00   -1.9851157868e+02    8.1920000000e+03    4.9313948863e-02    3.0866699219e-01
        48   -7.6392048226e+01    5.8383185174e+03   -1.5217217948e+02    7.5780131255e+01    3.7384280876e+01    9.1895337630e+00   -1.9874599412e+02    8.1920000000e+03    4.9310153748e-02    3.0977050781e-01
        49   -7.6388000423e+01    5.8376907786e+03   -1.5234804260e+02    7.5960042178e+01    3.7348572913e+01    9.1895337630e+00   -1.9888614928e+02    8.1920000000e+03    4.9314879496e-02    3.1034912109e-01
        50   -7.6384406134e+01    5.8377427612e+03   -1.5220510238e+02    7.5820696246e+01    3.7333535859e+01    9.1895337630e+00   -1.9872817200e+02    8.1920000000e+03    4.9298987442e-02    3.0771484375e-01
        51   -7.6415952909e+01    5.8430202125e+03   -1.5209105194e+02    7.5675099036e+01    3.7264691098e+01    9.1895337630e+00   -1.9854527681e+02    8.1920000000e+03    4.9307391620e-02    3.1052001953e-01
        52   -7.6389251200e+01    5.8380856864e+03   -1.5258151019e+02    7.6192258988e+01    3.7338104454e+01    9.1895337630e+00   -1.9910914841e+02    8.1920000000e+03    4.9307598171e-02    3.0969726562e-01
        53   -7.6387490338e+01    5.8379541612e+03   -1.5235494206e+02    7.5967451722e+01    3.7292132763e+01    9.1895337630e+00   -1.9883660859e+02    8.1920000000e+03    4.9308024887e-02    3.0955810547e-01
        54   -7.6408596699e+01    5.8406800993e+03   -1.5237559095e+02    7.5966994248e+01    3.7222626957e+01    9.1895337630e+00   -1.9878775167e+02    8.1920000000e+03    4.9299967547e-02    3.0925048828e-01
        55   -7.6440052680e+01    5.8455721399e+03   -1.5249358485e+02    7.6053532166e+01    3.7229168566e+01    9.1895337630e+00   -1.9891228718e+02    8.1920000000e+03    4.9301168153e-02    3.0958496094e-01
        56   -7.6391114958e+01    5.8392221839e+03   -1.5258546139e+02    7.6194346428e+01    3.7245743479e+01    9.1895337630e+00   -1.9902073863e+02    8.1920000000e+03    4.9301407731e-02    3.0883789062e-01
        57   -7.6415642827e+01    5.8426265208e+03   -1.5289344186e+02    7.6477799038e+01    3.7257477848e+01    9.1895337630e+00   -1.9934045348e+02    8.1920000000e+03    4.9305591996e-02    3.1029296875e-01
        58   -7.6414537033e+01    5.8423137318e+03   -1.5309144287e+02    7.6676905834e+01    3.7365593219e+01    9.1895337630e+00   -1.9964656985e+02    8.1920000000e+03    4.9309683506e-02    3.1047607422e-01
        59   -7.6443675458e+01    5.8472055255e+03   -1.5283929898e+02    7.6395623519e+01    3.7228886761e+01    9.1895337630e+00   -1.9925771950e+02    8.1920000000e+03    4.9294544247e-02    3.0921142578e-01
        60   -7.6388945026e+01    5.8378492833e+03   -1.5305108028e+02    7.6662135253e+01    3.7391799898e+01    9.1895337630e+00   -1.9963241394e+02    8.1920000000e+03    4.9305095597e-02    3.0872802734e-01
        61   -7.6396284194e+01    5.8392145886e+03   -1.5275398627e+02    7.6357702081e+01    3.7364880301e+01    9.1895337630e+00   -1.9930840034e+02    8.1920000000e+03    4.9302146856e-02    3.0931396484e-01
        62   -7.6382503132e+01    5.8366092110e+03   -1.5279452625e+02    7.6412023121e+01    3.7261060869e+01    9.1895337630e+00   -1.9924512089e+02    8.1920000000e+03    4.9314016094e-02    3.0989990234e-01
        63   -7.6417549356e+01    5.8421652779e+03   -1.5276341835e+02    7.6345868989e+01    3.7310099076e+01    9.1895337630e+00   -1.9926305118e+02    8.1920000000e+03    4.9319486281e-02    3.1071533203e-01
        64   -7.6396261040e+01    5.8387215357e+03   -1.5267130380e+02    7.6275042764e+01    3.7245575370e+01    9.1895337630e+00   -1.9910641294e+02    8.1920000000e+03    4.9302367779e-02    3.0895996094e-01
        65   -7.6386074074e+01    5.8372304415e+03   -1.5305191268e+02    7.6665838603e+01    3.7274863787e+01    9.1895337630e+00   -1.9951631023e+02    8.1920000000e+03    4.9297918707e-02    3.0873535156e-01
        66   -7.6417481455e+01    5.8426992681e+03   -1.5291328427e+02    7.6495802815e+01    3.7272383971e+01    9.1895337630e+00   -1.9937520200e+02    8.1920000000e+03    4.9310887848e-02    3.0954833984e-01
        67   -7.6383417266e+01    5.8368274466e+03   -1.5300841172e+02    7.6624994455e+01    3.7191847063e+01    9.1895337630e+00   -1.9938979255e+02    8.1920000000e+03    4.9309119405e-02    3.1017578125e-01
        68   -7.6395234583e+01    5.8388445341e+03   -1.5316638408e+02    7.6771149495e+01    3.7234582565e+01    9.1895337630e+00   -1.9959050041e+02    8.1920000000e+03    4.9301464498e-02    3.0978515625e-01
        69   -7.6363462378e+01    5.8348119665e+03   -1.5323699804e+02    7.6873535658e+01    3.7144825055e+01    9.1895337630e+00   -1.9957135685e+02    8.1920000000e+03    4.9308881040e-02    3.1025390625e-01
        70   -7.6347758384e+01    5.8318276891e+03   -1.5332423023e+02    7.6976471849e+01    3.7174811495e+01    9.1895337630e+00   -1.9968857549e+02    8.1920000000e+03    4.9297702658e-02    3.0898437500e-01
        71   -7.6402683735e+01    5.8407665234e+03   -1.5315167556e+02    7.6748991824e+01    3.7221565497e+01    9.1895337630e+00   -1.9956277482e+02    8.1920000000e+03    4.9302583694e-02    3.0943603516e-01
        72   -7.6389993279e+01    5.8385524410e+03   -1.5330582455e+02    7.6915831275e+01    3.7230776451e+01    9.1895337630e+00   -1.9972613477e+02    8.1920000000e+03    4.9305283219e-02    3.0977539063e-01
        73   -7.6397622430e+01    5.8399190971e+03   -1.5332173611e+02    7.6924113681e+01    3.7188241288e+01    9.1895337630e+00   -1.9969951116e+02    8.1920000000e+03    4.9300305806e-02    3.0996826172e-01
        74   -7.6378208933e+01    5.8361550589e+03   -1.5340504651e+02    7.7026837575e+01    3.7159448891e+01    9.1895337630e+00   -1.9975402916e+02    8.1920000000e+03    4.9285022867e-02    3.0901855469e-01
        75   -7.6369782872e+01    5.8348537064e+03   -1.5360717951e+02    7.7237396636e+01    3.7190830397e+01    9.1895337630e+00   -1.9998754367e+02    8.1920000000e+03    4.9303288892e-02    3.0967529297e-01
        76   -7.6380965933e+01    5.8368173726e+03   -1.5375549858e+02    7.7374532649e+01    3.7227492029e+01    9.1895337630e+00   -2.0017252437e+02    8.1920000000e+03    4.9305608793e-02    3.1059814453e-01
        77   -7.6388601907e+01    5.8379048655e+03   -1.5343380067e+02    7.7045198762e+01    3.7201370708e+01    9.1895337630e+00   -1.9982470514e+02    8.1920000000e+03    4.9302228973e-02    3.0840576172e-01
        78   -7.6438692693e+01    5.8461616438e+03   -1.5321914208e+02    7.6780449391e+01    3.7121409134e+01    9.1895337630e+00   -1.9953008498e+02    8.1920000000e+03    4.9298277519e-02    3.0849609375e-01
        79   -7.6402056506e+01    5.8403706324e+03   -1.5320444620e+02    7.6802389693e+01    3.7173838958e+01    9.1895337630e+00   -1.9956781892e+02    8.1920000000e+03    4.9309763010e-02    3.1047851563e-01
