#   index    LocalEnergy         LocalEnergy_sq      LocalPotential      Kinetic             ElecElec            IonIon              IonElec             BlockWeight         BlockCPU            AcceptRatio         
         0   -7.6361963272e+01    5.8341209509e+03   -1.5232140292e+02    7.5959439651e+01    3.7156200935e+01    9.1895337630e+00   -1.9866713762e+02    8.1920000000e+03    4.9304160078e-02    3.0992187500e-01
         1   -7.6401714129e+01    5.8397181432e+03   -1.5245231464e+02    7.6050600511e+01    3.7126597101e+01    9.1895337630e+00   -1.9876844550e+02    8.1920000000e+03    4.9297478176e-02    3.0893798828e-01
         2   -7.6402736601e+01    5.8400836547e+03   -1.5226923989e+02    7.5866503286e+01    3.7153192163e+01    9.1895337630e+00   -1.9861196581e+02    8.1920000000e+03    4.9310053341e-02    3.1001708984e-01
         3   -7.6381770155e+01    5.8370690288e+03   -1.5260313317e+02    7.6221363013e+01    3.7233521467e+01    9.1895337630e+00   -1.9902618840e+02    8.1920000000e+03    4.9308707976e-02    3.0992919922e-01
         4   -7.6392097601e+01    5.8379970270e+03   -1.5240897203e+02    7.6016874427e+01    3.7185563166e+01    9.1895337630e+00   -1.9878406896e+02    8.1920000000e+03    4.9303407148e-02    3.0981689453e-01
         5   -7.6389371364e+01    5.8379644387e+03   -1.5289517556e+02    7.6505804199e+01    3.7203190414e+01    9.1895337630e+00   -1.9928789974e+02    8.1920000000e+03    4.9310595652e-02    3.1013671875e-01
         6   -7.6402509605e+01    5.8403087368e+03   -1.5284900704e+02    7.6446497437e+01    3.7128935517e+01    9.1895337630e+00   -1.9916747632e+02    8.1920000000e+03    4.9300575774e-02    3.0963134766e-01
         7   -7.6407314916e+01    5.8406693860e+03   -1.5258672712e+02    7.6179412203e+01    3.7120878748e+01    9.1895337630e+00   -1.9889713963e+02    8.1920000000e+03    4.9299952594e-02    3.0953857422e-01
         8   -7.6393043584e+01    5.8386675536e+03   -1.5275147164e+02    7.6358428059e+01    3.7199652946e+01    9.1895337630e+00   -1.9914065835e+02    8.1920000000e+03    4.9314026782e-02    3.1002441406e-01
         9   -7.6416935762e+01    5.8420439939e+03   -1.5249679449e+02    7.6079858727e+01    3.7162059581e+01    9.1895337630e+00   -1.9884838783e+02    8.1920000000e+03    4.9290428757e-02    3.0863037109e-01
        10   -7.6394713670e+01    5.8397210973e+03   -1.5261485953e+02    7.6220145855e+01    3.7204214915e+01    9.1895337630e+00   -1.9900860820e+02    8.1920000000e+03    4.9294012546e-02    3.0899658203e-01
        11   -7.6404440923e+01    5.8402666349e+03   -1.5246134782e+02    7.6056906894e+01    3.7243369210e+01    9.1895337630e+00   -1.9889425079e+02    8.1920000000e+03    4.9314409703e-02    3.1034423828e-01
        12   -7.6411910028e+01    5.8415017564e+03   -1.5264890003e+02    7.6236990000e+01    3.7249232726e+01    9.1895337630e+00   -1.9908766652e+02    8.1920000000e+03    4.9297090640e-02    3.0854736328e-01
        13   -7.6391667892e+01    5.8382483877e+03   -1.5216187485e+02    7.5770206957e+01    3.7178951844e+01    9.1895337630e+00   -1.9853036046e+02    8.1920000000e+03    4.9304543268e-02    3.0944824219e-01
        14   -7.6414477384e+01    5.8418220284e+03   -1.5218431386e+02    7.5769836473e+01    3.7202333720e+01    9.1895337630e+00   -1.9857618134e+02    8.1920000000e+03    4.9306402702e-02    3.0877929687e-01
        15   -7.6410225297e+01    5.8414739466e+03   -1.5227120538e+02    7.5860980082e+01    3.7087902683e+01    9.1895337630e+00   -1.9854864182e+02    8.1920000000e+03    4.9311984663e-02    3.1044189453e-01
        16   -7.6397088324e+01    5.8403812838e+03   -1.5242690765e+02    7.6029819326e+01    3.7175805420e+01    9.1895337630e+00   -1.9879224683e+02    8.1920000000e+03    4.9293994623e-02    3.0906250000e-01
        17   -7.6391502998e+01    5.8381380213e+03   -1.5231385661e+02    7.5922353613e+01    3.7217277760e+01    9.1895337630e+00   -1.9872066813e+02    8.1920000000e+03    4.9298006443e-02    3.0891601563e-01
        18   -7.6392274684e+01    5.8385779982e+03   -1.5213005237e+02    7.5737777682e+01    3.7161010287e+01    9.1895337630e+00   -1.9848059642e+02    8.1920000000e+03    4.9288775051e-02    3.0929931641e-01
        19   -7.6408832108e+01    5.8407531272e+03   -1.5210155814e+02    7.5692726029e+01    3.7183027709e+01    9.1895337630e+00   -1.9847411961e+02    8.1920000000e+03    4.9300791842e-02    3.0986328125e-01
        20   -7.6397450890e+01    5.8393551940e+03   -1.5263616982e+02    7.6238718931e+01    3.7294242085e+01    9.1895337630e+00   -1.9911994567e+02    8.1920000000e+03    4.9302090890e-02    3.0915527344e-01
        21   -7.6429358356e+01    5.8447041432e+03   -1.5259847546e+02    7.6169117102e+01    3.7271408639e+01    9.1895337630e+00   -1.9905941786e+02    8.1920000000e+03    4.9295765618e-02    3.0904052734e-01
        22   -7.6409711338e+01    5.8407467518e+03   -1.5221487291e+02    7.5805161570e+01    3.7052636790e+01    9.1895337630e+00   -1.9845704346e+02    8.1920000000e+03    4.9307782394e-02    3.1015380859e-01
        23   -7.6401653512e+01    5.8399300633e+03   -1.5208208155e+02    7.5680428041e+01    3.7219728204e+01    9.1895337630e+00   -1.9849134352e+02    8.1920000000e+03    4.9302501287e-02    3.0892333984e-01
        24   -7.6409557778e+01    5.8418703847e+03   -1.5246090465e+02    7.6051346875e+01    3.7280958675e+01    9.1895337630e+00   -1.9893139709e+02    8.1920000000e+03    4.9307581759e-02    3.0925292969e-01
        25   -7.6421746679e+01    5.8430532200e+03   -1.5223354875e+02    7.5811802071e+01    3.7291313041e+01    9.1895337630e+00   -1.9871439555e+02    8.1920000000e+03    4.9297671401e-02    3.0888671875e-01
        26   -7.6405553505e+01    5.8403913732e+03   -1.5206341234e+02    7.5657858837e+01    3.7246489971e+01    9.1895337630e+00   -1.9849943608e+02    8.1920000000e+03    4.9298445477e-02    3.0922363281e-01
        27   -7.6391705810e+01    5.8386148494e+03   -1.5206534072e+02    7.5673634912e+01    3.7158280622e+01    9.1895337630e+00   -1.9841315511e+02    8.1920000000e+03    4.9297500962e-02    3.0850341797e-01
        28   -7.6377333643e+01    5.8366053219e+03   -1.5245232824e+02    7.6074994597e+01    3.7139193672e+01    9.1895337630e+00   -1.9878105568e+02    8.1920000000e+03    4.9311828776e-02    3.1046875000e-01
        29   -7.6406080211e+01    5.8406427414e+03   -1.5234538868e+02    7.5939308474e+01    3.7151710361e+01    9.1895337630e+00   -1.9868663281e+02    8.1920000000e+03    4.9304027948e-02    3.0968994141e-01
        30   -7.6427431838e+01    5.8446182654e+03   -1.5254349385e+02    7.6116062009e+01    3.7267689157e+01    9.1895337630e+00   -1.9900071677e+02    8.1920000000e+03    4.9318082698e-02    3.1073242188e-01
        31   -7.6432357074e+01    5.8445135086e+03   -1.5246237960e+02    7.6030022524e+01    3.7269054190e+01    9.1895337630e+00   -1.9892096755e+02    8.1920000000e+03    4.9298657109e-02    3.0880859375e-01
        32   -7.6396465714e+01    5.8392675594e+03   -1.5252439070e+02    7.6127924986e+01    3.7272935331e+01    9.1895337630e+00   -1.9898685979e+02    8.1920000000e+03    4.9301110689e-02    3.0907714844e-01
        33   -7.6396518643e+01    5.8388757659e+03   -1.5286668689e+02    7.6470168244e+01    3.7370917151e+01    9.1895337630e+00   -1.9942713780e+02    8.1920000000e+03    4.9309521168e-02    3.0951416016e-01
        34   -7.6393712433e+01    5.8388518722e+03   -1.5286434155e+02    7.6470629115e+01    3.7305164496e+01    9.1895337630e+00   -1.9935903981e+02    8.1920000000e+03    4.9312278882e-02    3.1075683594e-01
        35   -7.6428919791e+01    5.8442479073e+03   -1.5268508467e+02    7.6256164880e+01    3.7335495657e+01    9.1895337630e+00   -1.9921011409e+02    8.1920000000e+03    4.9304863904e-02    3.1009033203e-01
        36   -7.6407848150e+01    5.8437767967e+03   -1.5280483323e+02    7.6396985081e+01    3.7431295918e+01    9.1895337630e+00   -1.9942566291e+02    8.1920000000e+03    4.9306778290e-02    3.0879150391e-01
        37   -7.6391953773e+01    5.8392058184e+03   -1.5243490370e+02    7.6042949931e+01    3.7384774278e+01    9.1895337630e+00   -1.9900921174e+02    8.1920000000e+03    4.9299286898e-02    3.0908935547e-01
        38   -7.6394267904e+01    5.8384905498e+03   -1.5243499198e+02    7.6040724080e+01    3.7189582839e+01    9.1895337630e+00   -1.9881410859e+02    8.1920000000e+03    4.9293004265e-02    3.0873046875e-01
        39   -7.6418333733e+01    5.8424536499e+03   -1.5223219394e+02    7.5813860210e+01    3.7103626887e+01    9.1895337630e+00   -1.9852535459e+02    8.1920000000e+03    4.9314046246e-02    3.1013183594e-01
        40   -7.6410173680e+01    5.8410467341e+03   -1.5210141248e+02    7.5691238795e+01    3.7147016734e+01    9.1895337630e+00   -1.9843796297e+02    8.1920000000e+03    4.9298560460e-02    3.0993408203e-01
        41   -7.6406127494e+01    5.8411710254e+03   -1.5209211556e+02    7.5685988066e+01    3.7232953790e+01    9.1895337630e+00   -1.9851460311e+02    8.1920000000e+03    4.9290966796e-02    3.0888427734e-01
        42   -7.6402681794e+01    5.8397566084e+03   -1.5181335342e+02    7.5410671628e+01    3.7222634503e+01    9.1895337630e+00   -1.9822552169e+02    8.1920000000e+03    4.9298877963e-02    3.0890380859e-01
        43   -7.6440792506e+01    5.8456406246e+03   -1.5211668513e+02    7.5675892627e+01    3.7176633241e+01    9.1895337630e+00   -1.9848285214e+02    8.1920000000e+03    4.9297102339e-02    3.0878417969e-01
        44   -7.6412208196e+01    5.8415733899e+03   -1.5206635733e+02    7.5654149136e+01    3.7214532365e+01    9.1895337630e+00   -1.9847042346e+02    8.1920000000e+03    4.9299305855e-02    3.0910888672e-01
        45   -7.6408022694e+01    5.8413818372e+03   -1.5219644580e+02    7.5788423108e+01    3.7229338797e+01    9.1895337630e+00   -1.9861531836e+02    8.1920000000e+03    4.9318463900e-02    3.1001464844e-01
        46   -7.6443026423e+01    5.8468218214e+03   -1.5166529859e+02    7.5222272165e+01    3.7100134924e+01    9.1895337630e+00   -1.9795496727e+02    8.1920000000e+03    4.9298287065e-02    3.0941894531e-01
        47   -7.6399363803e+01    5.8392706369e+03   -1.5185349502e+02    7.5454131222e+01    3.7216488158e+01    9.1895337630e+00   -1.9825951695e+02    8.1920000000e+03    4.9307922943e-02    3.1004882813e-01
        48   -7.6399325527e+01    5.8393613574e+03   -1.5183334968e+02    7.5434024149e+01    3.7270379625e+01    9.1895337630e+00   -1.9829326306e+02    8.1920000000e+03    4.9296945829e-02    3.0995849609e-01
        49   -7.6384830248e+01    5.8379603332e+03   -1.5144365636e+02    7.5058826112e+01    3.7215885695e+01    9.1895337630e+00   -1.9784907582e+02    8.1920000000e+03    4.9302761860e-02    3.0919677734e-01
        50   -7.6406584048e+01    5.8404816284e+03   -1.5136128770e+02    7.4954703655e+01    3.7228092364e+01    9.1895337630e+00   -1.9777891383e+02    8.1920000000e+03    4.9297353363e-02    3.0933837891e-01
        51   -7.6390398725e+01    5.8381079415e+03   -1.5126358233e+02    7.4873183602e+01    3.7230604167e+01    9.1895337630e+00   -1.9768372026e+02    8.1920000000e+03    4.9307190204e-02    3.0978515625e-01
        52   -7.6403278628e+01    5.8402975076e+03   -1.5112539854e+02    7.4722119910e+01    3.7212709849e+01    9.1895337630e+00   -1.9752764215e+02    8.1920000000e+03    4.9303485135e-02    3.0891113281e-01
        53   -7.6435883311e+01    5.8454735804e+03   -1.5148942361e+02    7.5053540300e+01    3.7191912304e+01    9.1895337630e+00   -1.9787086968e+02    8.1920000000e+03    4.9301014180e-02    3.0955566406e-01
        54   -7.6384110075e+01    5.8376477762e+03   -1.5163561029e+02    7.5251500213e+01    3.7180881534e+01    9.1895337630e+00   -1.9800602558e+02    8.1920000000e+03    4.9288504380e-02    3.0862304688e-01
        55   -7.6422006795e+01    5.8430301465e+03   -1.5163512305e+02    7.5213116257e+01    3.7218260903e+01    9.1895337630e+00   -1.9804291772e+02    8.1920000000e+03    4.9303455407e-02    3.0917480469e-01
        56   -7.6418884920e+01    5.8466458942e+03   -1.5165207685e+02    7.5233191935e+01    3.7130722914e+01    9.1895337630e+00   -1.9797233353e+02    8.1920000000e+03    4.9294227652e-02    3.0940185547e-01
        57   -7.6426279610e+01    5.8441180094e+03   -1.5174545735e+02    7.5319177739e+01    3.7157082999e+01    9.1895337630e+00   -1.9809207411e+02    8.1920000000e+03    4.9283778050e-02    3.0859863281e-01
        58   -7.6405052316e+01    5.8406438766e+03   -1.5175391765e+02    7.5348865334e+01    3.7147965499e+01    9.1895337630e+00   -1.9809141691e+02    8.1920000000e+03    4.9297120866e-02    3.0839843750e-01
        59   -7.6393471936e+01    5.8401810262e+03   -1.5201294239e+02    7.5619470455e+01    3.7157638301e+01    9.1895337630e+00   -1.9836011445e+02    8.1920000000e+03    4.9298931531e-02    3.0956542969e-01
        60   -7.6439735066e+01    5.8451913331e+03   -1.5211108620e+02    7.5671351138e+01    3.7109063191e+01    9.1895337630e+00   -1.9840968316e+02    8.1920000000e+03    4.9297409126e-02    3.1038330078e-01
        61   -7.6406821470e+01    5.8404614086e+03   -1.5204190204e+02    7.5635080569e+01    3.7173563083e+01    9.1895337630e+00   -1.9840499889e+02    8.1920000000e+03    4.9318949637e-02    3.1062255859e-01
        62   -7.6400979880e+01    5.8393760320e+03   -1.5210819796e+02    7.5707218076e+01    3.7099644407e+01    9.1895337630e+00   -1.9839737613e+02    8.1920000000e+03    4.9295080729e-02    3.0987304688e-01
        63   -7.6394722981e+01    5.8388264378e+03   -1.5206334037e+02    7.5668617393e+01    3.7169045694e+01    9.1895337630e+00   -1.9842191983e+02    8.1920000000e+03    4.9301340714e-02    3.0945068359e-01
        64   -7.6419108778e+01    5.8430320706e+03   -1.5224756384e+02    7.5828455062e+01    3.7248786615e+01    9.1895337630e+00   -1.9868588422e+02    8.1920000000e+03    4.9311841339e-02    3.0950927734e-01
        65   -7.6409027294e+01    5.8417555249e+03   -1.5212254015e+02    7.5713512852e+01    3.7168525204e+01    9.1895337630e+00   -1.9848059911e+02    8.1920000000e+03    4.9300319897e-02    3.0908935547e-01
        66   -7.6389035775e+01    5.8378675423e+03   -1.5210545812e+02    7.5716422349e+01    3.7187870522e+01    9.1895337630e+00   -1.9848286241e+02    8.1920000000e+03    4.9302674088e-02    3.0891601563e-01
        67   -7.6382550815e+01    5.8367207049e+03   -1.5221272179e+02    7.5830170972e+01    3.7236070946e+01    9.1895337630e+00   -1.9863832650e+02    8.1920000000e+03    4.9317635571e-02    3.0906982422e-01
        68   -7.6430589534e+01    5.8454551339e+03   -1.5230863158e+02    7.5878042043e+01    3.7224334111e+01    9.1895337630e+00   -1.9872249945e+02    8.1920000000e+03    4.9302099626e-02    3.0940185547e-01
        69   -7.6378267826e+01    5.8369409487e+03   -1.5215519891e+02    7.5776931085e+01    3.7176646859e+01    9.1895337630e+00   -1.9852137953e+02    8.1920000000e+03    4.9309520800e-02    3.1006835937e-01
        70   -7.6403773622e+01    5.8405611255e+03   -1.5239032038e+02    7.5986546755e+01    3.7292080093e+01    9.1895337630e+00   -1.9887193423e+02    8.1920000000e+03    4.9313379691e-02    3.1013916016e-01
        71   -7.6407986083e+01    5.8407044293e+03   -1.5209833347e+02    7.5690347391e+01    3.7267015493e+01    9.1895337630e+00   -1.9855488273e+02    8.1920000000e+03    4.9306463681e-02    3.0983886719e-01
        72   -7.6402845058e+01    5.8405227191e+03   -1.5213197644e+02    7.5729131385e+01    3.7214660991e+01    9.1895337630e+00   -1.9853617120e+02    8.1920000000e+03    4.9302016730e-02    3.1040039063e-01
        73   -7.6424780959e+01    5.8432567449e+03   -1.5237668600e+02    7.5951905044e+01    3.7150956371e+01    9.1895337630e+00   -1.9871717614e+02    8.1920000000e+03    4.9300258817e-02    3.0985839844e-01
        74   -7.6377820324e+01    5.8363655954e+03   -1.5239009420e+02    7.6012273876e+01    3.7226370757e+01    9.1895337630e+00   -1.9880599872e+02    8.1920000000e+03    4.9309416598e-02    3.0967773438e-01
        75   -7.6387994256e+01    5.8389147916e+03   -1.5249949335e+02    7.6111499098e+01    3.7121845497e+01    9.1895337630e+00   -1.9881087261e+02    8.1920000000e+03    4.9369899445e-02    3.1084960938e-01
        76   -7.6411360590e+01    5.8413384752e+03   -1.5270988201e+02    7.6298521420e+01    3.7096649142e+01    9.1895337630e+00   -1.9899606492e+02    8.1920000000e+03    4.9307718747e-02    3.0969726562e-01
        77   -7.6415107945e+01    5.8420743895e+03   -1.5257774210e+02    7.6162634151e+01    3.7052913316e+01    9.1895337630e+00   -1.9882018918e+02    8.1920000000e+03    4.9314701910e-02    3.1036621094e-01
        78   -7.6384894781e+01    5.8370282729e+03   -1.5244514179e+02    7.6060247012e+01    3.7059239924e+01    9.1895337630e+00   -1.9869391548e+02    8.1920000000e+03    4.9293892612e-02    3.1008056641e-01
        79   -7.6395692240e+01    5.8387878255e+03   -1.5245986449e+02    7.6064172246e+01    3.7121644950e+01    9.1895337630e+00   -1.9877104320e+02    8.1920000000e+03    4.9301207964e-02    3.0954833984e-01
