#   index    LocalEnergy         LocalEnergy_sq      LocalPotential      Kinetic             ElecElec            IonIon              IonElec             BlockWeight         BlockCPU            AcceptRatio         
         0   -7.6423868983e+01    5.8446292241e+03   -1.5415211423e+02    7.7728245243e+01    3.7393942986e+01    9.1895337630e+00   -2.0073559098e+02    8.1920000000e+03    4.7225284667e-02    3.1087402344e-01
         1   -7.6398456268e+01    5.8400338112e+03   -1.5406601899e+02    7.7667562721e+01    3.7420085685e+01    9.1895337630e+00   -2.0067563844e+02    8.1920000000e+03    4.7233648889e-02    3.1046875000e-01
         2   -7.6405397553e+01    5.8416717252e+03   -1.5432882775e+02    7.7923430201e+01    3.7358021325e+01    9.1895337630e+00   -2.0087638284e+02    8.1920000000e+03    4.7241586608e-02    3.0894775391e-01
         3   -7.6415420270e+01    5.8425120941e+03   -1.5439565108e+02    7.7980230806e+01    3.7316795250e+01    9.1895337630e+00   -2.0090198009e+02    8.1920000000e+03    4.7237104490e-02    3.0966552734e-01
         4   -7.6403373570e+01    5.8410423628e+03   -1.5422986840e+02    7.7826494831e+01    3.7344793200e+01    9.1895337630e+00   -2.0076419536e+02    8.1920000000e+03    4.7232680445e-02    3.0859130859e-01
         5   -7.6402736474e+01    5.8403488219e+03   -1.5440379797e+02    7.8001061496e+01    3.7372485435e+01    9.1895337630e+00   -2.0096581717e+02    8.1920000000e+03    4.7241056803e-02    3.0985839844e-01
         6   -7.6401234164e+01    5.8408440201e+03   -1.5425408856e+02    7.7852854393e+01    3.7330065327e+01    9.1895337630e+00   -2.0077368765e+02    8.1920000000e+03    4.7236988982e-02    3.1038574219e-01
         7   -7.6387660611e+01    5.8385942326e+03   -1.5412592710e+02    7.7738266486e+01    3.7362619737e+01    9.1895337630e+00   -2.0067808060e+02    8.1920000000e+03    4.7236224134e-02    3.0996337891e-01
         8   -7.6377628798e+01    5.8371100589e+03   -1.5406758262e+02    7.7689953820e+01    3.7356001093e+01    9.1895337630e+00   -2.0061311747e+02    8.1920000000e+03    4.7240594939e-02    3.0828857422e-01
         9   -7.6390023061e+01    5.8391576222e+03   -1.5414363680e+02    7.7753613739e+01    3.7335930985e+01    9.1895337630e+00   -2.0066910155e+02    8.1920000000e+03    4.7234314887e-02    3.0928466797e-01
        10   -7.6438625278e+01    5.8472653966e+03   -1.5451064683e+02    7.8072021551e+01    3.7398235245e+01    9.1895337630e+00   -2.0109841584e+02    8.1920000000e+03    4.7228624766e-02    3.0825195312e-01
        11   -7.6378440687e+01    5.8372394673e+03   -1.5434972870e+02    7.7971288010e+01    3.7429296712e+01    9.1895337630e+00   -2.0096855917e+02    8.1920000000e+03    4.7244655443e-02    3.0938720703e-01
        12   -7.6387043963e+01    5.8382448912e+03   -1.5413666669e+02    7.7749622732e+01    3.7363049808e+01    9.1895337630e+00   -2.0068925027e+02    8.1920000000e+03    4.7229473457e-02    3.1006347656e-01
        13   -7.6385034920e+01    5.8378584617e+03   -1.5434057218e+02    7.7955537260e+01    3.7397565280e+01    9.1895337630e+00   -2.0092767122e+02    8.1920000000e+03    4.7237322197e-02    3.1088623047e-01
        14   -7.6413374319e+01    5.8426062019e+03   -1.5402201259e+02    7.7608638267e+01    3.7229744103e+01    9.1895337630e+00   -2.0044129045e+02    8.1920000000e+03    4.7240112094e-02    3.0906738281e-01
        15   -7.6406463331e+01    5.8412476889e+03   -1.5432926479e+02    7.7922801455e+01    3.7352437689e+01    9.1895337630e+00   -2.0087123624e+02    8.1920000000e+03    4.7236283799e-02    3.0974121094e-01
        16   -7.6424989111e+01    5.8442976748e+03   -1.5419871285e+02    7.7773723736e+01    3.7310003605e+01    9.1895337630e+00   -2.0069825022e+02    8.1920000000e+03    4.7232408353e-02    3.0913085938e-01
        17   -7.6391139699e+01    5.8393052941e+03   -1.5410815450e+02    7.7717014801e+01    3.7245762615e+01    9.1895337630e+00   -2.0054345088e+02    8.1920000000e+03    4.7242770705e-02    3.0936279297e-01
        18   -7.6369537059e+01    5.8364578833e+03   -1.5400271382e+02    7.7633176757e+01    3.7310000186e+01    9.1895337630e+00   -2.0050224777e+02    8.1920000000e+03    4.7232923345e-02    3.0984619141e-01
        19   -7.6408583990e+01    5.8416669110e+03   -1.5357658655e+02    7.7168002557e+01    3.7270136502e+01    9.1895337630e+00   -2.0003625681e+02    8.1920000000e+03    4.7233380159e-02    3.0970458984e-01
        20   -7.6388341390e+01    5.8396571107e+03   -1.5409022431e+02    7.7701882920e+01    3.7322907199e+01    9.1895337630e+00   -2.0060266527e+02    8.1920000000e+03    4.7231526197e-02    3.0981445312e-01
        21   -7.6425349447e+01    5.8440778868e+03   -1.5374143390e+02    7.7316084452e+01    3.7331245699e+01    9.1895337630e+00   -2.0026221336e+02    8.1920000000e+03    4.7245120088e-02    3.0954345703e-01
        22   -7.6401655828e+01    5.8404294476e+03   -1.5394060478e+02    7.7538948954e+01    3.7307321813e+01    9.1895337630e+00   -2.0043746036e+02    8.1920000000e+03    4.7232590057e-02    3.0989013672e-01
        23   -7.6363904126e+01    5.8461058506e+03   -1.5360714196e+02    7.7243237832e+01    3.7368428188e+01    9.1895337630e+00   -2.0016510391e+02    8.1920000000e+03    4.7235633620e-02    3.0984619141e-01
        24   -7.6393780470e+01    5.8395938751e+03   -1.5367337895e+02    7.7279598478e+01    3.7317463817e+01    9.1895337630e+00   -2.0018037653e+02    8.1920000000e+03    4.7241207397e-02    3.1014648438e-01
        25   -7.6419005757e+01    5.8429594066e+03   -1.5332747905e+02    7.6908473298e+01    3.7275909102e+01    9.1895337630e+00   -1.9979292192e+02    8.1920000000e+03    4.7232431901e-02    3.0877929688e-01
        26   -7.6445708811e+01    5.8473488000e+03   -1.5336261535e+02    7.6916906541e+01    3.7210672616e+01    9.1895337630e+00   -1.9976282173e+02    8.1920000000e+03    4.7234810727e-02    3.1067382812e-01
        27   -7.6438996215e+01    5.8466376882e+03   -1.5380554113e+02    7.7366544914e+01    3.7306780523e+01    9.1895337630e+00   -2.0030185541e+02    8.1920000000e+03    4.7247587355e-02    3.0986083984e-01
        28   -7.6395020176e+01    5.8404415110e+03   -1.5369936903e+02    7.7304348855e+01    3.7357335004e+01    9.1895337630e+00   -2.0024623780e+02    8.1920000000e+03    4.7231637961e-02    3.0956054688e-01
        29   -7.6428788971e+01    5.8452718414e+03   -1.5341869365e+02    7.6989904674e+01    3.7268805240e+01    9.1895337630e+00   -1.9987703265e+02    8.1920000000e+03    4.7231993982e-02    3.0943847656e-01
        30   -7.6411214868e+01    5.8425275913e+03   -1.5350692919e+02    7.7095714320e+01    3.7262918181e+01    9.1895337630e+00   -1.9995938113e+02    8.1920000000e+03    4.7241565511e-02    3.0983886719e-01
        31   -7.6387464058e+01    5.8398192994e+03   -1.5350215994e+02    7.7114695884e+01    3.7250711373e+01    9.1895337630e+00   -1.9994240508e+02    8.1920000000e+03    4.7239462020e-02    3.1046142578e-01
        32   -7.6338351947e+01    5.8320116187e+03   -1.5369244438e+02    7.7354092428e+01    3.7212177913e+01    9.1895337630e+00   -2.0009415605e+02    8.1920000000e+03    4.7228189536e-02    3.0806396484e-01
        33   -7.6375325525e+01    5.8367435239e+03   -1.5410000262e+02    7.7724677095e+01    3.7220789325e+01    9.1895337630e+00   -2.0051032571e+02    8.1920000000e+03    4.7243838217e-02    3.0980224609e-01
        34   -7.6411209444e+01    5.8432514630e+03   -1.5439893308e+02    7.7987723634e+01    3.7266876251e+01    9.1895337630e+00   -2.0085534309e+02    8.1920000000e+03    4.7233908707e-02    3.0931884766e-01
        35   -7.6414801340e+01    5.8426299585e+03   -1.5423840342e+02    7.7823602079e+01    3.7155535936e+01    9.1895337630e+00   -2.0058347312e+02    8.1920000000e+03    4.7237568680e-02    3.0972656250e-01
        36   -7.6370338099e+01    5.8384453592e+03   -1.5420944399e+02    7.7839105889e+01    3.7161128055e+01    9.1895337630e+00   -2.0056010581e+02    8.1920000000e+03    4.7237292267e-02    3.0957275391e-01
        37   -7.6381631298e+01    5.8376366090e+03   -1.5414322662e+02    7.7761595322e+01    3.7160027582e+01    9.1895337630e+00   -2.0049278796e+02    8.1920000000e+03    4.7234699128e-02    3.1025390625e-01
        38   -7.6388745399e+01    5.8383510957e+03   -1.5419693192e+02    7.7808186524e+01    3.7171836402e+01    9.1895337630e+00   -2.0055830209e+02    8.1920000000e+03    4.7229853176e-02    3.0863769531e-01
        39   -7.6369665117e+01    5.8357796982e+03   -1.5431447272e+02    7.7944807600e+01    3.7264643152e+01    9.1895337630e+00   -2.0076864963e+02    8.1920000000e+03    4.7243537413e-02    3.0893310547e-01
        40   -7.6414381233e+01    5.8425590727e+03   -1.5443363654e+02    7.8019255309e+01    3.7272588652e+01    9.1895337630e+00   -2.0089575896e+02    8.1920000000e+03    4.7230859096e-02    3.0914794922e-01
        41   -7.6392391280e+01    5.8391505547e+03   -1.5425650782e+02    7.7864116537e+01    3.7195842381e+01    9.1895337630e+00   -2.0064188396e+02    8.1920000000e+03    4.7230530084e-02    3.0737060547e-01
        42   -7.6408017556e+01    5.8414413478e+03   -1.5467256515e+02    7.8264547598e+01    3.7296983390e+01    9.1895337630e+00   -2.0115908231e+02    8.1920000000e+03    4.7240926057e-02    3.0925292969e-01
        43   -7.6412932462e+01    5.8422004469e+03   -1.5469685964e+02    7.8283927179e+01    3.7239886751e+01    9.1895337630e+00   -2.0112628015e+02    8.1920000000e+03    4.7230896643e-02    3.0920898437e-01
        44   -7.6402653638e+01    5.8404766257e+03   -1.5449600032e+02    7.8093346685e+01    3.7200870532e+01    9.1895337630e+00   -2.0088640462e+02    8.1920000000e+03    4.7228664717e-02    3.0841552734e-01
        45   -7.6378045640e+01    5.8371252295e+03   -1.5475734699e+02    7.8379301349e+01    3.7238096553e+01    9.1895337630e+00   -2.0118497730e+02    8.1920000000e+03    4.7236125398e-02    3.1128173828e-01
        46   -7.6384676067e+01    5.8382448951e+03   -1.5486921871e+02    7.8484542647e+01    3.7185133163e+01    9.1895337630e+00   -2.0124388564e+02    8.1920000000e+03    4.7245467367e-02    3.1080322266e-01
        47   -7.6396438947e+01    5.8399491965e+03   -1.5481753035e+02    7.8421091407e+01    3.7308263541e+01    9.1895337630e+00   -2.0131532766e+02    8.1920000000e+03    4.7233342408e-02    3.0911376953e-01
        48   -7.6402785436e+01    5.8409571075e+03   -1.5474935302e+02    7.8346567581e+01    3.7337894887e+01    9.1895337630e+00   -2.0127678167e+02    8.1920000000e+03    4.7231663634e-02    3.1083007812e-01
        49   -7.6370277936e+01    5.8359342980e+03   -1.5437849011e+02    7.8008212178e+01    3.7293172798e+01    9.1895337630e+00   -2.0086119667e+02    8.1920000000e+03    4.7241992546e-02    3.0931396484e-01
        50   -7.6341582318e+01    5.8316033343e+03   -1.5425718871e+02    7.7915606393e+01    3.7271014928e+01    9.1895337630e+00   -2.0071773740e+02    8.1920000000e+03    4.7233060255e-02    3.0967529297e-01
        51   -7.6340894030e+01    5.8322851738e+03   -1.5405464591e+02    7.7713751881e+01    3.7273107302e+01    9.1895337630e+00   -2.0051728698e+02    8.1920000000e+03    4.7240537783e-02    3.1036376953e-01
        52   -7.6352268524e+01    5.8335702966e+03   -1.5414155660e+02    7.7789288071e+01    3.7276137602e+01    9.1895337630e+00   -2.0060722796e+02    8.1920000000e+03    4.7242190355e-02    3.0941650391e-01
        53   -7.6369325960e+01    5.8353340685e+03   -1.5382623012e+02    7.7456904159e+01    3.7302460230e+01    9.1895337630e+00   -2.0031822411e+02    8.1920000000e+03    4.7235853226e-02    3.1041259766e-01
        54   -7.6383257470e+01    5.8378553979e+03   -1.5381705571e+02    7.7433798240e+01    3.7341034648e+01    9.1895337630e+00   -2.0034762412e+02    8.1920000000e+03    4.7232049317e-02    3.0945068359e-01
        55   -7.6393985481e+01    5.8408633381e+03   -1.5404135099e+02    7.7647365504e+01    3.7391530655e+01    9.1895337630e+00   -2.0062241540e+02    8.1920000000e+03    4.7246209825e-02    3.0823730469e-01
        56   -7.6364469526e+01    5.8348720827e+03   -1.5404893477e+02    7.7684465247e+01    3.7368803037e+01    9.1895337630e+00   -2.0060727157e+02    8.1920000000e+03    4.7232887838e-02    3.1053222656e-01
        57   -7.6376421200e+01    5.8363908794e+03   -1.5389120726e+02    7.7514786059e+01    3.7339008064e+01    9.1895337630e+00   -2.0041974909e+02    8.1920000000e+03    4.7232289263e-02    3.0984619141e-01
        58   -7.6378495962e+01    5.8368912863e+03   -1.5398869818e+02    7.7610202219e+01    3.7322953686e+01    9.1895337630e+00   -2.0050118563e+02    8.1920000000e+03    4.7242893886e-02    3.0901855469e-01
        59   -7.6364813008e+01    5.8352274329e+03   -1.5445727506e+02    7.8092462052e+01    3.7353405649e+01    9.1895337630e+00   -2.0100021447e+02    8.1920000000e+03    4.7236383559e-02    3.0999755859e-01
        60   -7.6379839716e+01    5.8372154727e+03   -1.5447587057e+02    7.8096030854e+01    3.7279988499e+01    9.1895337630e+00   -2.0094539283e+02    8.1920000000e+03    4.7233801297e-02    3.1075439453e-01
        61   -7.6435163752e+01    5.8455808801e+03   -1.5415505954e+02    7.7719895789e+01    3.7150003554e+01    9.1895337630e+00   -2.0049459686e+02    8.1920000000e+03    4.7241396091e-02    3.0873779297e-01
        62   -7.6406685817e+01    5.8413577254e+03   -1.5459091898e+02    7.8184233163e+01    3.7266297400e+01    9.1895337630e+00   -2.0104675014e+02    8.1920000000e+03    4.7236332991e-02    3.0998046875e-01
        63   -7.6420632738e+01    5.8470081608e+03   -1.5504263997e+02    7.8622007234e+01    3.7373871177e+01    9.1895337630e+00   -2.0160604491e+02    8.1920000000e+03    4.7237563093e-02    3.1003173828e-01
        64   -7.6359343645e+01    5.8341863312e+03   -1.5472520786e+02    7.8365864217e+01    3.7375893780e+01    9.1895337630e+00   -2.0129063541e+02    8.1920000000e+03    4.7237607545e-02    3.0935791016e-01
        65   -7.6389516773e+01    5.8392249451e+03   -1.5445918470e+02    7.8069667931e+01    3.7261740559e+01    9.1895337630e+00   -2.0091045903e+02    8.1920000000e+03    4.7230284671e-02    3.0750244141e-01
        66   -7.6368652840e+01    5.8382414665e+03   -1.5484939634e+02    7.8480743504e+01    3.7271932416e+01    9.1895337630e+00   -2.0131086252e+02    8.1920000000e+03    4.7234862657e-02    3.1022216797e-01
        67   -7.6377185417e+01    5.8371627683e+03   -1.5468637045e+02    7.8309185031e+01    3.7287480629e+01    9.1895337630e+00   -2.0116338484e+02    8.1920000000e+03    4.7246331574e-02    3.0962158203e-01
        68   -7.6377204918e+01    5.8374643313e+03   -1.5458059242e+02    7.8203387505e+01    3.7303676357e+01    9.1895337630e+00   -2.0107380254e+02    8.1920000000e+03    4.7231144512e-02    3.0868896484e-01
        69   -7.6391761565e+01    5.8393370605e+03   -1.5450417002e+02    7.8112408451e+01    3.7273117784e+01    9.1895337630e+00   -2.0096682156e+02    8.1920000000e+03    4.7233970522e-02    3.0911132813e-01
        70   -7.6394876778e+01    5.8397106371e+03   -1.5478523775e+02    7.8390360976e+01    3.7311209020e+01    9.1895337630e+00   -2.0128598054e+02    8.1920000000e+03    4.7240758291e-02    3.0884033203e-01
        71   -7.6388570782e+01    5.8490838196e+03   -1.5475642949e+02    7.8367858713e+01    3.7264904873e+01    9.1895337630e+00   -2.0121086813e+02    8.1920000000e+03    4.7237199076e-02    3.1039550781e-01
        72   -7.6388037203e+01    5.8384938117e+03   -1.5479981102e+02    7.8411773817e+01    3.7364820893e+01    9.1895337630e+00   -2.0135416568e+02    8.1920000000e+03    4.7234343400e-02    3.1040527344e-01
        73   -7.6379915903e+01    5.8371475570e+03   -1.5462661988e+02    7.8246703975e+01    3.7262207434e+01    9.1895337630e+00   -2.0107836107e+02    8.1920000000e+03    4.7231731510e-02    3.0951904297e-01
        74   -7.6343517080e+01    5.8326680199e+03   -1.5463734896e+02    7.8293831883e+01    3.7324653063e+01    9.1895337630e+00   -2.0115153579e+02    8.1920000000e+03    4.7239937680e-02    3.0965087891e-01
        75   -7.6389358173e+01    5.8389747538e+03   -1.5439257545e+02    7.8003217279e+01    3.7296791451e+01    9.1895337630e+00   -2.0087890067e+02    8.1920000000e+03    4.7234704263e-02    3.0944580078e-01
        76   -7.6340818863e+01    5.8313844185e+03   -1.5432556495e+02    7.7984746089e+01    3.7288168056e+01    9.1895337630e+00   -2.0080326677e+02    8.1920000000e+03    4.7226972785e-02    3.1000244141e-01
        77   -7.6353333922e+01    5.8331693079e+03   -1.5435225262e+02    7.7998918700e+01    3.7265952003e+01    9.1895337630e+00   -2.0080773839e+02    8.1920000000e+03    4.7244698634e-02    3.0875488281e-01
        78   -7.6366454523e+01    5.8352077220e+03   -1.5426236144e+02    7.7895906920e+01    3.7209389311e+01    9.1895337630e+00   -2.0066128452e+02    8.1920000000e+03    4.7234707564e-02    3.0993652344e-01
        79   -7.6357766175e+01    5.8355742579e+03   -1.5424040042e+02    7.7882634247e+01    3.7244823562e+01    9.1895337630e+00   -2.0067475775e+02    8.1920000000e+03    4.7238726758e-02    3.0885009766e-01
