#   index    LocalEnergy         LocalEnergy_sq      LocalPotential      Kinetic             ElecElec            IonIon              ElecIon             BlockWeight         BlockCPU            AcceptRatio         
         0   -7.6350380211e+01    5.8313837043e+03   -1.4588974204e+02    6.9539361831e+01    3.7155077890e+01    9.2930681183e+00   -1.9233788805e+02    2.0480000000e+03    2.4330485350e-01    3.8743652344e-01
         1   -7.6343506245e+01    5.8300036252e+03   -1.4590774898e+02    6.9564242733e+01    3.7264312944e+01    9.2930681183e+00   -1.9246513004e+02    2.0480000000e+03    2.6015740519e-01    3.8960937500e-01
         2   -7.6360338894e+01    5.8328566788e+03   -1.5246943301e+02    7.6109094115e+01    3.7377467576e+01    9.2930681183e+00   -1.9913996870e+02    2.0480000000e+03    2.6694865269e-01    3.8605468750e-01
         3   -7.6374382371e+01    5.8349519527e+03   -1.3657566115e+02    6.0201278778e+01    3.6913376303e+01    9.2930681183e+00   -1.8278210557e+02    2.0480000000e+03    2.6432260050e-01    3.8909179687e-01
         4   -7.6367164230e+01    5.8338695169e+03   -1.3949407251e+02    6.3126908284e+01    3.6982475890e+01    9.2930681183e+00   -1.8576961652e+02    2.0480000000e+03    2.6330076957e-01    3.8719726563e-01
         5   -7.6400367517e+01    5.8391474411e+03   -1.4858335942e+02    7.2182991898e+01    3.7232976029e+01    9.2930681183e+00   -1.9510940356e+02    2.0480000000e+03    2.6564057400e-01    3.8702636719e-01
         6   -7.6365414984e+01    5.8338719486e+03   -1.5143146393e+02    7.5066048941e+01    3.7675654562e+01    9.2930681183e+00   -1.9840018661e+02    2.0480000000e+03    2.6239294863e-01    3.8665527344e-01
         7   -7.6439983274e+01    5.8457729753e+03   -1.5552834906e+02    7.9088365782e+01    3.7360979105e+01    9.2930681183e+00   -2.0218239628e+02    2.0480000000e+03    2.6257148393e-01    3.8736816406e-01
         8   -7.6327510223e+01    5.8275501351e+03   -1.4126542808e+02    6.4937917857e+01    3.7610122556e+01    9.2930681183e+00   -1.8816861875e+02    2.0480000000e+03    2.6116936925e-01    3.8690429687e-01
         9   -7.6422289553e+01    5.8425232112e+03   -1.5931041603e+02    8.2888126482e+01    3.8141594360e+01    9.2930681183e+00   -2.0674507851e+02    2.0480000000e+03    2.6453123481e-01    3.8709472656e-01
        10   -7.6301909505e+01    5.8240382772e+03   -1.5325918752e+02    7.6957278012e+01    3.7514825779e+01    9.2930681183e+00   -2.0006708141e+02    2.0480000000e+03    2.5963188100e-01    3.8869140625e-01
        11   -7.6362164498e+01    5.8333802287e+03   -1.5101350176e+02    7.4651337260e+01    3.7477835829e+01    9.2930681183e+00   -1.9778440571e+02    2.0480000000e+03    2.6598806094e-01    3.8449218750e-01
        12   -7.6310442848e+01    5.8253753784e+03   -2.0217633428e+02    1.2586589143e+02    3.6942100406e+01    9.2930681183e+00   -2.4841150281e+02    2.0480000000e+03    2.6481481856e-01    3.8997070312e-01
        13   -7.6282443979e+01    5.8214077899e+03   -1.6787402921e+02    9.1591585228e+01    3.7246001307e+01    9.2930681183e+00   -2.1441309863e+02    2.0480000000e+03    2.5710769075e-01    3.8709960937e-01
        14   -7.6303656563e+01    5.8241647326e+03   -1.5529584711e+02    7.8992190543e+01    3.7455133805e+01    9.2930681183e+00   -2.0204404903e+02    2.0480000000e+03    2.6153252156e-01    3.8519042969e-01
        15   -7.6287088367e+01    5.8218775634e+03   -1.5112329766e+02    7.4836209297e+01    3.6922382349e+01    9.2930681183e+00   -1.9733874813e+02    2.0480000000e+03    2.6647309918e-01    3.8781250000e-01
        16   -7.6294546146e+01    5.8228212296e+03   -1.5466283656e+02    7.8368290419e+01    3.7934353214e+01    9.2930681183e+00   -2.0189025790e+02    2.0480000000e+03    2.5264718319e-01    3.8677734375e-01
        17   -7.6279775605e+01    5.8211508758e+03   -1.4518265207e+02    6.8902876465e+01    3.7177132732e+01    9.2930681183e+00   -1.9165285292e+02    2.0480000000e+03    2.6377688912e-01    3.8894042969e-01
        18   -7.6358248945e+01    5.8322219186e+03   -1.3552109074e+02    5.9162841793e+01    3.7177378597e+01    9.2930681183e+00   -1.8199153745e+02    2.0480000000e+03    2.6074308606e-01    3.8780761719e-01
        19   -7.6307870411e+01    5.8248845414e+03   -1.6202651555e+02    8.5718645137e+01    3.7046352282e+01    9.2930681183e+00   -2.0836593595e+02    2.0480000000e+03    2.5664922500e-01    3.8624511719e-01
        20   -7.6320102649e+01    5.8264314206e+03   -1.4256043348e+02    6.6240330836e+01    3.7578524201e+01    9.2930681183e+00   -1.8943202580e+02    2.0480000000e+03    2.6053140762e-01    3.8794921875e-01
        21   -7.6439575975e+01    5.8447435121e+03   -1.5331701373e+02    7.6877437760e+01    3.7883600811e+01    9.2930681183e+00   -2.0049368266e+02    2.0480000000e+03    2.5795093481e-01    3.8819824219e-01
        22   -7.6403107330e+01    5.8391001809e+03   -1.4301347745e+02    6.6610370123e+01    3.7329904251e+01    9.2930681183e+00   -1.8963644982e+02    2.0480000000e+03    2.6507818443e-01    3.8711425781e-01
        23   -7.6369303528e+01    5.8343566009e+03   -1.4350091003e+02    6.7131606497e+01    3.7373659065e+01    9.2930681183e+00   -1.9016763721e+02    2.0480000000e+03    2.5962677882e-01    3.8848632813e-01
        24   -7.6278226822e+01    5.8205507437e+03   -1.4494146755e+02    6.8663240723e+01    3.6980560630e+01    9.2930681183e+00   -1.9121509629e+02    2.0480000000e+03    2.5974127413e-01    3.8938476563e-01
        25   -7.6323498452e+01    5.8269260670e+03   -1.3168638160e+02    5.5362883147e+01    3.7081413395e+01    9.2930681183e+00   -1.7806086311e+02    2.0480000000e+03    2.6920651225e-01    3.8789062500e-01
        26   -7.6398828207e+01    5.8387568864e+03   -1.3805021959e+02    6.1651391379e+01    3.7059482823e+01    9.2930681183e+00   -1.8440277053e+02    2.0480000000e+03    2.5023958619e-01    3.8563476562e-01
        27   -7.6425719378e+01    5.8430568570e+03   -1.5628148262e+02    7.9855763239e+01    3.7600062916e+01    9.2930681183e+00   -2.0317461365e+02    2.0480000000e+03    2.5951204812e-01    3.8712402344e-01
        28   -7.6358692775e+01    5.8333416428e+03   -1.5347967810e+02    7.7120985329e+01    3.6943435959e+01    9.2930681183e+00   -1.9971618218e+02    2.0480000000e+03    2.6804056844e-01    3.8920898437e-01
        29   -7.6358321540e+01    5.8333966224e+03   -1.4761815204e+02    7.1259830500e+01    3.7574512629e+01    9.2930681183e+00   -1.9448573279e+02    2.0480000000e+03    2.6832232169e-01    3.8761230469e-01
        30   -7.6405563437e+01    5.8392864545e+03   -1.4233749949e+02    6.5931936058e+01    3.6967575618e+01    9.2930681183e+00   -1.8859814323e+02    2.0480000000e+03    2.6369152925e-01    3.8814453125e-01
        31   -7.6395200016e+01    5.8382212650e+03   -1.6595792589e+02    8.9562725870e+01    3.7832391430e+01    9.2930681183e+00   -2.1308338543e+02    2.0480000000e+03    2.6202916326e-01    3.8935058594e-01
        32   -7.6344881785e+01    5.8308136578e+03   -1.5305648682e+02    7.6711605036e+01    3.7784001336e+01    9.2930681183e+00   -2.0013355627e+02    2.0480000000e+03    2.5983004925e-01    3.8635253906e-01
        33   -7.6285277596e+01    5.8215388072e+03   -1.4648603186e+02    7.0200754260e+01    3.7408268105e+01    9.2930681183e+00   -1.9318736808e+02    2.0480000000e+03    2.5979015688e-01    3.8729003906e-01
        34   -7.6365911220e+01    5.8338825259e+03   -1.5407376261e+02    7.7707851389e+01    3.7006759406e+01    9.2930681183e+00   -2.0037359013e+02    2.0480000000e+03    2.6013833812e-01    3.8847167969e-01
        35   -7.6358086331e+01    5.8327153687e+03   -1.5498764172e+02    7.8629555384e+01    3.7690233833e+01    9.2930681183e+00   -2.0197094367e+02    2.0480000000e+03    2.6232266882e-01    3.8560058594e-01
        36   -7.6415377910e+01    5.8410946260e+03   -1.5883363825e+02    8.2418260338e+01    3.7541131670e+01    9.2930681183e+00   -2.0566783804e+02    2.0480000000e+03    2.6506347057e-01    3.8592773437e-01
        37   -7.6335438873e+01    5.8289439690e+03   -1.4170871780e+02    6.5373278924e+01    3.6888773170e+01    9.2930681183e+00   -1.8789055909e+02    2.0480000000e+03    2.6728664894e-01    3.8971191406e-01
        38   -7.6415450673e+01    5.8412233055e+03   -1.6278991492e+02    8.6374464244e+01    3.7358166294e+01    9.2930681183e+00   -2.0944114933e+02    2.0480000000e+03    2.6255142475e-01    3.8748535156e-01
        39   -7.6363179132e+01    5.8333435855e+03   -1.4277259570e+02    6.6409416570e+01    3.8011997356e+01    9.2930681183e+00   -1.9007766118e+02    2.0480000000e+03    2.6570572581e-01    3.8905761719e-01
        40   -7.6361342682e+01    5.8339163589e+03   -1.3713127923e+02    6.0769936548e+01    3.6857787768e+01    9.2930681183e+00   -1.8328213512e+02    2.0480000000e+03    2.5843666625e-01    3.9034179687e-01
        41   -7.6322398531e+01    5.8269493273e+03   -1.4332593219e+02    6.7003533656e+01    3.7385766576e+01    9.2930681183e+00   -1.9000476688e+02    2.0480000000e+03    2.5712955682e-01    3.8760253906e-01
        42   -7.6325370944e+01    5.8273213331e+03   -1.3598078247e+02    5.9655411521e+01    3.6796820647e+01    9.2930681183e+00   -1.8207067123e+02    2.0480000000e+03    2.6616312931e-01    3.8858398437e-01
        43   -7.6314958429e+01    5.8258473491e+03   -1.8504278738e+02    1.0872782896e+02    3.7083809397e+01    9.2930681183e+00   -2.3141966490e+02    2.0480000000e+03    2.6609007806e-01    3.8869140625e-01
        44   -7.6327567713e+01    5.8279514748e+03   -1.5366864001e+02    7.7341072300e+01    3.6964839596e+01    9.2930681183e+00   -1.9992654773e+02    2.0480000000e+03    2.5650545119e-01    3.8941406250e-01
        45   -7.6276600391e+01    5.8206329668e+03   -1.6002747378e+02    8.3750873391e+01    3.7563907743e+01    9.2930681183e+00   -2.0688444964e+02    2.0480000000e+03    2.6587908831e-01    3.8733398437e-01
        46   -7.6364086864e+01    5.8336859074e+03   -1.4879853653e+02    7.2434449671e+01    3.7283937624e+01    9.2930681183e+00   -1.9537554228e+02    2.0480000000e+03    2.5826364981e-01    3.8835937500e-01
        47   -7.6357062659e+01    5.8322842776e+03   -1.5759674857e+02    8.1239685915e+01    3.7294691162e+01    9.2930681183e+00   -2.0418450786e+02    2.0480000000e+03    2.5460515994e-01    3.8776367187e-01
        48   -7.6359124063e+01    5.8334003644e+03   -1.4703751659e+02    7.0678392525e+01    3.7351262276e+01    9.2930681183e+00   -1.9368184698e+02    2.0480000000e+03    2.5577764675e-01    3.8546875000e-01
        49   -7.6372863705e+01    5.8354950567e+03   -1.4340003226e+02    6.7027168557e+01    3.7313771774e+01    9.2930681183e+00   -1.9000687215e+02    2.0480000000e+03    2.6704265763e-01    3.8772949219e-01
        50   -7.6309506891e+01    5.8251786260e+03   -1.5518223403e+02    7.8872727137e+01    3.6971555258e+01    9.2930681183e+00   -2.0144685740e+02    2.0480000000e+03    2.6469095656e-01    3.8575683594e-01
        51   -7.6409500000e+01    5.8402450049e+03   -1.5643139712e+02    8.0021897116e+01    3.6900371856e+01    9.2930681183e+00   -2.0262483709e+02    2.0480000000e+03    2.5413983356e-01    3.8816894531e-01
        52   -7.6401198000e+01    5.8404362630e+03   -1.3948865911e+02    6.3087461106e+01    3.7287492800e+01    9.2930681183e+00   -1.8606922002e+02    2.0480000000e+03    2.5974344244e-01    3.8773437500e-01
        53   -7.6302307160e+01    5.8235787249e+03   -1.4862342532e+02    7.2321118164e+01    3.6937913378e+01    9.2930681183e+00   -1.9485440682e+02    2.0480000000e+03    2.6416261025e-01    3.8724121094e-01
        54   -7.6346529072e+01    5.8305570631e+03   -1.4865717204e+02    7.2310642968e+01    3.7383811508e+01    9.2930681183e+00   -1.9533405167e+02    2.0480000000e+03    2.6418570694e-01    3.8516601562e-01
        55   -7.6372713127e+01    5.8346699448e+03   -1.4331174260e+02    6.6939029477e+01    3.7234018326e+01    9.2930681183e+00   -1.8983882905e+02    2.0480000000e+03    2.5715611987e-01    3.8576660156e-01
        56   -7.6363591160e+01    5.8332370678e+03   -1.4020574910e+02    6.3842157941e+01    3.6911800802e+01    9.2930681183e+00   -1.8641061802e+02    2.0480000000e+03    2.6106056238e-01    3.8947265625e-01
        57   -7.6326557087e+01    5.8277833117e+03   -1.5043092141e+02    7.4104364321e+01    3.7053286966e+01    9.2930681183e+00   -1.9677727649e+02    2.0480000000e+03    2.6412647456e-01    3.8617675781e-01
        58   -7.6348546296e+01    5.8307387886e+03   -1.4161306561e+02    6.5264519313e+01    3.7381868718e+01    9.2930681183e+00   -1.8828800244e+02    2.0480000000e+03    2.6513554969e-01    3.8850097656e-01
        59   -7.6432114740e+01    5.8434795741e+03   -1.6467495457e+02    8.8242839827e+01    3.7531749143e+01    9.2930681183e+00   -2.1149977183e+02    2.0480000000e+03    2.5527796631e-01    3.8650878906e-01
        60   -7.6401958514e+01    5.8388323602e+03   -1.4800312992e+02    7.1601171403e+01    3.7003305088e+01    9.2930681183e+00   -1.9429950312e+02    2.0480000000e+03    2.6226595394e-01    3.8821777344e-01
        61   -7.6396717763e+01    5.8392801582e+03   -1.5909997264e+02    8.2703254879e+01    3.8030855146e+01    9.2930681183e+00   -2.0642389591e+02    2.0480000000e+03    2.6042482682e-01    3.8520996094e-01
        62   -7.6315043428e+01    5.8263513228e+03   -1.6650268843e+02    9.0187645000e+01    3.7447980882e+01    9.2930681183e+00   -2.1324373743e+02    2.0480000000e+03    2.5616596231e-01    3.8658203125e-01
        63   -7.6395007580e+01    5.8386026353e+03   -1.4982426337e+02    7.3429255785e+01    3.7137486507e+01    9.2930681183e+00   -1.9625481799e+02    2.0480000000e+03    2.5609068419e-01    3.8984863281e-01
        64   -7.6286325419e+01    5.8234249409e+03   -1.6676261733e+02    9.0476291907e+01    3.7633596272e+01    9.2930681183e+00   -2.1368928172e+02    2.0480000000e+03    2.6542412888e-01    3.8743652344e-01
        65   -7.6359456259e+01    5.8325772336e+03   -1.4624327762e+02    6.9883821357e+01    3.7211701131e+01    9.2930681183e+00   -1.9274804686e+02    2.0480000000e+03    2.6165378844e-01    3.8756835938e-01
        66   -7.6369729190e+01    5.8343805469e+03   -1.5392135482e+02    7.7551625628e+01    3.7490633972e+01    9.2930681183e+00   -2.0070505691e+02    2.0480000000e+03    2.6336444050e-01    3.8793945312e-01
        67   -7.6341112698e+01    5.8296775610e+03   -1.5007852983e+02    7.3737417130e+01    3.7109136022e+01    9.2930681183e+00   -1.9648073397e+02    2.0480000000e+03    2.6530987762e-01    3.8778320313e-01
        68   -7.6312510785e+01    5.8258759618e+03   -1.4667181391e+02    7.0359303125e+01    3.7550733708e+01    9.2930681183e+00   -1.9351561574e+02    2.0480000000e+03    2.5857774544e-01    3.8676269531e-01
        69   -7.6427579553e+01    5.8432359442e+03   -1.5617360130e+02    7.9746021751e+01    3.7497893437e+01    9.2930681183e+00   -2.0296456286e+02    2.0480000000e+03    2.5787547694e-01    3.8839843750e-01
        70   -7.6282305920e+01    5.8212281815e+03   -1.5343517211e+02    7.7152866185e+01    3.7078572662e+01    9.2930681183e+00   -1.9980681289e+02    2.0480000000e+03    2.6687098337e-01    3.8733398437e-01
        71   -7.6378464257e+01    5.8354229897e+03   -1.4772584700e+02    7.1347382744e+01    3.7281375544e+01    9.2930681183e+00   -1.9430029066e+02    2.0480000000e+03    2.6388354075e-01    3.8717773438e-01
        72   -7.6392735335e+01    5.8374801954e+03   -1.5517559796e+02    7.8782862626e+01    3.7881002672e+01    9.2930681183e+00   -2.0234966875e+02    2.0480000000e+03    2.6011305125e-01    3.8827636719e-01
        73   -7.6396040000e+01    5.8384975256e+03   -1.4618358065e+02    6.9787540645e+01    3.7279087478e+01    9.2930681183e+00   -1.9275573624e+02    2.0480000000e+03    2.6125153625e-01    3.8971191406e-01
        74   -7.6378036295e+01    5.8357291656e+03   -1.6897575313e+02    9.2597716840e+01    3.7882368972e+01    9.2930681183e+00   -2.1615119022e+02    2.0480000000e+03    2.5732164925e-01    3.8669921875e-01
        75   -7.6362486647e+01    5.8331085974e+03   -1.4727403349e+02    7.0911546845e+01    3.7267140016e+01    9.2930681183e+00   -1.9383424163e+02    2.0480000000e+03    2.6936776880e-01    3.8644531250e-01
        76   -7.6351723703e+01    5.8311569363e+03   -1.4129503288e+02    6.4943309180e+01    3.6845270758e+01    9.2930681183e+00   -1.8743337176e+02    2.0480000000e+03    2.6281240250e-01    3.8821289062e-01
        77   -7.6302655636e+01    5.8241458884e+03   -1.5158228465e+02    7.5279629014e+01    3.6840214116e+01    9.2930681183e+00   -1.9771556688e+02    2.0480000000e+03    2.5539515800e-01    3.8912109375e-01
        78   -7.6279949135e+01    5.8203260696e+03   -1.6281619726e+02    8.6536248126e+01    3.7085461015e+01    9.2930681183e+00   -2.0919472639e+02    2.0480000000e+03    2.6049041250e-01    3.8602539063e-01
        79   -7.6348320560e+01    5.8323574180e+03   -1.5849998860e+02    8.2151668044e+01    3.7308825139e+01    9.2930681183e+00   -2.0510188186e+02    2.0480000000e+03    2.6058815281e-01    3.8654296875e-01
        80   -7.6321395487e+01    5.8286094098e+03   -1.4414507408e+02    6.7823678597e+01    3.7179725846e+01    9.2930681183e+00   -1.9061786805e+02    2.0480000000e+03    2.5756525662e-01    3.8670410156e-01
        81   -7.6359930908e+01    5.8323919591e+03   -1.4693990993e+02    7.0579979018e+01    3.7158509737e+01    9.2930681183e+00   -1.9339148778e+02    2.0480000000e+03    2.5971334375e-01    3.8782226562e-01
        82   -7.6410819014e+01    5.8404521473e+03   -1.3919827781e+02    6.2787458792e+01    3.7113369294e+01    9.2930681183e+00   -1.8560471522e+02    2.0480000000e+03    2.6351621581e-01    3.8907714844e-01
        83   -7.6472449750e+01    5.8499492062e+03   -1.4972944712e+02    7.3256997368e+01    3.7301504266e+01    9.2930681183e+00   -1.9632401950e+02    2.0480000000e+03    2.5600188132e-01    3.8685058594e-01
        84   -7.6351731911e+01    5.8314964410e+03   -1.6045262732e+02    8.4100895406e+01    3.7025759173e+01    9.2930681183e+00   -2.0677145461e+02    2.0480000000e+03    2.5915376869e-01    3.8650390625e-01
        85   -7.6392364620e+01    5.8375060527e+03   -1.4522455670e+02    6.8832192081e+01    3.7700865845e+01    9.2930681183e+00   -1.9221849067e+02    2.0480000000e+03    2.6465270093e-01    3.8623046875e-01
        86   -7.6419507061e+01    5.8420932687e+03   -1.5389721331e+02    7.7477706250e+01    3.7699837599e+01    9.2930681183e+00   -2.0089011903e+02    2.0480000000e+03    2.6421025725e-01    3.8789062500e-01
        87   -7.6356100209e+01    5.8328683408e+03   -1.6507862204e+02    8.8722521826e+01    3.7500331767e+01    9.2930681183e+00   -2.1187202192e+02    2.0480000000e+03    2.6182855794e-01    3.8655273437e-01
        88   -7.6296174720e+01    5.8232318801e+03   -1.5093530542e+02    7.4639130704e+01    3.7305947267e+01    9.2930681183e+00   -1.9753432081e+02    2.0480000000e+03    2.6218181669e-01    3.8763671875e-01
        89   -7.6321152789e+01    5.8278500985e+03   -1.5536567497e+02    7.9044522181e+01    3.7370962341e+01    9.2930681183e+00   -2.0202970543e+02    2.0480000000e+03    2.6179445987e-01    3.8715332031e-01
        90   -7.6278623359e+01    5.8207524444e+03   -1.5181975951e+02    7.5541136155e+01    3.7311219931e+01    9.2930681183e+00   -1.9842404756e+02    2.0480000000e+03    2.6287256281e-01    3.8441894531e-01
        91   -7.6293789772e+01    5.8231691767e+03   -1.6182221838e+02    8.5528428605e+01    3.8176119429e+01    9.2930681183e+00   -2.0929140592e+02    2.0480000000e+03    2.6382248644e-01    3.8699707031e-01
        92   -7.6393833954e+01    5.8380528296e+03   -1.4433669276e+02    6.7942858807e+01    3.6923204652e+01    9.2930681183e+00   -1.9055296553e+02    2.0480000000e+03    2.6500069013e-01    3.8912597656e-01
        93   -7.6348609302e+01    5.8313163324e+03   -1.4117856758e+02    6.4829958280e+01    3.7122772174e+01    9.2930681183e+00   -1.8759440787e+02    2.0480000000e+03    2.6052925512e-01    3.9022460938e-01
        94   -7.6360487514e+01    5.8352212324e+03   -1.5362428980e+02    7.7263802287e+01    3.7927238230e+01    9.2930681183e+00   -2.0084459615e+02    2.0480000000e+03    2.5820322744e-01    3.8692871094e-01
        95   -7.6465084473e+01    5.8499763294e+03   -1.5328976814e+02    7.6824683668e+01    3.7747247917e+01    9.2930681183e+00   -2.0033008418e+02    2.0480000000e+03    2.5783183425e-01    3.8662597656e-01
        96   -7.6394468962e+01    5.8379009021e+03   -1.5259406119e+02    7.6199592225e+01    3.7424074487e+01    9.2930681183e+00   -1.9931120379e+02    2.0480000000e+03    2.6335807743e-01    3.8563964844e-01
        97   -7.6345610527e+01    5.8311935095e+03   -1.4252093461e+02    6.6175324085e+01    3.7605206115e+01    9.2930681183e+00   -1.8941920885e+02    2.0480000000e+03    2.6144607856e-01    3.8724121094e-01
        98   -7.6312135224e+01    5.8254876121e+03   -1.6028211092e+02    8.3969975693e+01    3.7691744008e+01    9.2930681183e+00   -2.0726692304e+02    2.0480000000e+03    2.6293905356e-01    3.8708984375e-01
        99   -7.6355907424e+01    5.8319718449e+03   -1.5438622575e+02    7.8030318323e+01    3.7355278880e+01    9.2930681183e+00   -2.0103457275e+02    2.0480000000e+03    2.6677890775e-01    3.8706054688e-01
