#   index    LocalEnergy         LocalEnergy_sq      LocalPotential      Kinetic             ElecElec            IonIon              ElecIon             BlockWeight         BlockCPU            AcceptRatio         
         0   -7.6261621132e+01    5.8189627085e+03   -1.4324870435e+02    6.6987083217e+01    3.7834852762e+01    9.2930681183e+00   -1.9037662523e+02    2.0480000000e+03    2.2493003801e-01    3.8733398437e-01
         1   -7.6387116353e+01    5.8455986379e+03   -1.5673609512e+02    8.0348978772e+01    3.7680322925e+01    9.2930681183e+00   -2.0370948617e+02    2.0480000000e+03    2.4948315937e-01    3.8814453125e-01
         2   -7.6182571634e+01    5.8064133033e+03   -1.4091323971e+02    6.4730668080e+01    3.7172865639e+01    9.2930681183e+00   -1.8737917347e+02    2.0480000000e+03    2.5875181075e-01    3.8934570312e-01
         3   -7.6309512278e+01    5.8266256075e+03   -1.5411951708e+02    7.7810004800e+01    3.7234212895e+01    9.2930681183e+00   -2.0064679809e+02    2.0480000000e+03    2.5600343818e-01    3.9112792969e-01
         4   -7.6315474736e+01    5.8302959416e+03   -1.5366948495e+02    7.7354010210e+01    3.7482111329e+01    9.2930681183e+00   -2.0044466439e+02    2.0480000000e+03    2.6404876944e-01    3.8875000000e-01
         5   -7.6220615000e+01    5.8124932158e+03   -1.3880266835e+02    6.2582053346e+01    3.6974617700e+01    9.2930681183e+00   -1.8507035416e+02    2.0480000000e+03    2.5852933057e-01    3.9032714844e-01
         6   -7.6253835157e+01    5.8177047261e+03   -1.5678787293e+02    8.0534037777e+01    3.7864984257e+01    9.2930681183e+00   -2.0394592531e+02    2.0480000000e+03    2.5763291756e-01    3.8815429687e-01
         7   -7.6347259677e+01    5.8317518187e+03   -1.4012119725e+02    6.3773937572e+01    3.7945747070e+01    9.2930681183e+00   -1.8736001244e+02    2.0480000000e+03    2.5850993425e-01    3.8873046875e-01
         8   -7.6234057859e+01    5.8142703924e+03   -1.4695990109e+02    7.0725843231e+01    3.7303171089e+01    9.2930681183e+00   -1.9355614030e+02    2.0480000000e+03    2.5712522450e-01    3.8834472656e-01
         9   -7.6216527947e+01    5.8118921590e+03   -1.3659728407e+02    6.0380756119e+01    3.7356303895e+01    9.2930681183e+00   -1.8324665608e+02    2.0480000000e+03    2.5085529712e-01    3.9008300781e-01
        10   -7.6262175800e+01    5.8195819532e+03   -1.5187774381e+02    7.5615568007e+01    3.7611050826e+01    9.2930681183e+00   -1.9878186275e+02    2.0480000000e+03    2.5604895713e-01    3.8910644531e-01
        11   -7.6295287312e+01    5.8238557460e+03   -1.5235869984e+02    7.6063412528e+01    3.7820296253e+01    9.2930681183e+00   -1.9947206421e+02    2.0480000000e+03    2.5867788313e-01    3.8845703125e-01
        12   -7.6267012183e+01    5.8194069351e+03   -1.4327740616e+02    6.7010393972e+01    3.7453877603e+01    9.2930681183e+00   -1.9002435188e+02    2.0480000000e+03    2.5949788294e-01    3.8838867188e-01
        13   -7.6173361032e+01    5.8061904192e+03   -1.6147886609e+02    8.5305505059e+01    3.7714011286e+01    9.2930681183e+00   -2.0848594549e+02    2.0480000000e+03    2.6492330625e-01    3.9031250000e-01
        14   -7.6321034127e+01    5.8280915500e+03   -1.6449231149e+02    8.8171277367e+01    3.7736524981e+01    9.2930681183e+00   -2.1152190459e+02    2.0480000000e+03    2.6077498144e-01    3.8979492188e-01
        15   -7.6407895383e+01    5.8416857227e+03   -1.6508450637e+02    8.8676610991e+01    3.9024851160e+01    9.2930681183e+00   -2.1340242565e+02    2.0480000000e+03    2.5988647038e-01    3.8814941406e-01
        16   -7.6260198390e+01    5.8186043128e+03   -1.5582005446e+02    7.9559856066e+01    3.7769316606e+01    9.2930681183e+00   -2.0288243918e+02    2.0480000000e+03    2.5227017212e-01    3.9018554688e-01
        17   -7.6256383087e+01    5.8177636153e+03   -1.4339865103e+02    6.7142267944e+01    3.7206300050e+01    9.2930681183e+00   -1.8989801920e+02    2.0480000000e+03    2.6390854793e-01    3.9133300781e-01
        18   -7.6173370774e+01    5.8059741617e+03   -1.4821605116e+02    7.2042680383e+01    3.7603856162e+01    9.2930681183e+00   -1.9511297544e+02    2.0480000000e+03    2.5769792119e-01    3.9003906250e-01
        19   -7.6390119953e+01    5.8387338383e+03   -1.6102121637e+02    8.4631096422e+01    3.7784790685e+01    9.2930681183e+00   -2.0809907518e+02    2.0480000000e+03    2.5667428069e-01    3.8941894531e-01
        20   -7.6314153747e+01    5.8272245879e+03   -1.4892977788e+02    7.2615624130e+01    3.7393339326e+01    9.2930681183e+00   -1.9561618532e+02    2.0480000000e+03    2.5050173325e-01    3.8763183594e-01
        21   -7.6292860359e+01    5.8237217500e+03   -1.5574362765e+02    7.9450767293e+01    3.7476110062e+01    9.2930681183e+00   -2.0251280583e+02    2.0480000000e+03    2.5672355519e-01    3.8966796875e-01
        22   -7.6243793960e+01    5.8165974334e+03   -1.4416182202e+02    6.7918028057e+01    3.7480438309e+01    9.2930681183e+00   -1.9093532844e+02    2.0480000000e+03    2.5368022662e-01    3.8948242187e-01
        23   -7.6292387902e+01    5.8236318705e+03   -1.5054242158e+02    7.4250033677e+01    3.7561584172e+01    9.2930681183e+00   -1.9739707387e+02    2.0480000000e+03    2.6167717843e-01    3.8941894531e-01
        24   -7.6326901120e+01    5.8290050683e+03   -1.5193361723e+02    7.5606716107e+01    3.7441927671e+01    9.2930681183e+00   -1.9866861302e+02    2.0480000000e+03    2.5958668612e-01    3.8986328125e-01
        25   -7.6300056043e+01    5.8246056249e+03   -1.7499189693e+02    9.8691840887e+01    3.8012365560e+01    9.2930681183e+00   -2.2229733061e+02    2.0480000000e+03    2.5707675412e-01    3.8900390625e-01
        26   -7.6194095934e+01    5.8098205057e+03   -1.7373970235e+02    9.7545606415e+01    3.7319507607e+01    9.2930681183e+00   -2.2035227807e+02    2.0480000000e+03    2.5744392737e-01    3.9062500000e-01
        27   -7.6239514209e+01    5.8153885361e+03   -1.4178644933e+02    6.5546935119e+01    3.7408640303e+01    9.2930681183e+00   -1.8848815775e+02    2.0480000000e+03    2.6190503131e-01    3.9140136719e-01
        28   -7.6172951698e+01    5.8051037810e+03   -1.4163346196e+02    6.5460510259e+01    3.7643744634e+01    9.2930681183e+00   -1.8857027471e+02    2.0480000000e+03    2.6290878507e-01    3.8948242188e-01
        29   -7.6152662413e+01    5.8018116482e+03   -1.4114024769e+02    6.4987585282e+01    3.7301299697e+01    9.2930681183e+00   -1.8773461551e+02    2.0480000000e+03    2.5987682662e-01    3.9012207031e-01
        30   -7.6354104594e+01    5.8330866172e+03   -1.4919491519e+02    7.2840810591e+01    3.7487030229e+01    9.2930681183e+00   -1.9597501353e+02    2.0480000000e+03    2.5989351969e-01    3.8888671875e-01
        31   -7.6259763820e+01    5.8186270607e+03   -1.5020665081e+02    7.3946886990e+01    3.7989814448e+01    9.2930681183e+00   -1.9748953338e+02    2.0480000000e+03    2.5905254025e-01    3.8731445313e-01
        32   -7.6341399539e+01    5.8312331083e+03   -1.4840588265e+02    7.2064483114e+01    3.7150909076e+01    9.2930681183e+00   -1.9484985985e+02    2.0480000000e+03    2.5913755331e-01    3.8918945313e-01
        33   -7.6278157370e+01    5.8223625784e+03   -1.4993158170e+02    7.3653424328e+01    3.8001844606e+01    9.2930681183e+00   -1.9722649442e+02    2.0480000000e+03    2.5391698300e-01    3.8823242188e-01
        34   -7.6230277850e+01    5.8143321163e+03   -1.5205327310e+02    7.5822995255e+01    3.7903764522e+01    9.2930681183e+00   -1.9925010574e+02    2.0480000000e+03    2.5565422250e-01    3.8571777344e-01
        35   -7.6349753254e+01    5.8322402072e+03   -1.5076813636e+02    7.4418383102e+01    3.7516202455e+01    9.2930681183e+00   -1.9757740693e+02    2.0480000000e+03    2.6634520449e-01    3.8884765625e-01
        36   -7.6327679801e+01    5.8379581906e+03   -1.5723943966e+02    8.0911759857e+01    3.7808387354e+01    9.2930681183e+00   -2.0434089513e+02    2.0480000000e+03    2.5870818257e-01    3.8808105469e-01
        37   -7.6324829891e+01    5.8328353921e+03   -1.5477446809e+02    7.8449638197e+01    3.7695957953e+01    9.2930681183e+00   -2.0176349416e+02    2.0480000000e+03    2.5979210406e-01    3.9014648437e-01
        38   -7.6191497598e+01    5.8083521383e+03   -1.4927650436e+02    7.3085006766e+01    3.7751131156e+01    9.2930681183e+00   -1.9632070364e+02    2.0480000000e+03    2.5758322944e-01    3.8886718750e-01
        39   -7.6182501517e+01    5.8071543000e+03   -1.5340625572e+02    7.7223754203e+01    3.7427197353e+01    9.2930681183e+00   -2.0012652119e+02    2.0480000000e+03    2.6315252844e-01    3.8914062500e-01
        40   -7.6242271141e+01    5.8156388043e+03   -1.4248465090e+02    6.6242379757e+01    3.7538764936e+01    9.2930681183e+00   -1.8931648395e+02    2.0480000000e+03    2.6109648013e-01    3.8901367188e-01
        41   -7.6267509635e+01    5.8203174251e+03   -1.4825506015e+02    7.1987550516e+01    3.7579524013e+01    9.2930681183e+00   -1.9512765228e+02    2.0480000000e+03    2.5741842669e-01    3.8918457031e-01
        42   -7.6269935236e+01    5.8201108959e+03   -1.4831602573e+02    7.2046090499e+01    3.7396942490e+01    9.2930681183e+00   -1.9500603634e+02    2.0480000000e+03    2.5792752138e-01    3.8937988281e-01
        43   -7.6318076734e+01    5.8303431032e+03   -1.4450535879e+02    6.8187282053e+01    3.7223639219e+01    9.2930681183e+00   -1.9102206612e+02    2.0480000000e+03    2.5972799693e-01    3.9035644531e-01
        44   -7.6232021359e+01    5.8147288654e+03   -1.4022623038e+02    6.3994209018e+01    3.7585971015e+01    9.2930681183e+00   -1.8710526951e+02    2.0480000000e+03    2.5674461925e-01    3.9071777344e-01
        45   -7.6316104758e+01    5.8268782524e+03   -1.4847679782e+02    7.2160693067e+01    3.7690668643e+01    9.2930681183e+00   -1.9546053459e+02    2.0480000000e+03    2.5548476688e-01    3.8848632813e-01
        46   -7.6187657215e+01    5.8091547565e+03   -1.4742538974e+02    7.1237732529e+01    3.7272975627e+01    9.2930681183e+00   -1.9399143349e+02    2.0480000000e+03    2.6153860044e-01    3.8957519531e-01
        47   -7.6415858197e+01    5.8424750476e+03   -1.5234135257e+02    7.5925494371e+01    3.7634337215e+01    9.2930681183e+00   -1.9926875790e+02    2.0480000000e+03    2.6076489581e-01    3.9051269531e-01
        48   -7.6316353785e+01    5.8273412045e+03   -1.4761966710e+02    7.1303313315e+01    3.7793552779e+01    9.2930681183e+00   -1.9470628800e+02    2.0480000000e+03    2.6267460187e-01    3.9143554687e-01
        49   -7.6206445631e+01    5.8106063709e+03   -1.4706795936e+02    7.0861513733e+01    3.7462001759e+01    9.2930681183e+00   -1.9382302924e+02    2.0480000000e+03    2.5889670400e-01    3.9004394531e-01
        50   -7.6130881594e+01    5.7986711448e+03   -1.4203136666e+02    6.5900485066e+01    3.7198404560e+01    9.2930681183e+00   -1.8852283934e+02    2.0480000000e+03    2.6290777582e-01    3.9044433594e-01
        51   -7.6207831942e+01    5.8109043543e+03   -1.4202047226e+02    6.5812640322e+01    3.7757726081e+01    9.2930681183e+00   -1.8907126646e+02    2.0480000000e+03    2.5985168706e-01    3.8914062500e-01
        52   -7.6223460845e+01    5.8127914826e+03   -1.4250112191e+02    6.6277661064e+01    3.7555836433e+01    9.2930681183e+00   -1.8935002646e+02    2.0480000000e+03    2.6264088719e-01    3.8698730469e-01
        53   -7.6315396687e+01    5.8269705767e+03   -1.5071921370e+02    7.4403817011e+01    3.7461464650e+01    9.2930681183e+00   -1.9747374647e+02    2.0480000000e+03    2.6714473138e-01    3.8981445312e-01
        54   -7.6237963296e+01    5.8155316819e+03   -1.5370522706e+02    7.7467263760e+01    3.8150265816e+01    9.2930681183e+00   -2.0114856099e+02    2.0480000000e+03    2.5666136412e-01    3.8928710937e-01
        55   -7.6238643893e+01    5.8156249508e+03   -1.6251066732e+02    8.6272023426e+01    3.7692108942e+01    9.2930681183e+00   -2.0949584438e+02    2.0480000000e+03    2.5389786663e-01    3.8768066406e-01
        56   -7.6343721561e+01    5.8316763602e+03   -1.5348553128e+02    7.7141809717e+01    3.7577776228e+01    9.2930681183e+00   -2.0035637562e+02    2.0480000000e+03    2.6911279787e-01    3.8832031250e-01
        57   -7.6441697448e+01    5.8469531614e+03   -1.4946334047e+02    7.3021643020e+01    3.7732254248e+01    9.2930681183e+00   -1.9648866283e+02    2.0480000000e+03    2.6574288713e-01    3.8934570312e-01
        58   -7.6386307126e+01    5.8383341461e+03   -1.5609258636e+02    7.9706279233e+01    3.7686904565e+01    9.2930681183e+00   -2.0307255904e+02    2.0480000000e+03    2.5494097844e-01    3.8928710937e-01
        59   -7.6280229419e+01    5.8217352962e+03   -1.4252215654e+02    6.6241927120e+01    3.7661989803e+01    9.2930681183e+00   -1.8947721446e+02    2.0480000000e+03    2.6261047825e-01    3.8730468750e-01
        60   -7.6170690005e+01    5.8047143295e+03   -1.4593542733e+02    6.9764737322e+01    3.7404548524e+01    9.2930681183e+00   -1.9263304397e+02    2.0480000000e+03    2.6322495987e-01    3.8992187500e-01
        61   -7.6254685189e+01    5.8176927087e+03   -1.5861313028e+02    8.2358445092e+01    3.7304368336e+01    9.2930681183e+00   -2.0521056674e+02    2.0480000000e+03    2.6617109613e-01    3.8802734375e-01
        62   -7.6380251026e+01    5.8370576354e+03   -1.5412610745e+02    7.7745856423e+01    3.8013817302e+01    9.2930681183e+00   -2.0143299287e+02    2.0480000000e+03    2.5447130469e-01    3.8659179688e-01
        63   -7.6177913204e+01    5.8064920562e+03   -1.4074282238e+02    6.4564909179e+01    3.7326051662e+01    9.2930681183e+00   -1.8736194216e+02    2.0480000000e+03    2.6687166281e-01    3.8975585938e-01
        64   -7.6305496734e+01    5.8263175791e+03   -1.6417829919e+02    8.7872802461e+01    3.8146605261e+01    9.2930681183e+00   -2.1161797257e+02    2.0480000000e+03    2.5869122056e-01    3.8765625000e-01
        65   -7.6192714340e+01    5.8098013037e+03   -1.4119931534e+02    6.5006600998e+01    3.7399624652e+01    9.2930681183e+00   -1.8789200811e+02    2.0480000000e+03    2.6226651218e-01    3.8700195312e-01
        66   -7.6259440635e+01    5.8196488646e+03   -1.4940578000e+02    7.3146339369e+01    3.7758575712e+01    9.2930681183e+00   -1.9645742383e+02    2.0480000000e+03    2.5839599212e-01    3.8963867188e-01
        67   -7.6256735019e+01    5.8180156816e+03   -1.4021117716e+02    6.3954442143e+01    3.7323696367e+01    9.2930681183e+00   -1.8682794165e+02    2.0480000000e+03    2.6098550556e-01    3.8897460938e-01
        68   -7.6170605819e+01    5.8049665290e+03   -1.5310169540e+02    7.6931089580e+01    3.7444895246e+01    9.2930681183e+00   -1.9983965876e+02    2.0480000000e+03    2.6464196362e-01    3.8889648438e-01
        69   -7.6247108672e+01    5.8169644109e+03   -1.4794908401e+02    7.1701975341e+01    3.7011509015e+01    9.2930681183e+00   -1.9425366115e+02    2.0480000000e+03    2.6265859738e-01    3.9112304687e-01
        70   -7.6336258830e+01    5.8304189521e+03   -1.5142988709e+02    7.5093628256e+01    3.7654422172e+01    9.2930681183e+00   -1.9837737738e+02    2.0480000000e+03    2.6539245943e-01    3.9187011719e-01
        71   -7.6240328588e+01    5.8157423556e+03   -1.5185234193e+02    7.5612013346e+01    3.7444702879e+01    9.2930681183e+00   -1.9859011293e+02    2.0480000000e+03    2.6471208363e-01    3.8997558594e-01
        72   -7.6297577853e+01    5.8243698497e+03   -1.4909839935e+02    7.2800821501e+01    3.7549344040e+01    9.2930681183e+00   -1.9594081151e+02    2.0480000000e+03    2.5637022906e-01    3.8913085938e-01
        73   -7.6239244947e+01    5.8154068091e+03   -1.5312852464e+02    7.6889279688e+01    3.7373561143e+01    9.2930681183e+00   -1.9979515390e+02    2.0480000000e+03    2.5998074824e-01    3.9150390625e-01
        74   -7.6325676079e+01    5.8285438332e+03   -1.5457007554e+02    7.8244399463e+01    3.7654137951e+01    9.2930681183e+00   -2.0151728161e+02    2.0480000000e+03    2.6420530812e-01    3.8957519531e-01
        75   -7.6391374858e+01    5.8385116100e+03   -1.5566736037e+02    7.9275985509e+01    3.7562526366e+01    9.2930681183e+00   -2.0252295485e+02    2.0480000000e+03    2.6946234107e-01    3.9331054688e-01
        76   -7.6193386553e+01    5.8094836330e+03   -1.4960256579e+02    7.3409179234e+01    3.7417782588e+01    9.2930681183e+00   -1.9631341649e+02    2.0480000000e+03    2.6224601687e-01    3.8962402344e-01
        77   -7.6232504519e+01    5.8145689665e+03   -1.5961528342e+02    8.3382778902e+01    3.7681214436e+01    9.2930681183e+00   -2.0658956597e+02    2.0480000000e+03    2.5914020112e-01    3.8958496094e-01
        78   -7.6145050649e+01    5.8009172417e+03   -1.4042871824e+02    6.4283667589e+01    3.7684307676e+01    9.2930681183e+00   -1.8740609403e+02    2.0480000000e+03    2.5853779493e-01    3.8785156250e-01
        79   -7.6248103617e+01    5.8170662148e+03   -1.4492008827e+02    6.8671984649e+01    3.7436510317e+01    9.2930681183e+00   -1.9164966670e+02    2.0480000000e+03    2.5712860519e-01    3.8878906250e-01
        80   -7.6194560486e+01    5.8085224950e+03   -1.5305870781e+02    7.6864147320e+01    3.8058949408e+01    9.2930681183e+00   -2.0041072533e+02    2.0480000000e+03    2.5744807856e-01    3.8588867188e-01
        81   -7.6256074915e+01    5.8179073288e+03   -1.5451958414e+02    7.8263509225e+01    3.7314209603e+01    9.2930681183e+00   -2.0112686186e+02    2.0480000000e+03    2.5783709644e-01    3.8987792969e-01
        82   -7.6274204706e+01    5.8253388555e+03   -1.4869614645e+02    7.2421941747e+01    3.7642557064e+01    9.2930681183e+00   -1.9563177164e+02    2.0480000000e+03    2.6578103088e-01    3.9021484375e-01
        83   -7.6222363300e+01    5.8127125722e+03   -1.4599481014e+02    6.9772446845e+01    3.7793988238e+01    9.2930681183e+00   -1.9308186650e+02    2.0480000000e+03    2.6999268725e-01    3.8830566406e-01
        84   -7.6169412221e+01    5.8047795692e+03   -1.4384278505e+02    6.7673372833e+01    3.7372432449e+01    9.2930681183e+00   -1.9050828562e+02    2.0480000000e+03    2.6646665769e-01    3.8913574219e-01
        85   -7.6222174425e+01    5.8130336194e+03   -1.5206680887e+02    7.5844634449e+01    3.7631528395e+01    9.2930681183e+00   -1.9899140539e+02    2.0480000000e+03    2.5825580675e-01    3.8760742187e-01
        86   -7.6277147952e+01    5.8214682049e+03   -1.6158117155e+02    8.5304023594e+01    3.7693876767e+01    9.2930681183e+00   -2.0856811643e+02    2.0480000000e+03    2.5884678931e-01    3.8712402344e-01
        87   -7.6396626234e+01    5.8411160010e+03   -1.5744422796e+02    8.1047601729e+01    3.7965257229e+01    9.2930681183e+00   -2.0470255331e+02    2.0480000000e+03    2.6380013738e-01    3.8656738281e-01
        88   -7.6167932360e+01    5.8053035232e+03   -2.0010497603e+02    1.2393704367e+02    3.7964409036e+01    9.2930681183e+00   -2.4736245318e+02    2.0480000000e+03    2.5592110550e-01    3.8776367187e-01
        89   -7.6228481774e+01    5.8138663428e+03   -1.6967280265e+02    9.3444320875e+01    3.7886957087e+01    9.2930681183e+00   -2.1685282785e+02    2.0480000000e+03    2.6256903425e-01    3.8885253906e-01
        90   -7.6206745040e+01    5.8105734490e+03   -1.4577612438e+02    6.9569379341e+01    3.7325335305e+01    9.2930681183e+00   -1.9239452780e+02    2.0480000000e+03    2.6525391626e-01    3.8944335937e-01
        91   -7.6274535772e+01    5.8209167778e+03   -1.5126475623e+02    7.4990220455e+01    3.7507490547e+01    9.2930681183e+00   -1.9806531489e+02    2.0480000000e+03    2.4787013931e-01    3.8932128906e-01
        92   -7.6252590046e+01    5.8175953221e+03   -1.4354609350e+02    6.7293503451e+01    3.7256693440e+01    9.2930681183e+00   -1.9009585505e+02    2.0480000000e+03    2.5576437162e-01    3.8912109375e-01
        93   -7.6329014524e+01    5.8293081095e+03   -1.5458403159e+02    7.8255017070e+01    3.7218952595e+01    9.2930681183e+00   -2.0109605231e+02    2.0480000000e+03    2.6862255982e-01    3.9195312500e-01
        94   -7.6265795753e+01    5.8195350112e+03   -1.4773297518e+02    7.1467179428e+01    3.7188056312e+01    9.2930681183e+00   -1.9421409961e+02    2.0480000000e+03    2.6026746075e-01    3.9120605469e-01
        95   -7.6262084644e+01    5.8190366771e+03   -1.8847189014e+02    1.1220980550e+02    3.8395190801e+01    9.2930681183e+00   -2.3616014906e+02    2.0480000000e+03    2.6311255219e-01    3.8940917969e-01
        96   -7.6232394407e+01    5.8143152828e+03   -1.5267420461e+02    7.6441810201e+01    3.7351660011e+01    9.2930681183e+00   -1.9931893274e+02    2.0480000000e+03    2.6855103725e-01    3.8820800781e-01
        97   -7.6202096019e+01    5.8096986782e+03   -1.4168027750e+02    6.5478181476e+01    3.7385683567e+01    9.2930681183e+00   -1.8835902918e+02    2.0480000000e+03    2.6816213012e-01    3.8762207031e-01
        98   -7.6225942121e+01    5.8131619511e+03   -1.3580775416e+02    5.9581812038e+01    3.7037552433e+01    9.2930681183e+00   -1.8213837471e+02    2.0480000000e+03    2.6370210119e-01    3.8951660156e-01
        99   -7.6269872935e+01    5.8198846672e+03   -1.5523569594e+02    7.8965823009e+01    3.7608388242e+01    9.2930681183e+00   -2.0213715230e+02    2.0480000000e+03    2.6697417006e-01    3.8771484375e-01
