#   index    LocalEnergy         LocalEnergy_sq      LocalPotential      Kinetic             ElecElec            IonIon              ElecIon             BlockWeight         BlockCPU            AcceptRatio         
         0   -7.6313505313e+01    5.8262365776e+03   -1.4717893754e+02    7.0865432231e+01    3.7100800441e+01    9.2930681183e+00   -1.9357280610e+02    2.0480000000e+03    2.5680296524e-01    3.8713867188e-01
         1   -7.6370924256e+01    5.8341959800e+03   -1.4709127115e+02    7.0720346892e+01    3.7706821738e+01    9.2930681183e+00   -1.9409116101e+02    2.0480000000e+03    2.5967663088e-01    3.8542480469e-01
         2   -7.6391420313e+01    5.8383447990e+03   -1.4987580658e+02    7.3484386268e+01    3.7353719837e+01    9.2930681183e+00   -1.9652259454e+02    2.0480000000e+03    2.6544890244e-01    3.8711425781e-01
         3   -7.6439488427e+01    5.8468024396e+03   -1.5503476799e+02    7.8595279561e+01    3.7443147316e+01    9.2930681183e+00   -2.0177098342e+02    2.0480000000e+03    2.6248622531e-01    3.8870117187e-01
         4   -7.6401075142e+01    5.8389132783e+03   -1.4376668507e+02    6.7365609932e+01    3.6716248058e+01    9.2930681183e+00   -1.8977600125e+02    2.0480000000e+03    2.5384885044e-01    3.8685546875e-01
         5   -7.6431362901e+01    5.8437244691e+03   -1.4396229865e+02    6.7530935751e+01    3.7502875935e+01    9.2930681183e+00   -1.9075824271e+02    2.0480000000e+03    2.6290025625e-01    3.8634277344e-01
         6   -7.6362783515e+01    5.8331814709e+03   -1.5935499814e+02    8.2992214629e+01    3.7682014810e+01    9.2930681183e+00   -2.0633008107e+02    2.0480000000e+03    2.5912547912e-01    3.8801269531e-01
         7   -7.6290827291e+01    5.8217353421e+03   -1.4305272396e+02    6.6761896667e+01    3.6809898129e+01    9.2930681183e+00   -1.8915569020e+02    2.0480000000e+03    2.5543483037e-01    3.8706542969e-01
         8   -7.6304541577e+01    5.8245841671e+03   -1.6195781328e+02    8.5653271701e+01    3.7258218557e+01    9.2930681183e+00   -2.0850909995e+02    2.0480000000e+03    2.5822908969e-01    3.8820312500e-01
         9   -7.6258725520e+01    5.8171441935e+03   -1.4532073111e+02    6.9062005588e+01    3.7203892240e+01    9.2930681183e+00   -1.9181769147e+02    2.0480000000e+03    2.6159120037e-01    3.8814453125e-01
        10   -7.6388526309e+01    5.8376191261e+03   -1.5072839991e+02    7.4339873602e+01    3.7074265230e+01    9.2930681183e+00   -1.9709573326e+02    2.0480000000e+03    2.6624517769e-01    3.8771484375e-01
        11   -7.6406652391e+01    5.8399864415e+03   -1.4965276342e+02    7.3246111033e+01    3.7659426577e+01    9.2930681183e+00   -1.9660525812e+02    2.0480000000e+03    2.6882624719e-01    3.8753417969e-01
        12   -7.6372369598e+01    5.8375743911e+03   -1.6492234075e+02    8.8549971147e+01    3.7052205603e+01    9.2930681183e+00   -2.1126761447e+02    2.0480000000e+03    2.6456812613e-01    3.8643554688e-01
        13   -7.6320864419e+01    5.8279068870e+03   -1.5218636024e+02    7.5865495822e+01    3.7513019271e+01    9.2930681183e+00   -1.9899244763e+02    2.0480000000e+03    2.5348990744e-01    3.8612792969e-01
        14   -7.6296645766e+01    5.8227754451e+03   -1.4495531855e+02    6.8658672781e+01    3.7218349762e+01    9.2930681183e+00   -1.9146673643e+02    2.0480000000e+03    2.6212436424e-01    3.8610351563e-01
        15   -7.6359123603e+01    5.8325252400e+03   -1.4648608744e+02    7.0126963834e+01    3.7408548847e+01    9.2930681183e+00   -1.9318770440e+02    2.0480000000e+03    2.6196322112e-01    3.8731445313e-01
        16   -7.6413332854e+01    5.8410358734e+03   -1.6985188239e+02    9.3438549532e+01    3.7651792489e+01    9.2930681183e+00   -2.1679674299e+02    2.0480000000e+03    2.6140887337e-01    3.8779785156e-01
        17   -7.6226581601e+01    5.8125624260e+03   -1.3531486189e+02    5.9088280293e+01    3.6830569853e+01    9.2930681183e+00   -1.8143849986e+02    2.0480000000e+03    2.6505866637e-01    3.8949218750e-01
        18   -7.6376583121e+01    5.8358569479e+03   -1.5370945836e+02    7.7332875243e+01    3.7678082433e+01    9.2930681183e+00   -2.0068060892e+02    2.0480000000e+03    2.6088056694e-01    3.8415039063e-01
        19   -7.6350907230e+01    5.8318268721e+03   -1.4661683598e+02    7.0265928749e+01    3.6912308455e+01    9.2930681183e+00   -1.9282221255e+02    2.0480000000e+03    2.6462142062e-01    3.9044921875e-01
        20   -7.6273502059e+01    5.8195901673e+03   -1.4206828314e+02    6.5794781077e+01    3.7781533080e+01    9.2930681183e+00   -1.8914288433e+02    2.0480000000e+03    2.6547624731e-01    3.8744628906e-01
        21   -7.6290849181e+01    5.8220961733e+03   -1.5632906447e+02    8.0038215287e+01    3.7538172260e+01    9.2930681183e+00   -2.0316030485e+02    2.0480000000e+03    2.6582608906e-01    3.8810546875e-01
        22   -7.6309961071e+01    5.8254132454e+03   -1.8102324979e+02    1.0471328872e+02    3.7409788466e+01    9.2930681183e+00   -2.2772610637e+02    2.0480000000e+03    2.5698328062e-01    3.8639648438e-01
        23   -7.6412606319e+01    5.8408249433e+03   -1.4679499196e+02    7.0382385638e+01    3.7106490386e+01    9.2930681183e+00   -1.9319455046e+02    2.0480000000e+03    2.6791928456e-01    3.8834960937e-01
        24   -7.6454214881e+01    5.8468977788e+03   -1.4743054423e+02    7.0976329353e+01    3.7163034518e+01    9.2930681183e+00   -1.9388664687e+02    2.0480000000e+03    2.5539539125e-01    3.8812011719e-01
        25   -7.6319073770e+01    5.8260443850e+03   -1.5041890190e+02    7.4099828130e+01    3.7189266501e+01    9.2930681183e+00   -1.9690123652e+02    2.0480000000e+03    2.5688195281e-01    3.8804687500e-01
        26   -7.6361883120e+01    5.8328466395e+03   -1.4351557487e+02    6.7153691751e+01    3.8181460146e+01    9.2930681183e+00   -1.9099010314e+02    2.0480000000e+03    2.6086682919e-01    3.8772949219e-01
        27   -7.6414741532e+01    5.8411438947e+03   -1.5389620244e+02    7.7481460910e+01    3.7528370405e+01    9.2930681183e+00   -2.0071764097e+02    2.0480000000e+03    2.6204327843e-01    3.8678710937e-01
        28   -7.6330662382e+01    5.8282380326e+03   -2.4086394968e+02    1.6453328729e+02    3.7513730344e+01    9.2930681183e+00   -2.8767074814e+02    2.0480000000e+03    2.6188056225e-01    3.8964843750e-01
        29   -7.6324639521e+01    5.8272175852e+03   -1.6067372502e+02    8.4349085495e+01    3.7511967085e+01    9.2930681183e+00   -2.0747876022e+02    2.0480000000e+03    2.6656672819e-01    3.8734375000e-01
        30   -7.6405356350e+01    5.8403981846e+03   -1.7217125519e+02    9.5765898841e+01    3.7500190103e+01    9.2930681183e+00   -2.1896451341e+02    2.0480000000e+03    2.6102556682e-01    3.8650390625e-01
        31   -7.6374041787e+01    5.8349970883e+03   -1.5953747718e+02    8.3163435398e+01    3.7430051647e+01    9.2930681183e+00   -2.0626059695e+02    2.0480000000e+03    2.6927670800e-01    3.8752441406e-01
        32   -7.6374974233e+01    5.8352721239e+03   -1.4721675350e+02    7.0841779266e+01    3.7505032762e+01    9.2930681183e+00   -1.9401485438e+02    2.0480000000e+03    2.5790252544e-01    3.8705078125e-01
        33   -7.6342869378e+01    5.8302348694e+03   -1.4530125534e+02    6.8958385959e+01    3.6828979906e+01    9.2930681183e+00   -1.9142330336e+02    2.0480000000e+03    2.6104023200e-01    3.9029296875e-01
        34   -7.6333765295e+01    5.8292332926e+03   -1.4393736357e+02    6.7603598270e+01    3.7354083166e+01    9.2930681183e+00   -1.9058451485e+02    2.0480000000e+03    2.6560736200e-01    3.8691894531e-01
        35   -7.6383601694e+01    5.8361111263e+03   -1.4752840367e+02    7.1144801973e+01    3.7477298107e+01    9.2930681183e+00   -1.9429876989e+02    2.0480000000e+03    2.6522931206e-01    3.8738769531e-01
        36   -7.6299850645e+01    5.8233302578e+03   -1.3615016239e+02    5.9850311740e+01    3.6789827320e+01    9.2930681183e+00   -1.8223305782e+02    2.0480000000e+03    2.6336574544e-01    3.8915039063e-01
        37   -7.6316762233e+01    5.8257860624e+03   -1.4398651761e+02    6.7669755377e+01    3.7270023244e+01    9.2930681183e+00   -1.9054960897e+02    2.0480000000e+03    2.6646377444e-01    3.8675292969e-01
        38   -7.6289182041e+01    5.8337264288e+03   -1.4800020531e+02    7.1711023273e+01    3.7849926770e+01    9.2930681183e+00   -1.9514320020e+02    2.0480000000e+03    2.6052084925e-01    3.8830078125e-01
        39   -7.6365899358e+01    5.8338663646e+03   -1.4783445031e+02    7.1468550949e+01    3.7608952271e+01    9.2930681183e+00   -1.9473647070e+02    2.0480000000e+03    2.5663121731e-01    3.8639160156e-01
        40   -7.6381780169e+01    5.8360632341e+03   -1.5761662018e+02    8.1234840008e+01    3.7443683401e+01    9.2930681183e+00   -2.0435337170e+02    2.0480000000e+03    2.6424268075e-01    3.8970214844e-01
        41   -7.6295637748e+01    5.8229303089e+03   -1.4683150094e+02    7.0535863192e+01    3.7423421959e+01    9.2930681183e+00   -1.9354799102e+02    2.0480000000e+03    2.6364028175e-01    3.8538085937e-01
        42   -7.6274673415e+01    5.8205546125e+03   -1.3616294136e+02    5.9888267948e+01    3.7237564521e+01    9.2930681183e+00   -1.8269357400e+02    2.0480000000e+03    2.6259147932e-01    3.8825683594e-01
        43   -7.6313995398e+01    5.8264331379e+03   -1.5289157792e+02    7.6577582523e+01    3.7520237434e+01    9.2930681183e+00   -1.9970488347e+02    2.0480000000e+03    2.6144861887e-01    3.8702636719e-01
        44   -7.6371554568e+01    5.8346442395e+03   -1.6034745325e+02    8.3975898681e+01    3.8152834158e+01    9.2930681183e+00   -2.0779335552e+02    2.0480000000e+03    2.6320410619e-01    3.8687011719e-01
        45   -7.6297236100e+01    5.8232061407e+03   -1.6168456514e+02    8.5387329041e+01    3.7333974664e+01    9.2930681183e+00   -2.0831160792e+02    2.0480000000e+03    2.6486412519e-01    3.8924804687e-01
        46   -7.6337367098e+01    5.8290593293e+03   -1.4400241719e+02    6.7665050095e+01    3.7073606973e+01    9.2930681183e+00   -1.9036909229e+02    2.0480000000e+03    2.5877835981e-01    3.8883300781e-01
        47   -7.6357646476e+01    5.8322999911e+03   -1.4348589357e+02    6.7128247098e+01    3.7045947642e+01    9.2930681183e+00   -1.8982490933e+02    2.0480000000e+03    2.6353434556e-01    3.8859863281e-01
        48   -7.6369784135e+01    5.8340824092e+03   -1.5225276016e+02    7.5882976022e+01    3.7254759952e+01    9.2930681183e+00   -1.9880058823e+02    2.0480000000e+03    2.6195516550e-01    3.8631347656e-01
        49   -7.6359406481e+01    5.8330785954e+03   -1.5115967790e+02    7.4800271419e+01    3.7498008736e+01    9.2930681183e+00   -1.9795075475e+02    2.0480000000e+03    2.6040951575e-01    3.8720703125e-01
        50   -7.6405831063e+01    5.8417244291e+03   -1.7111943284e+02    9.4713601782e+01    3.7573344804e+01    9.2930681183e+00   -2.1798584577e+02    2.0480000000e+03    2.6881176600e-01    3.8623535156e-01
        51   -7.6355154151e+01    5.8329114176e+03   -1.5038209002e+02    7.4026935872e+01    3.7615160408e+01    9.2930681183e+00   -1.9729031855e+02    2.0480000000e+03    2.5674751100e-01    3.8848144531e-01
        52   -7.6366772291e+01    5.8340616691e+03   -1.4662175152e+02    7.0254979231e+01    3.7435399219e+01    9.2930681183e+00   -1.9335021886e+02    2.0480000000e+03    2.6338346231e-01    3.8775878906e-01
        53   -7.6367359449e+01    5.8339051605e+03   -1.5367353677e+02    7.7306177318e+01    3.7337841194e+01    9.2930681183e+00   -2.0030444608e+02    2.0480000000e+03    2.6201338994e-01    3.8542480469e-01
        54   -7.6298119841e+01    5.8233655734e+03   -1.4785766980e+02    7.1559549955e+01    3.7157653510e+01    9.2930681183e+00   -1.9430839142e+02    2.0480000000e+03    2.5919261732e-01    3.8937988281e-01
        55   -7.6318736956e+01    5.8261251594e+03   -1.3922100756e+02    6.2902270601e+01    3.6972230076e+01    9.2930681183e+00   -1.8548630575e+02    2.0480000000e+03    2.6653352281e-01    3.8875488281e-01
        56   -7.6325471781e+01    5.8274267514e+03   -1.6498553876e+02    8.8660066984e+01    3.7496252280e+01    9.2930681183e+00   -2.1177485916e+02    2.0480000000e+03    2.6155577238e-01    3.8668457031e-01
        57   -7.6302402187e+01    5.8241352043e+03   -1.3736330774e+02    6.1060905549e+01    3.7026035531e+01    9.2930681183e+00   -1.8368241139e+02    2.0480000000e+03    2.6736254900e-01    3.8898437500e-01
        58   -7.6323982375e+01    5.8271863321e+03   -1.3566659035e+02    5.9342607979e+01    3.7225376545e+01    9.2930681183e+00   -1.8218503502e+02    2.0480000000e+03    2.6416468781e-01    3.8772460937e-01
        59   -7.6368236289e+01    5.8340897041e+03   -1.4308827827e+02    6.6720041983e+01    3.7040851418e+01    9.2930681183e+00   -1.8942219781e+02    2.0480000000e+03    2.5817357200e-01    3.8719726563e-01
        60   -7.6395271095e+01    5.8380399918e+03   -1.5483755433e+02    7.8442283239e+01    3.7730771412e+01    9.2930681183e+00   -2.0186139386e+02    2.0480000000e+03    2.6130897219e-01    3.8667968750e-01
        61   -7.6345917128e+01    5.8304247442e+03   -1.3959866371e+02    6.3252746578e+01    3.6991678036e+01    9.2930681183e+00   -1.8588340986e+02    2.0480000000e+03    2.6042028975e-01    3.8774902344e-01
        62   -7.6385449165e+01    5.8369696393e+03   -1.4661163603e+02    7.0226186867e+01    3.7825609920e+01    9.2930681183e+00   -1.9373031407e+02    2.0480000000e+03    2.6319657506e-01    3.8903808594e-01
        63   -7.6298425267e+01    5.8232108918e+03   -1.5689659899e+02    8.0598173722e+01    3.7175181278e+01    9.2930681183e+00   -2.0336484839e+02    2.0480000000e+03    2.6411645282e-01    3.8867187500e-01
        64   -7.6342479293e+01    5.8307251924e+03   -1.4667762621e+02    7.0335146916e+01    3.7283265692e+01    9.2930681183e+00   -1.9325396002e+02    2.0480000000e+03    2.6061032956e-01    3.8830566406e-01
        65   -7.6317657702e+01    5.8267552840e+03   -1.4580927352e+02    6.9491615814e+01    3.7325274928e+01    9.2930681183e+00   -1.9242761656e+02    2.0480000000e+03    2.6368834500e-01    3.8768554688e-01
        66   -7.6346603108e+01    5.8306391755e+03   -1.4629739083e+02    6.9950787720e+01    3.7188801005e+01    9.2930681183e+00   -1.9277925995e+02    2.0480000000e+03    2.6190967194e-01    3.8824218750e-01
        67   -7.6365806906e+01    5.8336201458e+03   -1.5227280132e+02    7.5906994417e+01    3.6957590558e+01    9.2930681183e+00   -1.9852346000e+02    2.0480000000e+03    2.6197062644e-01    3.8864257813e-01
        68   -7.6369559124e+01    5.8345668748e+03   -1.4814799773e+02    7.1778438603e+01    3.7217013964e+01    9.2930681183e+00   -1.9465807981e+02    2.0480000000e+03    2.6389743006e-01    3.8776367187e-01
        69   -7.6357664323e+01    5.8329077452e+03   -1.5676451451e+02    8.0406850185e+01    3.7223065764e+01    9.2930681183e+00   -2.0328064839e+02    2.0480000000e+03    2.6430517918e-01    3.8806152344e-01
        70   -7.6262235201e+01    5.8179943595e+03   -1.4256349749e+02    6.6301262286e+01    3.7256416102e+01    9.2930681183e+00   -1.8911298171e+02    2.0480000000e+03    2.6070756075e-01    3.8596191406e-01
        71   -7.6321552936e+01    5.8283096852e+03   -1.4566265119e+02    6.9341098252e+01    3.7063086329e+01    9.2930681183e+00   -1.9201880564e+02    2.0480000000e+03    2.6205819169e-01    3.8818359375e-01
        72   -7.6390273081e+01    5.8375628689e+03   -1.5147010396e+02    7.5079830877e+01    3.7047092163e+01    9.2930681183e+00   -1.9781026424e+02    2.0480000000e+03    2.6569752175e-01    3.8714843750e-01
        73   -7.6404898127e+01    5.8394004759e+03   -1.6511249937e+02    8.8707601247e+01    3.7249084800e+01    9.2930681183e+00   -2.1165465229e+02    2.0480000000e+03    2.5389928832e-01    3.8646972656e-01
        74   -7.6398748323e+01    5.8386958072e+03   -1.6368490490e+02    8.7286156580e+01    3.7795830073e+01    9.2930681183e+00   -2.1077380309e+02    2.0480000000e+03    2.5926249437e-01    3.8391113281e-01
        75   -7.6332978433e+01    5.8299382380e+03   -1.4376679809e+02    6.7433819654e+01    3.7314572494e+01    9.2930681183e+00   -1.9037443870e+02    2.0480000000e+03    2.7135466987e-01    3.8863769531e-01
        76   -7.6320643867e+01    5.8270134975e+03   -1.6337111721e+02    8.7050473345e+01    3.7328666591e+01    9.2930681183e+00   -2.0999285192e+02    2.0480000000e+03    2.6405515531e-01    3.8786621094e-01
        77   -7.6337512951e+01    5.8293780774e+03   -1.5007846445e+02    7.3740951500e+01    3.7294727364e+01    9.2930681183e+00   -1.9666625993e+02    2.0480000000e+03    2.6001987625e-01    3.8837890625e-01
        78   -7.6385258539e+01    5.8367733838e+03   -1.6608005634e+02    8.9694797797e+01    3.7371640277e+01    9.2930681183e+00   -2.1274476473e+02    2.0480000000e+03    2.6403776394e-01    3.8478027344e-01
        79   -7.6384565947e+01    5.8363126798e+03   -1.5653799627e+02    8.0153430324e+01    3.7626433298e+01    9.2930681183e+00   -2.0345749769e+02    2.0480000000e+03    2.5909204394e-01    3.8819335937e-01
        80   -7.6439466748e+01    5.8468209495e+03   -1.5487571576e+02    7.8436249012e+01    3.7205435162e+01    9.2930681183e+00   -2.0137421904e+02    2.0480000000e+03    2.6447151619e-01    3.8911132812e-01
        81   -7.6347291042e+01    5.8304116195e+03   -1.4876467320e+02    7.2417382157e+01    3.7726557551e+01    9.2930681183e+00   -1.9578429887e+02    2.0480000000e+03    2.6961364988e-01    3.8661132812e-01
        82   -7.6387449225e+01    5.8375601495e+03   -1.4271708760e+02    6.6329638372e+01    3.6939502761e+01    9.2930681183e+00   -1.8894965848e+02    2.0480000000e+03    2.6219559337e-01    3.8654785156e-01
        83   -7.6293403319e+01    5.8225492668e+03   -1.5701274650e+02    8.0719343179e+01    3.7589502618e+01    9.2930681183e+00   -2.0389531723e+02    2.0480000000e+03    2.5914617100e-01    3.8535644531e-01
        84   -7.6339840666e+01    5.8296300415e+03   -1.4303026379e+02    6.6690423125e+01    3.6917422774e+01    9.2930681183e+00   -1.8924075468e+02    2.0480000000e+03    2.5619279763e-01    3.8706054688e-01
        85   -7.6281355687e+01    5.8205917236e+03   -1.4548729818e+02    6.9205942492e+01    3.7761272365e+01    9.2930681183e+00   -1.9254163866e+02    2.0480000000e+03    2.5651627000e-01    3.8752929687e-01
        86   -7.6414410415e+01    5.8415050357e+03   -1.4151294362e+02    6.5098533203e+01    3.7595851753e+01    9.2930681183e+00   -1.8840186349e+02    2.0480000000e+03    2.5718950188e-01    3.8882324219e-01
        87   -7.6291712944e+01    5.8223282662e+03   -1.5029637663e+02    7.4004663689e+01    3.7737957216e+01    9.2930681183e+00   -1.9732740197e+02    2.0480000000e+03    2.6671819382e-01    3.8621582031e-01
        88   -7.6325981593e+01    5.8279006719e+03   -1.4067116752e+02    6.4345185927e+01    3.6924153639e+01    9.2930681183e+00   -1.8688838928e+02    2.0480000000e+03    2.6295413274e-01    3.8810546875e-01
        89   -7.6335676389e+01    5.8288717303e+03   -1.4432140747e+02    6.7985731081e+01    3.7701245978e+01    9.2930681183e+00   -1.9131572157e+02    2.0480000000e+03    2.6574103843e-01    3.8727539062e-01
        90   -7.6383268652e+01    5.8363085645e+03   -1.6475229792e+02    8.8369029266e+01    3.7248841944e+01    9.2930681183e+00   -2.1129420798e+02    2.0480000000e+03    2.5942715300e-01    3.8792480469e-01
        91   -7.6458131881e+01    5.8483815485e+03   -1.5140502074e+02    7.4946888858e+01    3.7433724538e+01    9.2930681183e+00   -1.9813181340e+02    2.0480000000e+03    2.6033637894e-01    3.8737304687e-01
        92   -7.6276837336e+01    5.8201418109e+03   -1.5391997013e+02    7.7643132790e+01    3.7392430856e+01    9.2930681183e+00   -2.0060546910e+02    2.0480000000e+03    2.5950644506e-01    3.8694335938e-01
        93   -7.6295219120e+01    5.8227491921e+03   -1.4033858948e+02    6.4043370359e+01    3.6916388156e+01    9.2930681183e+00   -1.8654804575e+02    2.0480000000e+03    2.6069265475e-01    3.8701660156e-01
        94   -7.6327124757e+01    5.8278214165e+03   -1.5382885013e+02    7.7501725370e+01    3.7411594422e+01    9.2930681183e+00   -2.0053351267e+02    2.0480000000e+03    2.5870660138e-01    3.8759765625e-01
        95   -7.6366516450e+01    5.8349372073e+03   -1.6007284034e+02    8.3706323892e+01    3.7623176199e+01    9.2930681183e+00   -2.0698908466e+02    2.0480000000e+03    2.5510078025e-01    3.8796875000e-01
        96   -7.6371036680e+01    5.8353792641e+03   -1.5437205266e+02    7.8001015979e+01    3.7319732039e+01    9.2930681183e+00   -2.0098485282e+02    2.0480000000e+03    2.5769308369e-01    3.8510742188e-01
        97   -7.6392384771e+01    5.8375167623e+03   -1.5882198849e+02    8.2429603718e+01    3.7867971318e+01    9.2930681183e+00   -2.0598302792e+02    2.0480000000e+03    2.5558107862e-01    3.8634765625e-01
        98   -7.6346092468e+01    5.8308228961e+03   -1.5087347805e+02    7.4527385587e+01    3.7070960858e+01    9.2930681183e+00   -1.9723750703e+02    2.0480000000e+03    2.5684246944e-01    3.8863281250e-01
        99   -7.6376786614e+01    5.8362851651e+03   -1.4208384668e+02    6.5707060063e+01    3.7000401502e+01    9.2930681183e+00   -1.8837731630e+02    2.0480000000e+03    2.6352116755e-01    3.8971191406e-01
