#   index    LocalEnergy         LocalEnergy_sq      LocalPotential      Kinetic             ElecElec            IonIon              IonElec             BlockWeight         BlockCPU            AcceptRatio         
         0   -7.6199164668e+01    5.8103299112e+03   -1.5372444033e+02    7.7525275662e+01    3.6956336971e+01    9.1895337630e+00   -1.9987031106e+02    2.0000000000e+03    3.2751828432e-02    3.1115000000e-01
         1   -7.6237753723e+01    5.8155764229e+03   -1.3392094323e+02    5.7683189507e+01    3.7079729387e+01    9.1895337630e+00   -1.8019020638e+02    2.0000000000e+03    3.2958567142e-02    3.1028000000e-01
         2   -7.6494191696e+01    5.8581228363e+03   -1.6510539879e+02    8.8611207091e+01    3.8520004304e+01    9.1895337630e+00   -2.1281493685e+02    2.0000000000e+03    3.2575994730e-02    3.1032000000e-01
         3   -7.6453891482e+01    5.8500958695e+03   -1.5396585925e+02    7.7511967764e+01    3.8438772238e+01    9.1895337630e+00   -2.0159416525e+02    2.0000000000e+03    3.2816886902e-02    3.1074000000e-01
         4   -7.6503074298e+01    5.8577770240e+03   -1.4784392833e+02    7.1340854036e+01    3.7755532869e+01    9.1895337630e+00   -1.9478899497e+02    2.0000000000e+03    3.2786756754e-02    3.0907000000e-01
         5   -7.6273997196e+01    5.8214550503e+03   -1.4035684736e+02    6.4082850166e+01    3.7623788026e+01    9.1895337630e+00   -1.8717016915e+02    2.0000000000e+03    3.2583057880e-02    3.1046000000e-01
         6   -7.6371711514e+01    5.8364551472e+03   -1.3689603125e+02    6.0524319737e+01    3.7446331187e+01    9.1895337630e+00   -1.8353189620e+02    2.0000000000e+03    3.2636851072e-02    3.1283000000e-01
         7   -7.6339034448e+01    5.8325472406e+03   -1.6495507677e+02    8.8616042319e+01    3.7959770099e+01    9.1895337630e+00   -2.1210438063e+02    2.0000000000e+03    3.2814890146e-02    3.0941000000e-01
         8   -7.6338101528e+01    5.8311533320e+03   -1.3380727564e+02    5.7469174111e+01    3.7551200489e+01    9.1895337630e+00   -1.8054800989e+02    2.0000000000e+03    3.2607227564e-02    3.1160000000e-01
         9   -7.6146650539e+01    5.8022038783e+03   -1.3678561163e+02    6.0638961092e+01    3.7017587195e+01    9.1895337630e+00   -1.8299273259e+02    2.0000000000e+03    3.3273994923e-02    3.1362000000e-01
        10   -7.6295349481e+01    5.8247869687e+03   -1.3295596545e+02    5.6660615968e+01    3.6712127347e+01    9.1895337630e+00   -1.7885762656e+02    2.0000000000e+03    3.3318370581e-02    3.1278000000e-01
        11   -7.6343091819e+01    5.8323360733e+03   -1.8837485227e+02    1.1203176045e+02    3.7585931825e+01    9.1895337630e+00   -2.3515031786e+02    2.0000000000e+03    3.3195436001e-02    3.1402000000e-01
        12   -7.6205519254e+01    5.8114467249e+03   -1.6485897584e+02    8.8653456590e+01    3.7179207394e+01    9.1895337630e+00   -2.1122771700e+02    2.0000000000e+03    3.2980024815e-02    3.1221000000e-01
        13   -7.6304893416e+01    5.8259494518e+03   -1.5341097274e+02    7.7106079327e+01    3.8675973290e+01    9.1895337630e+00   -2.0127647980e+02    2.0000000000e+03    3.2694041729e-02    3.0733000000e-01
        14   -7.6427505287e+01    5.8455868464e+03   -1.9608670785e+02    1.1965920256e+02    3.7219478399e+01    9.1895337630e+00   -2.4249572001e+02    2.0000000000e+03    3.3014923334e-02    3.1197000000e-01
        15   -7.6337591645e+01    5.8312619114e+03   -1.3451327043e+02    5.8175678785e+01    3.7296292906e+01    9.1895337630e+00   -1.8099909710e+02    2.0000000000e+03    3.2772392035e-02    3.1284000000e-01
        16   -7.6434324922e+01    5.8463355887e+03   -1.4768226307e+02    7.1247938150e+01    3.7617748877e+01    9.1895337630e+00   -1.9448954571e+02    2.0000000000e+03    3.2979816198e-02    3.1029000000e-01
        17   -7.6308193066e+01    5.8372435572e+03   -1.5459832060e+02    7.8290127532e+01    3.7316209882e+01    9.1895337630e+00   -2.0110406424e+02    2.0000000000e+03    3.2887727022e-02    3.0972000000e-01
        18   -7.6597260281e+01    5.8723342526e+03   -1.7763747054e+02    1.0104021026e+02    3.8911664108e+01    9.1895337630e+00   -2.2573866841e+02    2.0000000000e+03    3.3036619425e-02    3.1096000000e-01
        19   -7.6332903998e+01    5.8309605022e+03   -1.4965510305e+02    7.3322199048e+01    3.7059394200e+01    9.1895337630e+00   -1.9590403101e+02    2.0000000000e+03    3.2769709826e-02    3.1422000000e-01
        20   -7.6545645233e+01    5.8641851293e+03   -1.5579431080e+02    7.9248665571e+01    3.7652676523e+01    9.1895337630e+00   -2.0263652109e+02    2.0000000000e+03    3.2606035471e-02    3.0805000000e-01
        21   -7.6161691764e+01    5.8042998663e+03   -1.5720736825e+02    8.1045676484e+01    3.7524620784e+01    9.1895337630e+00   -2.0392152280e+02    2.0000000000e+03    3.2722860575e-02    3.1147000000e-01
        22   -7.6357244114e+01    5.8342048796e+03   -1.6250159005e+02    8.6144345934e+01    3.8638040177e+01    9.1895337630e+00   -2.1032916399e+02    2.0000000000e+03    3.2668262720e-02    3.0766000000e-01
        23   -7.6225579096e+01    5.8139950443e+03   -1.4324981211e+02    6.7024233011e+01    3.7195046447e+01    9.1895337630e+00   -1.8963439232e+02    2.0000000000e+03    3.2549649477e-02    3.1233000000e-01
        24   -7.6432236882e+01    5.8463289790e+03   -1.4943441884e+02    7.3002181956e+01    3.6766225702e+01    9.1895337630e+00   -1.9539017830e+02    2.0000000000e+03    3.3209413290e-02    3.1186000000e-01
        25   -7.6381095966e+01    5.8377085883e+03   -1.3366039497e+02    5.7279299003e+01    3.7084288155e+01    9.1895337630e+00   -1.7993421689e+02    2.0000000000e+03    3.2754331827e-02    3.1142000000e-01
        26   -7.6268828141e+01    5.8203241470e+03   -1.4359154447e+02    6.7322716327e+01    3.6565410064e+01    9.1895337630e+00   -1.8934648829e+02    2.0000000000e+03    3.2964766026e-02    3.1332000000e-01
        27   -7.6404719527e+01    5.8431636020e+03   -1.7109293236e+02    9.4688212836e+01    3.7986929874e+01    9.1895337630e+00   -2.1826939600e+02    2.0000000000e+03    3.2509207726e-02    3.0993000000e-01
        28   -7.6258996188e+01    5.8195650518e+03   -1.8184196072e+02    1.0558296453e+02    3.7143842650e+01    9.1895337630e+00   -2.2817533713e+02    2.0000000000e+03    3.2670557499e-02    3.1151000000e-01
        29   -7.6239994593e+01    5.8165744537e+03   -1.4479852311e+02    6.8558528512e+01    3.6904820827e+01    9.1895337630e+00   -1.9089287770e+02    2.0000000000e+03    3.2869160175e-02    3.1115000000e-01
        30   -7.6275042176e+01    5.8213717194e+03   -1.4796214809e+02    7.1687105913e+01    3.7064973658e+01    9.1895337630e+00   -1.9421665551e+02    2.0000000000e+03    3.2777696848e-02    3.1252000000e-01
        31   -7.6219370780e+01    5.8133750724e+03   -1.5070342552e+02    7.4484054737e+01    3.7361070477e+01    9.1895337630e+00   -1.9725402976e+02    2.0000000000e+03    3.3131271601e-02    3.1099000000e-01
        32   -7.6350180695e+01    5.8333431395e+03   -1.5443100532e+02    7.8080824625e+01    3.6675251462e+01    9.1895337630e+00   -2.0029579055e+02    2.0000000000e+03    3.2722026110e-02    3.1533000000e-01
        33   -7.6533217001e+01    5.8614587986e+03   -1.9457441134e+02    1.1804119434e+02    3.7391482687e+01    9.1895337630e+00   -2.4115542779e+02    2.0000000000e+03    3.2862782478e-02    3.1290000000e-01
        34   -7.6447901156e+01    5.8485186319e+03   -1.6039325981e+02    8.3945358651e+01    3.7669648755e+01    9.1895337630e+00   -2.0725244233e+02    2.0000000000e+03    3.3144026995e-02    3.1085000000e-01
        35   -7.6233452065e+01    5.8147649711e+03   -1.3672959456e+02    6.0496142493e+01    3.7280605742e+01    9.1895337630e+00   -1.8319973406e+02    2.0000000000e+03    3.2531708479e-02    3.0942000000e-01
        36   -7.6297583866e+01    5.8256316836e+03   -1.5392679657e+02    7.7629212704e+01    3.7506537596e+01    9.1895337630e+00   -2.0062286793e+02    2.0000000000e+03    3.2620310783e-02    3.1242000000e-01
        37   -7.6309467134e+01    5.8270445906e+03   -1.4317178279e+02    6.6862315659e+01    3.6657396187e+01    9.1895337630e+00   -1.8901871274e+02    2.0000000000e+03    3.2857328653e-02    3.1164000000e-01
        38   -7.6317920189e+01    5.8287437173e+03   -1.5673676325e+02    8.0418843065e+01    3.7400819146e+01    9.1895337630e+00   -2.0332711616e+02    2.0000000000e+03    3.2919406891e-02    3.0892000000e-01
        39   -7.6330487149e+01    5.8302521627e+03   -1.4063550224e+02    6.4305015088e+01    3.6582097446e+01    9.1895337630e+00   -1.8640713345e+02    2.0000000000e+03    3.3423244953e-02    3.1375000000e-01
        40   -7.6278624504e+01    5.8220355028e+03   -1.3734256603e+02    6.1063941527e+01    3.6471535494e+01    9.1895337630e+00   -1.8300363529e+02    2.0000000000e+03    3.2963126898e-02    3.1191000000e-01
        41   -7.6315640778e+01    5.8278992269e+03   -1.6377232473e+02    8.7456683952e+01    3.7751301135e+01    9.1895337630e+00   -2.1071315963e+02    2.0000000000e+03    3.2972037792e-02    3.1411000000e-01
        42   -7.6334132813e+01    5.8310210075e+03   -1.5823357884e+02    8.1899446030e+01    3.7334717999e+01    9.1895337630e+00   -2.0475783061e+02    2.0000000000e+03    3.4072995186e-02    3.1172000000e-01
        43   -7.6451049589e+01    5.8490195790e+03   -1.6414286094e+02    8.7691811351e+01    3.7930688918e+01    9.1895337630e+00   -2.1126308362e+02    2.0000000000e+03    3.2919466496e-02    3.1281000000e-01
        44   -7.6383183116e+01    5.8389630392e+03   -1.5134654967e+02    7.4963366557e+01    3.7083685567e+01    9.1895337630e+00   -1.9761976900e+02    2.0000000000e+03    3.2992482185e-02    3.1491000000e-01
        45   -7.6371460870e+01    5.8372826039e+03   -1.5733135213e+02    8.0959891259e+01    3.8228607171e+01    9.1895337630e+00   -2.0474949306e+02    2.0000000000e+03    3.2961666584e-02    3.0753000000e-01
        46   -7.6367533038e+01    5.8354789230e+03   -1.3811658060e+02    6.1749047565e+01    3.6684832866e+01    9.1895337630e+00   -1.8399094723e+02    2.0000000000e+03    3.3049702644e-02    3.0969000000e-01
        47   -7.6302794830e+01    5.8259450648e+03   -1.5600602320e+02    7.9703228372e+01    3.6586513448e+01    9.1895337630e+00   -2.0178207041e+02    2.0000000000e+03    3.3654808998e-02    3.1193000000e-01
        48   -7.6413070351e+01    5.8444876880e+03   -1.4029908861e+02    6.3886018260e+01    3.6891132396e+01    9.1895337630e+00   -1.8637975477e+02    2.0000000000e+03    3.3238738775e-02    3.1054000000e-01
        49   -7.6274439918e+01    5.8209642399e+03   -1.3373306968e+02    5.7458629767e+01    3.6765470657e+01    9.1895337630e+00   -1.7968807410e+02    2.0000000000e+03    3.3441275358e-02    3.1067000000e-01
        50   -7.6341990950e+01    5.8321234039e+03   -1.3780763672e+02    6.1465645767e+01    3.7253082617e+01    9.1895337630e+00   -1.8425025310e+02    2.0000000000e+03    3.3231437206e-02    3.1457000000e-01
        51   -7.6293313743e+01    5.8247122786e+03   -1.7983073779e+02    1.0353742404e+02    3.8400566272e+01    9.1895337630e+00   -2.2742083782e+02    2.0000000000e+03    3.3036530018e-02    3.1194000000e-01
        52   -7.6203981689e+01    5.8114706214e+03   -1.6478189559e+02    8.8577913902e+01    3.7697253015e+01    9.1895337630e+00   -2.1166868237e+02    2.0000000000e+03    3.3083796501e-02    3.1069000000e-01
        53   -7.6450062084e+01    5.8489752969e+03   -1.5863157242e+02    8.2181510340e+01    3.7493979222e+01    9.1895337630e+00   -2.0531508541e+02    2.0000000000e+03    3.4004211426e-02    3.1241000000e-01
        54   -7.6438224271e+01    5.8467417941e+03   -1.5173233000e+02    7.5294105731e+01    3.7209371842e+01    9.1895337630e+00   -1.9813123561e+02    2.0000000000e+03    3.3187419176e-02    3.1167000000e-01
        55   -7.6400516981e+01    5.8408678188e+03   -1.5925699457e+02    8.2856477585e+01    3.7543399933e+01    9.1895337630e+00   -2.0598992826e+02    2.0000000000e+03    3.2800465822e-02    3.1073000000e-01
        56   -7.6449381319e+01    5.8487523914e+03   -1.4484025600e+02    6.8390874683e+01    3.7059226470e+01    9.1895337630e+00   -1.9108901624e+02    2.0000000000e+03    3.2848775387e-02    3.1159000000e-01
        57   -7.6360950021e+01    5.8353245535e+03   -1.5238483035e+02    7.6023880326e+01    3.8306327671e+01    9.1895337630e+00   -1.9988069178e+02    2.0000000000e+03    3.2955348492e-02    3.1237000000e-01
        58   -7.6511940424e+01    5.8583916446e+03   -1.5332746705e+02    7.6815526621e+01    3.7079040885e+01    9.1895337630e+00   -1.9959604169e+02    2.0000000000e+03    3.2594203949e-02    3.1337000000e-01
        59   -7.6363152565e+01    5.8349975120e+03   -1.4880828733e+02    7.2445134768e+01    3.7590145244e+01    9.1895337630e+00   -1.9558796634e+02    2.0000000000e+03    3.2568156719e-02    3.0893000000e-01
        60   -7.6379326651e+01    5.8372437692e+03   -1.4623246266e+02    6.9853136008e+01    3.7848823740e+01    9.1895337630e+00   -1.9327082016e+02    2.0000000000e+03    3.3137708902e-02    3.1099000000e-01
        61   -7.6252625197e+01    5.8193870078e+03   -1.8708187160e+02    1.1082924640e+02    3.7287558292e+01    9.1895337630e+00   -2.3355896365e+02    2.0000000000e+03    3.2560169697e-02    3.0905000000e-01
        62   -7.6231289215e+01    5.8154925869e+03   -1.4089391667e+02    6.4662627452e+01    3.7431512172e+01    9.1895337630e+00   -1.8751496260e+02    2.0000000000e+03    3.3065676689e-02    3.1046000000e-01
        63   -7.6437434999e+01    5.8466363173e+03   -1.3893691159e+02    6.2499476594e+01    3.7972001141e+01    9.1895337630e+00   -1.8609844650e+02    2.0000000000e+03    3.2891839743e-02    3.0770000000e-01
        64   -7.6547214912e+01    5.8638273019e+03   -1.7788433014e+02    1.0133711523e+02    3.7156847046e+01    9.1895337630e+00   -2.2423071095e+02    2.0000000000e+03    3.2710760832e-02    3.1319000000e-01
        65   -7.6393501501e+01    5.8401957169e+03   -1.4046729543e+02    6.4073793928e+01    3.7241662253e+01    9.1895337630e+00   -1.8689849145e+02    2.0000000000e+03    3.2576382160e-02    3.1196000000e-01
        66   -7.6175472015e+01    5.8065649788e+03   -1.4915621927e+02    7.2980747251e+01    3.6881484139e+01    9.1895337630e+00   -1.9522723717e+02    2.0000000000e+03    3.3333957195e-02    3.1352000000e-01
        67   -7.6269802307e+01    5.8210163662e+03   -1.2953235490e+02    5.3262552598e+01    3.6887194815e+01    9.1895337630e+00   -1.7560908348e+02    2.0000000000e+03    3.3382415771e-02    3.1252000000e-01
        68   -7.6389188216e+01    5.8392735529e+03   -1.4459352588e+02    6.8204337668e+01    3.7113447697e+01    9.1895337630e+00   -1.9089650734e+02    2.0000000000e+03    3.2828211784e-02    3.0937000000e-01
        69   -7.6192070246e+01    5.8092619458e+03   -1.5200436711e+02    7.5812296863e+01    3.7415394319e+01    9.1895337630e+00   -1.9860929519e+02    2.0000000000e+03    3.3077687025e-02    3.1303000000e-01
        70   -7.6327803900e+01    5.8297740680e+03   -1.4613168818e+02    6.9803884284e+01    3.6900956677e+01    9.1895337630e+00   -1.9222217862e+02    2.0000000000e+03    3.3423513174e-02    3.1301000000e-01
        71   -7.6332376463e+01    5.8304884013e+03   -1.5758116050e+02    8.1248784033e+01    3.7166640099e+01    9.1895337630e+00   -2.0393733436e+02    2.0000000000e+03    3.3332765102e-02    3.1019000000e-01
        72   -7.6568488589e+01    5.8674385227e+03   -1.5572177954e+02    7.9153290952e+01    3.7850000921e+01    9.1895337630e+00   -2.0276131423e+02    2.0000000000e+03    3.3312529325e-02    3.0865000000e-01
        73   -7.6250767429e+01    5.8178580510e+03   -1.5177867317e+02    7.5527905739e+01    3.7361480816e+01    9.1895337630e+00   -1.9832968775e+02    2.0000000000e+03    3.3384352922e-02    3.1281000000e-01
        74   -7.6260427357e+01    5.8200039380e+03   -1.5616695646e+02    7.9906529102e+01    3.7596963462e+01    9.1895337630e+00   -2.0295345368e+02    2.0000000000e+03    3.2711207867e-02    3.1196000000e-01
        75   -7.6266577387e+01    5.8201491256e+03   -1.3840063540e+02    6.2134058017e+01    3.7656997002e+01    9.1895337630e+00   -1.8524716617e+02    2.0000000000e+03    3.2985299826e-02    3.1068000000e-01
        76   -7.6396855082e+01    5.8411270685e+03   -1.3636339443e+02    5.9966539344e+01    3.7606532218e+01    9.1895337630e+00   -1.8315946041e+02    2.0000000000e+03    3.2795578241e-02    3.0952000000e-01
        77   -7.6635821489e+01    5.8776807430e+03   -1.4874440742e+02    7.2108585936e+01    3.6919698514e+01    9.1895337630e+00   -1.9485363970e+02    2.0000000000e+03    3.2749742270e-02    3.1073000000e-01
        78   -7.6404856778e+01    5.8416599918e+03   -1.7880303868e+02    1.0239818190e+02    3.7665795714e+01    9.1895337630e+00   -2.2565836816e+02    2.0000000000e+03    3.2950788736e-02    3.0941000000e-01
        79   -7.6295953321e+01    5.8256069720e+03   -1.4917146124e+02    7.2875507919e+01    3.8012538766e+01    9.1895337630e+00   -1.9637353377e+02    2.0000000000e+03    3.2535582781e-02    3.0918000000e-01
