#   index    LocalEnergy         LocalEnergy_sq      LocalPotential      Kinetic             ElecElec            IonIon              ElecIon             BlockWeight         BlockCPU            AcceptRatio         
         0   -7.6603176947e+01    5.8695529222e+03   -1.2942627744e+02    5.2823100493e+01    3.5758056017e+01    9.2930681183e+00   -1.7447740158e+02    1.6000000000e+02    6.6027621851e-03    5.9520833333e-01
         1   -7.6371348336e+01    5.8338990961e+03   -1.3682399975e+02    6.0452651419e+01    3.6802443365e+01    9.2930681183e+00   -1.8291951124e+02    1.6000000000e+02    5.8534893742e-03    5.8645833333e-01
         2   -7.6339407033e+01    5.8288724482e+03   -1.4224306211e+02    6.5903655082e+01    3.8147057721e+01    9.2930681183e+00   -1.8968318795e+02    1.6000000000e+02    6.3041581870e-03    5.8875000000e-01
         3   -7.6392848836e+01    5.8374718868e+03   -1.2732600288e+02    5.0933154046e+01    3.6752930134e+01    9.2930681183e+00   -1.7337200113e+02    1.6000000000e+02    6.7162680043e-03    5.8833333333e-01
         4   -7.6351402707e+01    5.8310027997e+03   -1.3798178584e+02    6.1630383131e+01    3.5417802170e+01    9.2930681183e+00   -1.8269265613e+02    1.6000000000e+02    6.2269200662e-03    5.8875000000e-01
         5   -7.6158897308e+01    5.8051350198e+03   -1.5679351327e+02    8.0634615965e+01    3.6162987420e+01    9.2930681183e+00   -2.0224956881e+02    1.6000000000e+02    6.4258947514e-03    5.8854166667e-01
         6   -7.6233121421e+01    5.8140996914e+03   -1.6431587942e+02    8.8082757997e+01    3.8633516222e+01    9.2930681183e+00   -2.1224246376e+02    1.6000000000e+02    6.4056533756e-03    5.7833333333e-01
         7   -7.6215860419e+01    5.8103889783e+03   -1.5695218748e+02    8.0736327062e+01    3.7534353014e+01    9.2930681183e+00   -2.0377960861e+02    1.6000000000e+02    6.4220336208e-03    6.0062500000e-01
         8   -7.6648104497e+01    5.8803689141e+03   -1.6084377898e+02    8.4195674480e+01    3.7477827164e+01    9.2930681183e+00   -2.0761467426e+02    1.6000000000e+02    6.3816021211e-03    5.8729166667e-01
         9   -7.6228984298e+01    5.8128334253e+03   -1.7014012289e+02    9.3911138595e+01    3.7098978060e+01    9.2930681183e+00   -2.1653216907e+02    1.6000000000e+02    6.2860703747e-03    6.0041666667e-01
        10   -7.6305695371e+01    5.8243772196e+03   -1.4794257106e+02    7.1636875690e+01    3.5698881108e+01    9.2930681183e+00   -1.9293452029e+02    1.6000000000e+02    6.2261398125e-03    5.9354166667e-01
        11   -7.6538201977e+01    5.8595198244e+03   -1.4212603658e+02    6.5587834605e+01    3.6293871314e+01    9.2930681183e+00   -1.8771297601e+02    1.6000000000e+02    6.8146848771e-03    6.0187500000e-01
        12   -7.6389634862e+01    5.8365249880e+03   -1.4740235301e+02    7.1012718146e+01    3.6803493682e+01    9.2930681183e+00   -1.9349891481e+02    1.6000000000e+02    6.9037496251e-03    5.8916666667e-01
        13   -7.6186892888e+01    5.8059354711e+03   -1.5446634870e+02    7.8279455817e+01    3.7353826495e+01    9.2930681183e+00   -2.0111324332e+02    1.6000000000e+02    6.0629648160e-03    5.8562500000e-01
        14   -7.6468608073e+01    5.8493853680e+03   -1.5874339135e+02    8.2274783275e+01    3.6751016046e+01    9.2930681183e+00   -2.0478747551e+02    1.6000000000e+02    6.5630534973e-03    5.9687500000e-01
        15   -7.6382435662e+01    5.8354738599e+03   -1.5306060878e+02    7.6678173121e+01    3.6675621279e+01    9.2930681183e+00   -1.9902929818e+02    1.6000000000e+02    6.4478813110e-03    5.7812500000e-01
        16   -7.6159009181e+01    5.8022654946e+03   -1.4328486393e+02    6.7125854751e+01    3.7068237568e+01    9.2930681183e+00   -1.8964616962e+02    1.6000000000e+02    6.1298087476e-03    5.8937500000e-01
        17   -7.6183171256e+01    5.8051240557e+03   -1.2806584998e+02    5.1882678724e+01    3.6454332080e+01    9.2930681183e+00   -1.7381325018e+02    1.6000000000e+02    6.0007647462e-03    5.8020833333e-01
        18   -7.6397348362e+01    5.8383268246e+03   -1.3700937947e+02    6.0612031108e+01    3.6850181364e+01    9.2930681183e+00   -1.8315262895e+02    1.6000000000e+02    6.2972828709e-03    5.9020833333e-01
        19   -7.6237875797e+01    5.8141546449e+03   -1.3858889375e+02    6.2351017951e+01    3.8558547840e+01    9.2930681183e+00   -1.8644050971e+02    1.6000000000e+02    5.9164236263e-03    5.9500000000e-01
        20   -7.6402939319e+01    5.8389436866e+03   -1.3595073734e+02    5.9547798019e+01    3.9049078750e+01    9.2930681183e+00   -1.8429288421e+02    1.6000000000e+02    6.1116178731e-03    5.9104166667e-01
        21   -7.6381951551e+01    5.8357868941e+03   -1.3744573268e+02    6.1063781131e+01    3.7449924931e+01    9.2930681183e+00   -1.8418872573e+02    1.6000000000e+02    5.9898594409e-03    5.8895833333e-01
        22   -7.6100105536e+01    5.7963378320e+03   -1.3029156698e+02    5.4191461441e+01    3.6568847829e+01    9.2930681183e+00   -1.7615348292e+02    1.6000000000e+02    6.4002580693e-03    5.8000000000e-01
        23   -7.6394738981e+01    5.8379542726e+03   -1.3500634806e+02    5.8611609078e+01    3.6973205458e+01    9.2930681183e+00   -1.8127262164e+02    1.6000000000e+02    5.8770341875e-03    5.7979166667e-01
        24   -7.6272248044e+01    5.8188271680e+03   -1.2969944026e+02    5.3427192218e+01    3.6367824083e+01    9.2930681183e+00   -1.7536033246e+02    1.6000000000e+02    6.1037232554e-03    5.9166666667e-01
        25   -7.6535981209e+01    5.8595149116e+03   -1.2233374861e+02    4.5797767404e+01    3.6526506286e+01    9.2930681183e+00   -1.6815332302e+02    1.6000000000e+02    6.0434068128e-03    5.8708333333e-01
        26   -7.6577113143e+01    5.8662225358e+03   -1.2910177124e+02    5.2524658094e+01    3.7270410574e+01    9.2930681183e+00   -1.7566524993e+02    1.6000000000e+02    6.5268288145e-03    5.8020833333e-01
        27   -7.6340511368e+01    5.8297360258e+03   -1.3408302570e+02    5.7742514336e+01    3.6589685581e+01    9.2930681183e+00   -1.7996577940e+02    1.6000000000e+02    5.8013265007e-03    5.8854166667e-01
        28   -7.6196692229e+01    5.8085115758e+03   -1.6296738746e+02    8.6770695229e+01    3.8776517254e+01    9.2930681183e+00   -2.1103697283e+02    1.6000000000e+02    6.1411748775e-03    6.0020833333e-01
        29   -7.6243461756e+01    5.8144680977e+03   -1.6731337574e+02    9.1069913981e+01    3.7111667602e+01    9.2930681183e+00   -2.1371811146e+02    1.6000000000e+02    6.6656650597e-03    5.9312500000e-01
        30   -7.6096875282e+01    5.7919851638e+03   -1.7061245986e+02    9.4515584578e+01    3.8442509495e+01    9.2930681183e+00   -2.1834803747e+02    1.6000000000e+02    6.2526321217e-03    5.7708333333e-01
        31   -7.6061126223e+01    5.7872770093e+03   -1.6670585580e+02    9.0644729582e+01    3.7395454457e+01    9.2930681183e+00   -2.1339437838e+02    1.6000000000e+02    6.0136588090e-03    5.8916666667e-01
        32   -7.5949499404e+01    5.7715791038e+03   -1.4592304708e+02    6.9973547676e+01    3.6217288324e+01    9.2930681183e+00   -1.9143340352e+02    1.6000000000e+02    6.3835084402e-03    5.9604166667e-01
        33   -7.6398082414e+01    5.8381281248e+03   -1.3075899475e+02    5.4360912340e+01    3.6453297946e+01    9.2930681183e+00   -1.7650536082e+02    1.6000000000e+02    6.2448278732e-03    5.8979166667e-01
        34   -7.6616388189e+01    5.8713512241e+03   -1.1936585064e+02    4.2749462447e+01    3.7041133533e+01    9.2930681183e+00   -1.6570005229e+02    1.6000000000e+02    6.1930365046e-03    5.8687500000e-01
        35   -7.6374900524e+01    5.8346032727e+03   -1.2697191253e+02    5.0597012004e+01    3.7230187600e+01    9.2930681183e+00   -1.7349516825e+02    1.6000000000e+02    6.0136224947e-03    6.0125000000e-01
        36   -7.6359485509e+01    5.8320467829e+03   -1.3524436686e+02    5.8884881353e+01    3.7676645003e+01    9.2930681183e+00   -1.8221407998e+02    1.6000000000e+02    6.1648379397e-03    5.8687500000e-01
        37   -7.6396841142e+01    5.8384763944e+03   -1.3394930392e+02    5.7552462775e+01    3.6985736426e+01    9.2930681183e+00   -1.8022810846e+02    1.6000000000e+02    6.0331854402e-03    5.9541666667e-01
        38   -7.6279853314e+01    5.8202223858e+03   -1.2523938594e+02    4.8959532629e+01    3.7623780706e+01    9.2930681183e+00   -1.7215623477e+02    1.6000000000e+02    6.2465137526e-03    5.8437500000e-01
        39   -7.6302274609e+01    5.8237943120e+03   -1.3845796517e+02    6.2155690560e+01    3.6316262952e+01    9.2930681183e+00   -1.8406729624e+02    1.6000000000e+02    6.4431383125e-03    6.0312500000e-01
