#   index    LocalEnergy         LocalEnergy_sq      LocalPotential      Kinetic             ElecElec            IonIon              ElecIon             BlockWeight         BlockCPU            AcceptRatio         
         0   -7.6401221854e+01    5.8391863011e+03   -1.5433568702e+02    7.7934465163e+01    3.7388773304e+01    9.2930681183e+00   -2.0101752844e+02    2.0418000000e+04    7.1858926525e-01    9.4991414950e-01
         1   -7.6389824966e+01    5.8374829838e+03   -1.5302108540e+02    7.6631260430e+01    3.7327506694e+01    9.2930681183e+00   -1.9964166021e+02    2.0484000000e+04    6.9909732262e-01    9.5166074913e-01
         2   -7.6380767081e+01    5.8364887233e+03   -1.5338678575e+02    7.7006018666e+01    3.7504599733e+01    9.2930681183e+00   -2.0018445360e+02    2.0564000000e+04    7.0465045400e-01    9.5071516288e-01
         3   -7.6382613177e+01    5.8363687780e+03   -1.5301367883e+02    7.6631065654e+01    3.7518309742e+01    9.2930681183e+00   -1.9982505669e+02    2.0560000000e+04    6.9574455226e-01    9.4961088062e-01
         4   -7.6394456962e+01    5.8383573336e+03   -1.5213188815e+02    7.5737431183e+01    3.7600605618e+01    9.2930681183e+00   -1.9902556188e+02    2.0754000000e+04    7.2888719069e-01    9.5099903003e-01
         5   -7.6381460783e+01    5.8360536676e+03   -1.5043110942e+02    7.4049648640e+01    3.7445224340e+01    9.2930681183e+00   -1.9716940188e+02    2.0948000000e+04    7.2847964244e-01    9.5090869093e-01
         6   -7.6400767264e+01    5.8393711787e+03   -1.5304798690e+02    7.6647219641e+01    3.7463835709e+01    9.2930681183e+00   -1.9980489073e+02    2.1050000000e+04    7.5208761675e-01    9.5063286624e-01
         7   -7.6391417245e+01    5.8382292476e+03   -1.5672907019e+02    8.0337652946e+01    3.7523529321e+01    9.2930681183e+00   -2.0354566763e+02    2.0978000000e+04    7.6334286431e-01    9.4928967067e-01
         8   -7.6421574055e+01    5.8427335464e+03   -1.5659451056e+02    8.0172936508e+01    3.7587192754e+01    9.2930681183e+00   -2.0347477143e+02    2.1055000000e+04    7.4251169050e-01    9.4999837226e-01
         9   -7.6410633615e+01    5.8404789658e+03   -1.5297483433e+02    7.6564200717e+01    3.7508201477e+01    9.2930681183e+00   -1.9977610393e+02    2.1075000000e+04    7.7018660319e-01    9.5124340025e-01
        10   -7.6395752102e+01    5.8382719867e+03   -1.5218779043e+02    7.5792038331e+01    3.7429443449e+01    9.2930681183e+00   -1.9891030200e+02    2.1122000000e+04    7.3661694719e-01    9.5053753272e-01
        11   -7.6384958882e+01    5.8365283505e+03   -1.5272303854e+02    7.6338079657e+01    3.7438535453e+01    9.2930681183e+00   -1.9945464211e+02    2.1204000000e+04    7.4322528400e-01    9.5079058701e-01
        12   -7.6399085897e+01    5.8390394745e+03   -1.5494660420e+02    7.8547518298e+01    3.7505481738e+01    9.2930681183e+00   -2.0174515405e+02    2.1315000000e+04    7.5054246462e-01    9.5034947168e-01
        13   -7.6406506225e+01    5.8401915983e+03   -1.5355951114e+02    7.7153004919e+01    3.7513358024e+01    9.2930681183e+00   -2.0036593729e+02    2.1373000000e+04    7.6148898619e-01    9.5024576640e-01
        14   -7.6420242109e+01    5.8420542091e+03   -1.5216321972e+02    7.5742977612e+01    3.7415696036e+01    9.2930681183e+00   -1.9887198388e+02    2.1366000000e+04    8.1122961693e-01    9.4983257827e-01
        15   -7.6407454532e+01    5.8403625781e+03   -1.5273131063e+02    7.6323856099e+01    3.7468632822e+01    9.2930681183e+00   -1.9949301157e+02    2.1111000000e+04    7.5306887225e-01    9.5017348043e-01
        16   -7.6370440046e+01    5.8347954882e+03   -1.5494178660e+02    7.8571346554e+01    3.7615404797e+01    9.2930681183e+00   -2.0185025952e+02    2.1101000000e+04    7.7454296125e-01    9.4970285010e-01
        17   -7.6389098297e+01    5.8378398616e+03   -1.5195178797e+02    7.5562689678e+01    3.7593924138e+01    9.2930681183e+00   -1.9883878023e+02    2.1015000000e+04    7.8467886025e-01    9.4960460368e-01
        18   -7.6421931323e+01    5.8423828819e+03   -1.5123489574e+02    7.4812964414e+01    3.7575386046e+01    9.2930681183e+00   -1.9810334990e+02    2.0999000000e+04    7.9008382513e-01    9.5031600672e-01
        19   -7.6416738801e+01    5.8416496247e+03   -1.5324654712e+02    7.6829808314e+01    3.7536040699e+01    9.2930681183e+00   -2.0007565593e+02    2.1092000000e+04    7.7186793000e-01    9.5005860066e-01
        20   -7.6400128510e+01    5.8390514640e+03   -1.5272814345e+02    7.6328014937e+01    3.7518432429e+01    9.2930681183e+00   -1.9953964399e+02    2.1016000000e+04    7.7698889613e-01    9.5001421938e-01
        21   -7.6407288335e+01    5.8404855207e+03   -1.5218122807e+02    7.5773939736e+01    3.7384117609e+01    9.2930681183e+00   -1.9885841380e+02    2.0930000000e+04    7.5824428906e-01    9.5096789911e-01
        22   -7.6390476176e+01    5.8375726758e+03   -1.5269441732e+02    7.6303941140e+01    3.7312712581e+01    9.2930681183e+00   -1.9930019801e+02    2.0859000000e+04    7.5390328931e-01    9.5104257424e-01
        23   -7.6388733454e+01    5.8372884837e+03   -1.5058413661e+02    7.4195403151e+01    3.7304230410e+01    9.2930681183e+00   -1.9718143513e+02    2.0804000000e+04    7.5231709938e-01    9.5110812344e-01
        24   -7.6381570910e+01    5.8366114282e+03   -1.5025822712e+02    7.3876656212e+01    3.7331598723e+01    9.2930681183e+00   -1.9688289396e+02    2.0832000000e+04    7.6827202356e-01    9.5099414927e-01
        25   -7.6414741749e+01    5.8413708652e+03   -1.5220796506e+02    7.5793223316e+01    3.7299821447e+01    9.2930681183e+00   -1.9880085463e+02    2.0951000000e+04    7.8110009594e-01    9.5121795765e-01
        26   -7.6421623879e+01    5.8424258897e+03   -1.5359860224e+02    7.7176978361e+01    3.7260540264e+01    9.2930681183e+00   -2.0015221062e+02    2.0916000000e+04    7.7640767956e-01    9.5001685670e-01
        27   -7.6405310929e+01    5.8398099061e+03   -1.5151963024e+02    7.5114319312e+01    3.7210716882e+01    9.2930681183e+00   -1.9802341524e+02    2.0783000000e+04    7.6182635825e-01    9.5100440283e-01
        28   -7.6407419015e+01    5.8405270651e+03   -1.5342713102e+02    7.7019712004e+01    3.7185918937e+01    9.2930681183e+00   -1.9990611807e+02    2.0821000000e+04    7.6871937357e-01    9.4954698469e-01
        29   -7.6387088111e+01    5.8369987301e+03   -1.5551455731e+02    7.9127469195e+01    3.7336731326e+01    9.2930681183e+00   -2.0214435675e+02    2.0945000000e+04    7.7694572600e-01    9.4961553970e-01
        30   -7.6403591600e+01    5.8397316104e+03   -1.5341038967e+02    7.7006798066e+01    3.7431848379e+01    9.2930681183e+00   -2.0013530616e+02    2.1001000000e+04    7.6861995363e-01    9.4993381033e-01
        31   -7.6390990512e+01    5.8388968135e+03   -1.5263578134e+02    7.6244790827e+01    3.7310043327e+01    9.2930681183e+00   -1.9923889278e+02    2.0861000000e+04    7.9146263550e-01    9.4988819843e-01
        32   -7.6409887936e+01    5.8404144360e+03   -1.5233912661e+02    7.5929238673e+01    3.7173091239e+01    9.2930681183e+00   -1.9880528597e+02    2.0809000000e+04    9.1527182944e-01    9.5104375943e-01
        33   -7.6398926964e+01    5.8398842087e+03   -1.5270637775e+02    7.6307450790e+01    3.7326588148e+01    9.2930681183e+00   -1.9932603402e+02    2.0928000000e+04    8.9313984806e-01    9.5044514733e-01
        34   -7.6405337581e+01    5.8404029956e+03   -1.5044935481e+02    7.4044017229e+01    3.7323130901e+01    9.2930681183e+00   -1.9706555383e+02    2.0884000000e+04    1.0512523741e+00    9.5141059783e-01
        35   -7.6388176033e+01    5.8372375934e+03   -1.5285664222e+02    7.6468466185e+01    3.7337724556e+01    9.2930681183e+00   -1.9948743489e+02    2.0822000000e+04    1.0552761691e+00    9.5035985999e-01
        36   -7.6403491095e+01    5.8395369773e+03   -1.5166767641e+02    7.5264185310e+01    3.7294070101e+01    9.2930681183e+00   -1.9825481462e+02    2.0757000000e+04    8.1719617225e-01    9.5151814941e-01
        37   -7.6424484799e+01    5.8431544907e+03   -1.5158935658e+02    7.5164871785e+01    3.7365742304e+01    9.2930681183e+00   -1.9824816701e+02    2.0761000000e+04    7.9802594307e-01    9.4981143403e-01
        38   -7.6399850707e+01    5.8394128914e+03   -1.5546864018e+02    7.9068789473e+01    3.7566609672e+01    9.2930681183e+00   -2.0232831797e+02    2.0694000000e+04    7.6766718725e-01    9.5001305669e-01
        39   -7.6402820977e+01    5.8393462327e+03   -1.5290751537e+02    7.6504694391e+01    3.7459695577e+01    9.2930681183e+00   -1.9966027906e+02    2.0756000000e+04    7.7285297212e-01    9.5003057726e-01
        40   -7.6412083006e+01    5.8407354869e+03   -1.5071401664e+02    7.4301933635e+01    3.7293717960e+01    9.2930681183e+00   -1.9730080272e+02    2.0863000000e+04    7.9613107969e-01    9.5092632841e-01
        41   -7.6436338107e+01    5.8445875414e+03   -1.5314294405e+02    7.6706605947e+01    3.7303056063e+01    9.2930681183e+00   -1.9973906823e+02    2.0784000000e+04    7.6824325919e-01    9.5096606083e-01
        42   -7.6380099548e+01    5.8362105275e+03   -1.5398908968e+02    7.7608990131e+01    3.7348046677e+01    9.2930681183e+00   -2.0063020447e+02    2.0750000000e+04    7.9355619307e-01    9.5010179717e-01
        43   -7.6441228981e+01    5.8480480443e+03   -1.5012550918e+02    7.3684280201e+01    3.7043670357e+01    9.2930681183e+00   -1.9646224766e+02    2.0801000000e+04    7.7656585969e-01    9.5059651365e-01
        44   -7.6395242732e+01    5.8380637329e+03   -1.4944648171e+02    7.3051238978e+01    3.7125011075e+01    9.2930681183e+00   -1.9586456090e+02    2.0924000000e+04    7.7521305169e-01    9.5148819620e-01
        45   -7.6401504169e+01    5.8391104215e+03   -1.5124549514e+02    7.4843990975e+01    3.7096039710e+01    9.2930681183e+00   -1.9763460297e+02    2.0871000000e+04    7.9404822456e-01    9.5044986648e-01
        46   -7.6389011039e+01    5.8377514140e+03   -1.5158833627e+02    7.5199325228e+01    3.7138510520e+01    9.2930681183e+00   -1.9801991491e+02    2.0801000000e+04    7.5679771019e-01    9.5036745987e-01
        47   -7.6401484786e+01    5.8396923766e+03   -1.5147234157e+02    7.5070856789e+01    3.7007918521e+01    9.2930681183e+00   -1.9777332821e+02    2.0780000000e+04    8.0052677962e-01    9.5088369045e-01
        48   -7.6355907936e+01    5.8322083314e+03   -1.5200894558e+02    7.5653037643e+01    3.7178483841e+01    9.2930681183e+00   -1.9848049754e+02    2.0837000000e+04    7.8757700175e-01    9.5089307898e-01
        49   -7.6394397033e+01    5.8383996581e+03   -1.5382768132e+02    7.7433284290e+01    3.7183034929e+01    9.2930681183e+00   -2.0030378437e+02    2.0593000000e+04    7.8828815019e-01    9.5017596689e-01
        50   -7.6401568304e+01    5.8392057570e+03   -1.5474161471e+02    7.8340046404e+01    3.7297875585e+01    9.2930681183e+00   -2.0133255841e+02    2.0562000000e+04    7.9699931706e-01    9.5071525538e-01
        51   -7.6394970902e+01    5.8386069225e+03   -1.5270563843e+02    7.6310667526e+01    3.7273922422e+01    9.2930681183e+00   -1.9927262897e+02    2.0418000000e+04    7.6826133807e-01    9.5015583435e-01
        52   -7.6396378108e+01    5.8397031185e+03   -1.5198533555e+02    7.5588957445e+01    3.7335607197e+01    9.2930681183e+00   -1.9861401087e+02    2.0470000000e+04    8.0879545637e-01    9.5025051390e-01
        53   -7.6398874012e+01    5.8387588558e+03   -1.5151545062e+02    7.5116576608e+01    3.7222117996e+01    9.2930681183e+00   -1.9803063673e+02    2.0243000000e+04    7.9044916518e-01    9.5063673638e-01
        54   -7.6412742446e+01    5.8410816795e+03   -1.5063538231e+02    7.4222639867e+01    3.7211468912e+01    9.2930681183e+00   -1.9713991934e+02    2.0125000000e+04    7.7304285469e-01    9.5067455205e-01
        55   -7.6404704255e+01    5.8398459959e+03   -1.5274355981e+02    7.6338855557e+01    3.7319701307e+01    9.2930681183e+00   -1.9935632924e+02    1.9986000000e+04    7.5986622837e-01    9.5074604316e-01
        56   -7.6402279834e+01    5.8397616535e+03   -1.5219524450e+02    7.5792964670e+01    3.7236066140e+01    9.2930681183e+00   -1.9872437876e+02    1.9939000000e+04    7.6598508800e-01    9.5083529922e-01
        57   -7.6375992307e+01    5.8357317350e+03   -1.5322119942e+02    7.6845207116e+01    3.7254987379e+01    9.2930681183e+00   -1.9976925492e+02    1.9963000000e+04    7.6108382557e-01    9.5016464764e-01
        58   -7.6389781670e+01    5.8376073544e+03   -1.5300708440e+02    7.6617302730e+01    3.7237167566e+01    9.2930681183e+00   -1.9953732008e+02    2.0077000000e+04    7.6160713062e-01    9.5094104034e-01
        59   -7.6402914972e+01    5.8404836557e+03   -1.5402728849e+02    7.7624373519e+01    3.7268831827e+01    9.2930681183e+00   -2.0058918844e+02    2.0097000000e+04    7.7546594331e-01    9.5014294034e-01
        60   -7.6409537003e+01    5.8411016761e+03   -1.5405280847e+02    7.7643271464e+01    3.7259672468e+01    9.2930681183e+00   -2.0060554905e+02    2.0137000000e+04    7.5966754594e-01    9.4981159699e-01
        61   -7.6386201357e+01    5.8371249699e+03   -1.5224579257e+02    7.5859591216e+01    3.7306979930e+01    9.2930681183e+00   -1.9884584062e+02    2.0115000000e+04    7.7674215600e-01    9.4971164747e-01
        62   -7.6422041275e+01    5.8424797292e+03   -1.5158294346e+02    7.5160902181e+01    3.7368892604e+01    9.2930681183e+00   -1.9824490418e+02    2.0055000000e+04    7.8459581913e-01    9.5050573880e-01
        63   -7.6391393476e+01    5.8380737007e+03   -1.5324605274e+02    7.6854659260e+01    3.7385758930e+01    9.2930681183e+00   -1.9992487978e+02    2.0246000000e+04    7.8270415813e-01    9.5061106380e-01
        64   -7.6435086213e+01    5.8447617687e+03   -1.5367600199e+02    7.7240915779e+01    3.7374120540e+01    9.2930681183e+00   -2.0034319065e+02    2.0416000000e+04    7.7598669900e-01    9.4994225489e-01
        65   -7.6421090164e+01    5.8422845871e+03   -1.5079462590e+02    7.4373535738e+01    3.7264144620e+01    9.2930681183e+00   -1.9735183864e+02    2.0605000000e+04    7.8045062832e-01    9.5063137511e-01
        66   -7.6433264385e+01    5.8445656940e+03   -1.5040263225e+02    7.3969367863e+01    3.7212982099e+01    9.2930681183e+00   -1.9690868247e+02    2.0592000000e+04    8.0408570500e-01    9.5085939127e-01
        67   -7.6426072776e+01    5.8433526849e+03   -1.5308316519e+02    7.6657092417e+01    3.7242888103e+01    9.2930681183e+00   -1.9961912141e+02    2.0552000000e+04    7.7914120319e-01    9.5070412470e-01
        68   -7.6409776997e+01    5.8404418872e+03   -1.5230040898e+02    7.5890631988e+01    3.7185219508e+01    9.2930681183e+00   -1.9877869661e+02    2.0517000000e+04    7.8750545438e-01    9.5057685188e-01
        69   -7.6391273640e+01    5.8389903582e+03   -1.5450769594e+02    7.8116422296e+01    3.7242317511e+01    9.2930681183e+00   -2.0104308157e+02    2.0628000000e+04    7.8737399474e-01    9.5058685507e-01
        70   -7.6395932810e+01    5.8383079634e+03   -1.5070266139e+02    7.4306728584e+01    3.7118765439e+01    9.2930681183e+00   -1.9711449495e+02    2.0585000000e+04    7.7421427381e-01    9.5042820594e-01
        71   -7.6421618423e+01    5.8424099734e+03   -1.5330262674e+02    7.6881008313e+01    3.7271096203e+01    9.2930681183e+00   -1.9986679106e+02    2.0610000000e+04    7.6917290011e-01    9.5014511874e-01
        72   -7.6419666845e+01    5.8420742752e+03   -1.5057012295e+02    7.4150456105e+01    3.7273561243e+01    9.2930681183e+00   -1.9713675231e+02    2.0596000000e+04    8.0111460050e-01    9.5050629557e-01
        73   -7.6400002562e+01    5.8389863626e+03   -1.5177798109e+02    7.5377978530e+01    3.7408334197e+01    9.2930681183e+00   -1.9847938341e+02    2.0637000000e+04    7.9731101556e-01    9.4990168158e-01
        74   -7.6374433172e+01    5.8350506749e+03   -1.5205865442e+02    7.5684221249e+01    3.7438219719e+01    9.2930681183e+00   -1.9878994226e+02    2.0459000000e+04    7.8070482813e-01    9.5070256835e-01
        75   -7.6389390003e+01    5.8377804612e+03   -1.5209970411e+02    7.5710314109e+01    3.7429477975e+01    9.2930681183e+00   -1.9882225020e+02    2.0326000000e+04    7.7105506744e-01    9.5008013691e-01
        76   -7.6394956142e+01    5.8384152080e+03   -1.5134200834e+02    7.4947052200e+01    3.7230724314e+01    9.2930681183e+00   -1.9786580078e+02    2.0395000000e+04    7.6990991050e-01    9.5067422952e-01
        77   -7.6391505829e+01    5.8378828716e+03   -1.5621514307e+02    7.9823637244e+01    3.7271064020e+01    9.2930681183e+00   -2.0277927521e+02    2.0445000000e+04    7.7947092013e-01    9.4918977682e-01
        78   -7.6371858575e+01    5.8351368027e+03   -1.5453051345e+02    7.8158654872e+01    3.7274213352e+01    9.2930681183e+00   -2.0109779492e+02    2.0441000000e+04    7.7479173869e-01    9.4956469559e-01
        79   -7.6428356778e+01    5.8439329311e+03   -1.5420871561e+02    7.7780358831e+01    3.7285037517e+01    9.2930681183e+00   -2.0078682124e+02    2.0336000000e+04    7.7284352457e-01    9.5024316492e-01
        80   -7.6408667173e+01    5.8414711365e+03   -1.5295264040e+02    7.6543973225e+01    3.7317847921e+01    9.2930681183e+00   -1.9956355644e+02    2.0422000000e+04    7.7610983319e-01    9.5035484399e-01
        81   -7.6396041222e+01    5.8381004766e+03   -1.5038992389e+02    7.3993882664e+01    3.7077887061e+01    9.2930681183e+00   -1.9676087907e+02    2.0367000000e+04    7.8181421481e-01    9.5074010296e-01
        82   -7.6389700156e+01    5.8374203674e+03   -1.5172362538e+02    7.5333925226e+01    3.7096041598e+01    9.2930681183e+00   -1.9811273510e+02    2.0413000000e+04    8.0820164038e-01    9.5045128632e-01
        83   -7.6403994679e+01    5.8397655789e+03   -1.5338131253e+02    7.6977317852e+01    3.7272962561e+01    9.2930681183e+00   -1.9994734321e+02    2.0403000000e+04    7.8728561400e-01    9.4989875684e-01
        84   -7.6359367739e+01    5.8330614810e+03   -1.5092079950e+02    7.4561431765e+01    3.7383088250e+01    9.2930681183e+00   -1.9759695587e+02    2.0279000000e+04    8.0152814925e-01    9.5067122188e-01
        85   -7.6385968632e+01    5.8368779413e+03   -1.5154953826e+02    7.5163569628e+01    3.7466184273e+01    9.2930681183e+00   -1.9830879065e+02    2.0111000000e+04    7.6988598644e-01    9.5053998033e-01
        86   -7.6418385153e+01    5.8427837701e+03   -1.5114857446e+02    7.4730189311e+01    3.7588199766e+01    9.2930681183e+00   -1.9802984235e+02    2.0012000000e+04    7.7055009169e-01    9.5005719212e-01
        87   -7.6407546266e+01    5.8402670279e+03   -1.5378504171e+02    7.7377495443e+01    3.7525776303e+01    9.2930681183e+00   -2.0060388613e+02    2.0110000000e+04    7.7191653194e-01    9.5007081849e-01
        88   -7.6390780512e+01    5.8376347742e+03   -1.5367326950e+02    7.7282488988e+01    3.7314334228e+01    9.2930681183e+00   -2.0028067185e+02    1.9967000000e+04    7.6353927606e-01    9.5139513709e-01
        89   -7.6424861239e+01    5.8432164351e+03   -1.5255080391e+02    7.6125942674e+01    3.7362887430e+01    9.2930681183e+00   -1.9920675946e+02    1.9911000000e+04    7.6545502375e-01    9.5065646624e-01
        90   -7.6414051075e+01    5.8413823494e+03   -1.5224768916e+02    7.5833638086e+01    3.7375240894e+01    9.2930681183e+00   -1.9891599817e+02    2.0017000000e+04    7.4042658413e-01    9.5084472154e-01
        91   -7.6406093421e+01    5.8404179816e+03   -1.5142779949e+02    7.5021706070e+01    3.7303311371e+01    9.2930681183e+00   -1.9802417898e+02    2.0070000000e+04    7.9448250856e-01    9.5057315164e-01
        92   -7.6423553190e+01    5.8430532133e+03   -1.5163088508e+02    7.5207331885e+01    3.7408213069e+01    9.2930681183e+00   -1.9833216626e+02    2.0182000000e+04    7.8401125031e-01    9.5011118235e-01
        93   -7.6396330566e+01    5.8389841082e+03   -1.5448982484e+02    7.8093494274e+01    3.7446152029e+01    9.2930681183e+00   -2.0122904499e+02    2.0288000000e+04    7.7256613550e-01    9.4970881028e-01
        94   -7.6382036138e+01    5.8362702416e+03   -1.5460246158e+02    7.8220425439e+01    3.7395423431e+01    9.2930681183e+00   -2.0129095313e+02    2.0177000000e+04    7.7824109562e-01    9.5039617227e-01
        95   -7.6395050870e+01    5.8382716932e+03   -1.5279730567e+02    7.6402254798e+01    3.7202439900e+01    9.2930681183e+00   -1.9929281369e+02    2.0154000000e+04    7.5932808213e-01    9.4981149745e-01
        96   -7.6395887923e+01    5.8384979862e+03   -1.5223168833e+02    7.5835800407e+01    3.7123657759e+01    9.2930681183e+00   -1.9864841421e+02    2.0144000000e+04    7.7455681694e-01    9.4993735110e-01
        97   -7.6400324607e+01    5.8400425970e+03   -1.5579906424e+02    7.9398739631e+01    3.7219508029e+01    9.2930681183e+00   -2.0231164038e+02    2.0088000000e+04    7.7857356669e-01    9.5022207583e-01
        98   -7.6404113821e+01    5.8398514118e+03   -1.5396313070e+02    7.7559016879e+01    3.7156137697e+01    9.2930681183e+00   -2.0041233651e+02    2.0030000000e+04    7.8451566700e-01    9.4951934235e-01
        99   -7.6396837785e+01    5.8388461300e+03   -1.5192120149e+02    7.5524363705e+01    3.7152338783e+01    9.2930681183e+00   -1.9836660839e+02    1.9923000000e+04    7.7292327687e-01    9.4984593925e-01
       100   -7.6421508605e+01    5.8426252503e+03   -1.5559968222e+02    7.9178173613e+01    3.7184197955e+01    9.2930681183e+00   -2.0207694829e+02    1.9979000000e+04    7.5201305638e-01    9.4983471121e-01
       101   -7.6404401578e+01    5.8398286182e+03   -1.5455780253e+02    7.8153400953e+01    3.7169369227e+01    9.2930681183e+00   -2.0102023988e+02    2.0075000000e+04    7.8135642544e-01    9.5040589181e-01
       102   -7.6394043317e+01    5.8381251925e+03   -1.5440803309e+02    7.8013989777e+01    3.7117706034e+01    9.2930681183e+00   -2.0081880725e+02    2.0038000000e+04    7.3540450468e-01    9.5017128394e-01
       103   -7.6419909705e+01    5.8426176269e+03   -1.5294108337e+02    7.6521173660e+01    3.7059516365e+01    9.2930681183e+00   -1.9929366785e+02    2.0163000000e+04    7.6524342244e-01    9.5051752893e-01
       104   -7.6414313009e+01    5.8410538052e+03   -1.5333926223e+02    7.6924949226e+01    3.7053614404e+01    9.2930681183e+00   -1.9968594476e+02    2.0074000000e+04    7.7233306856e-01    9.4978532573e-01
       105   -7.6397868635e+01    5.8388224503e+03   -1.5287895739e+02    7.6481088751e+01    3.7090872151e+01    9.2930681183e+00   -1.9926289766e+02    2.0222000000e+04    7.5684996875e-01    9.5073123403e-01
       106   -7.6412453882e+01    5.8411613350e+03   -1.5311385854e+02    7.6701404660e+01    3.7088653121e+01    9.2930681183e+00   -1.9949557978e+02    2.0266000000e+04    7.8052879319e-01    9.4986504624e-01
       107   -7.6418698271e+01    5.8423399555e+03   -1.5476755405e+02    7.8348855777e+01    3.7363431906e+01    9.2930681183e+00   -2.0142405407e+02    2.0485000000e+04    7.7530356944e-01    9.5039506941e-01
       108   -7.6393679693e+01    5.8380991914e+03   -1.5235959776e+02    7.5965918062e+01    3.7235536166e+01    9.2930681183e+00   -1.9888820204e+02    2.0562000000e+04    7.9892199125e-01    9.4977570791e-01
       109   -7.6416234951e+01    5.8416038088e+03   -1.5269392725e+02    7.6277692297e+01    3.7289065145e+01    9.2930681183e+00   -1.9927606051e+02    2.0464000000e+04    7.7191821244e-01    9.5049483937e-01
       110   -7.6414825697e+01    5.8415239100e+03   -1.5397622213e+02    7.7561396438e+01    3.7218316182e+01    9.2930681183e+00   -2.0048760643e+02    2.0591000000e+04    7.8911144669e-01    9.4932000872e-01
       111   -7.6408844996e+01    5.8404666585e+03   -1.5188344549e+02    7.5474600496e+01    3.7464706159e+01    9.2930681183e+00   -1.9864121977e+02    2.0581000000e+04    8.0806864369e-01    9.5076212693e-01
       112   -7.6428702326e+01    5.8435059333e+03   -1.5434424610e+02    7.7915543773e+01    3.7418883715e+01    9.2930681183e+00   -2.0105619793e+02    2.0508000000e+04    7.8237592375e-01    9.5022512836e-01
       113   -7.6405416910e+01    5.8405525334e+03   -1.5196903203e+02    7.5563615122e+01    3.7293450904e+01    9.2930681183e+00   -1.9855555105e+02    2.0475000000e+04    7.6939541569e-01    9.5061196768e-01
       114   -7.6421724086e+01    5.8424413638e+03   -1.5253294260e+02    7.6111218512e+01    3.7246738297e+01    9.2930681183e+00   -1.9907274901e+02    2.0441000000e+04    7.8922112331e-01    9.5039566091e-01
       115   -7.6412284207e+01    5.8423416398e+03   -1.5122644278e+02    7.4814158575e+01    3.7298688931e+01    9.2930681183e+00   -1.9781819983e+02    2.0536000000e+04    7.6425762481e-01    9.5063406709e-01
       116   -7.6429936169e+01    5.8438452395e+03   -1.5141938954e+02    7.4989453374e+01    3.7277863749e+01    9.2930681183e+00   -1.9799032141e+02    2.0684000000e+04    7.7640318581e-01    9.5093697436e-01
       117   -7.6435033191e+01    5.8443080139e+03   -1.5352644039e+02    7.7091407195e+01    3.7274779928e+01    9.2930681183e+00   -2.0009428843e+02    2.0727000000e+04    7.8224125706e-01    9.4985502308e-01
       118   -7.6403833760e+01    5.8399558095e+03   -1.5138560949e+02    7.4981775733e+01    3.7333174795e+01    9.2930681183e+00   -1.9801185241e+02    2.0674000000e+04    7.5236533275e-01    9.5053444031e-01
       119   -7.6398285380e+01    5.8397251668e+03   -1.5261218652e+02    7.6213901143e+01    3.7256488446e+01    9.2930681183e+00   -1.9916174309e+02    2.0640000000e+04    7.7553283443e-01    9.5058876425e-01
       120   -7.6398553373e+01    5.8389680412e+03   -1.5350521605e+02    7.7106662679e+01    3.7351195312e+01    9.2930681183e+00   -2.0014947948e+02    2.0791000000e+04    7.8271425781e-01    9.4957178577e-01
       121   -7.6411678352e+01    5.8415669973e+03   -1.5323995128e+02    7.6828272927e+01    3.7341676678e+01    9.2930681183e+00   -1.9987469608e+02    2.0861000000e+04    7.7739542043e-01    9.5127754927e-01
       122   -7.6400408939e+01    5.8391469109e+03   -1.5356857190e+02    7.7168162966e+01    3.7255400547e+01    9.2930681183e+00   -2.0011704057e+02    2.0853000000e+04    7.4967523706e-01    9.5049642391e-01
       123   -7.6403084804e+01    5.8393940303e+03   -1.5009232483e+02    7.3689240023e+01    3.7277018130e+01    9.2930681183e+00   -1.9666241108e+02    2.0846000000e+04    7.9392120156e-01    9.5025294943e-01
       124   -7.6389597772e+01    5.8373085948e+03   -1.5273167811e+02    7.6342080340e+01    3.7142051795e+01    9.2930681183e+00   -1.9916679803e+02    2.0780000000e+04    7.9617794819e-01    9.5072998509e-01
       125   -7.6383712186e+01    5.8367480889e+03   -1.5428031580e+02    7.7896603612e+01    3.7309546064e+01    9.2930681183e+00   -2.0088292998e+02    2.0608000000e+04    7.7210909406e-01    9.5024613511e-01
       126   -7.6406210906e+01    5.8400604505e+03   -1.5317364150e+02    7.6767430593e+01    3.7271532091e+01    9.2930681183e+00   -1.9973824171e+02    2.0363000000e+04    7.9012839562e-01    9.5068060468e-01
       127   -7.6391645680e+01    5.8378146228e+03   -1.5293658484e+02    7.6544939165e+01    3.7171705989e+01    9.2930681183e+00   -1.9940135895e+02    2.0313000000e+04    7.7361060875e-01    9.5044634763e-01
       128   -7.6407748514e+01    5.8402057228e+03   -1.5385493971e+02    7.7447191194e+01    3.7302846863e+01    9.2930681183e+00   -2.0045085469e+02    2.0267000000e+04    7.7106445644e-01    9.4916672877e-01
       129   -7.6411339390e+01    5.8407747845e+03   -1.5245416095e+02    7.6042821561e+01    3.7326347710e+01    9.2930681183e+00   -1.9907357678e+02    2.0374000000e+04    7.6277199712e-01    9.5031451369e-01
       130   -7.6382344201e+01    5.8363056269e+03   -1.5126109135e+02    7.4878747152e+01    3.7393246259e+01    9.2930681183e+00   -1.9794740573e+02    2.0456000000e+04    7.8016737318e-01    9.5081499486e-01
       131   -7.6415534798e+01    5.8412852837e+03   -1.5262958006e+02    7.6214045258e+01    3.7292787113e+01    9.2930681183e+00   -1.9921543529e+02    2.0357000000e+04    7.6931459325e-01    9.5066936364e-01
       132   -7.6435489673e+01    5.8443732959e+03   -1.5432120519e+02    7.7885715515e+01    3.7350661362e+01    9.2930681183e+00   -2.0096493467e+02    2.0507000000e+04    8.0112596325e-01    9.5054483702e-01
       133   -7.6420558373e+01    5.8426631489e+03   -1.5552422820e+02    7.9103669827e+01    3.7329016677e+01    9.2930681183e+00   -2.0214631300e+02    2.0611000000e+04    7.5936118737e-01    9.5018642292e-01
       134   -7.6397037697e+01    5.8385461306e+03   -1.5539964584e+02    7.9002608145e+01    3.7268892140e+01    9.2930681183e+00   -2.0196160610e+02    2.0791000000e+04    7.9137252507e-01    9.4943610536e-01
       135   -7.6419940047e+01    5.8421173465e+03   -1.5262925186e+02    7.6209311817e+01    3.7272734206e+01    9.2930681183e+00   -1.9919505419e+02    2.0882000000e+04    8.0605018481e-01    9.5053227324e-01
       136   -7.6431997448e+01    5.8439782739e+03   -1.5210821623e+02    7.5676218779e+01    3.7206110773e+01    9.2930681183e+00   -1.9860739512e+02    2.0991000000e+04    7.7460547175e-01    9.5011592010e-01
       137   -7.6415080506e+01    5.8413659347e+03   -1.5165849005e+02    7.5243409546e+01    3.7210201690e+01    9.2930681183e+00   -1.9816175986e+02    2.1044000000e+04    7.8717375000e-01    9.5030989988e-01
       138   -7.6390000518e+01    5.8379931031e+03   -1.5295736821e+02    7.6567367690e+01    3.7191981295e+01    9.2930681183e+00   -1.9944241762e+02    2.0947000000e+04    7.9069887806e-01    9.5028465982e-01
       139   -7.6411858024e+01    5.8408678882e+03   -1.5281097798e+02    7.6399119958e+01    3.7262917271e+01    9.2930681183e+00   -1.9936696337e+02    2.0803000000e+04    8.1212972837e-01    9.5067466715e-01
       140   -7.6413509156e+01    5.8410757371e+03   -1.5365625973e+02    7.7242750579e+01    3.7319764333e+01    9.2930681183e+00   -2.0026909219e+02    2.0850000000e+04    8.1784907881e-01    9.5032435887e-01
       141   -7.6437678846e+01    5.8452866941e+03   -1.5356164100e+02    7.7123962152e+01    3.7383643103e+01    9.2930681183e+00   -2.0023835222e+02    2.0793000000e+04    8.0377683375e-01    9.4975742056e-01
       142   -7.6427007027e+01    5.8433714114e+03   -1.5285687951e+02    7.6429872482e+01    3.7396031542e+01    9.2930681183e+00   -1.9954597917e+02    2.0953000000e+04    8.0230054806e-01    9.5041497362e-01
       143   -7.6411921769e+01    5.8411876948e+03   -1.5327160458e+02    7.6859682807e+01    3.7494807486e+01    9.2930681183e+00   -2.0005948018e+02    2.1074000000e+04    8.0701813194e-01    9.5048949025e-01
       144   -7.6410214085e+01    5.8407004749e+03   -1.5143714294e+02    7.5026928851e+01    3.7408022247e+01    9.2930681183e+00   -1.9813823330e+02    2.0970000000e+04    8.0714276725e-01    9.4973327817e-01
       145   -7.6423824410e+01    5.8428609891e+03   -1.5175605674e+02    7.5332232326e+01    3.7442245351e+01    9.2930681183e+00   -1.9849137021e+02    2.0913000000e+04    8.1052015263e-01    9.5021935212e-01
       146   -7.6428427257e+01    5.8433683171e+03   -1.5131884972e+02    7.4890422459e+01    3.7288092598e+01    9.2930681183e+00   -1.9790001043e+02    2.0760000000e+04    7.5463818513e-01    9.4981349940e-01
       147   -7.6404630214e+01    5.8398523046e+03   -1.5300363453e+02    7.6599004317e+01    3.7311829260e+01    9.2930681183e+00   -1.9960853191e+02    2.0837000000e+04    8.1879956844e-01    9.5046190817e-01
       148   -7.6396669031e+01    5.8386659252e+03   -1.5231644953e+02    7.5919780498e+01    3.7241040993e+01    9.2930681183e+00   -1.9885055864e+02    2.0728000000e+04    7.8939997506e-01    9.5090341101e-01
       149   -7.6413549754e+01    5.8419446289e+03   -1.5061631699e+02    7.4202767239e+01    3.7176809145e+01    9.2930681183e+00   -1.9708619426e+02    2.0603000000e+04    8.1461179406e-01    9.5178139598e-01
       150   -7.6398856563e+01    5.8389703081e+03   -1.5029413920e+02    7.3895282633e+01    3.7075901823e+01    9.2930681183e+00   -1.9666310914e+02    2.0461000000e+04    7.7096187656e-01    9.5114641395e-01
       151   -7.6409012818e+01    5.8409150349e+03   -1.5223508082e+02    7.5826068001e+01    3.7255182456e+01    9.2930681183e+00   -1.9878333139e+02    2.0449000000e+04    7.7638702050e-01    9.5022227377e-01
       152   -7.6384056163e+01    5.8366758163e+03   -1.5229419529e+02    7.5910139122e+01    3.7306538689e+01    9.2930681183e+00   -1.9889380209e+02    2.0580000000e+04    7.5523450806e-01    9.5080500528e-01
       153   -7.6385813319e+01    5.8366232424e+03   -1.5185622385e+02    7.5470410535e+01    3.7275616310e+01    9.2930681183e+00   -1.9842490828e+02    2.0483000000e+04    7.7155506349e-01    9.5033002885e-01
       154   -7.6388530515e+01    5.8377474484e+03   -1.5423027244e+02    7.7841741921e+01    3.7323757711e+01    9.2930681183e+00   -2.0084709826e+02    2.0320000000e+04    7.6597249569e-01    9.4982384369e-01
       155   -7.6388931276e+01    5.8376132840e+03   -1.5246846734e+02    7.6079536068e+01    3.7448588105e+01    9.2930681183e+00   -1.9921012357e+02    2.0274000000e+04    7.5853085412e-01    9.5111424518e-01
       156   -7.6415329379e+01    5.8413347348e+03   -1.5325866833e+02    7.6843338953e+01    3.7306303028e+01    9.2930681183e+00   -1.9985803948e+02    2.0413000000e+04    7.8842636469e-01    9.5018835622e-01
       157   -7.6409645004e+01    5.8403868759e+03   -1.5458395821e+02    7.8174313205e+01    3.7220192995e+01    9.2930681183e+00   -2.0109721932e+02    2.0494000000e+04    8.0939983969e-01    9.5087689316e-01
       158   -7.6388119233e+01    5.8372992230e+03   -1.5219586012e+02    7.5807740883e+01    3.7169515139e+01    9.2930681183e+00   -1.9865844337e+02    2.0847000000e+04    7.8884696231e-01    9.5075849592e-01
       159   -7.6413581921e+01    5.8410490510e+03   -1.5177069392e+02    7.5357111999e+01    3.7159067880e+01    9.2930681183e+00   -1.9822282992e+02    2.0991000000e+04    7.8300052363e-01    9.5059793316e-01
       160   -7.6399658708e+01    5.8464901343e+03   -1.5289680758e+02    7.6497148877e+01    3.7224273173e+01    9.2930681183e+00   -1.9941414888e+02    2.1103000000e+04    8.1908942444e-01    9.4981841131e-01
       161   -7.6398520359e+01    5.8388255831e+03   -1.5282337847e+02    7.6424858107e+01    3.7465447902e+01    9.2930681183e+00   -1.9958189449e+02    2.1077000000e+04    8.2036940094e-01    9.5013486057e-01
       162   -7.6399011562e+01    5.8391007652e+03   -1.5109653858e+02    7.4697527018e+01    3.7392330948e+01    9.2930681183e+00   -1.9778193765e+02    2.0866000000e+04    7.9779503594e-01    9.5040955843e-01
       163   -7.6402893555e+01    5.8394861163e+03   -1.5192715024e+02    7.5524256687e+01    3.7367160462e+01    9.2930681183e+00   -1.9858737882e+02    2.0700000000e+04    7.7725055656e-01    9.5102886534e-01
       164   -7.6405983964e+01    5.8402955696e+03   -1.5150447033e+02    7.5098486367e+01    3.7249924043e+01    9.2930681183e+00   -1.9804746249e+02    2.0685000000e+04    7.6342797544e-01    9.5114463277e-01
       165   -7.6379074331e+01    5.8358400696e+03   -1.5349280500e+02    7.7113730673e+01    3.7301888996e+01    9.2930681183e+00   -2.0008776212e+02    2.0684000000e+04    7.8328240406e-01    9.5008341808e-01
       166   -7.6413423898e+01    5.8410582472e+03   -1.5217328980e+02    7.5759865903e+01    3.7377027347e+01    9.2930681183e+00   -1.9884338527e+02    2.0668000000e+04    7.8815407375e-01    9.4989042885e-01
       167   -7.6419722601e+01    5.8422242703e+03   -1.5326438668e+02    7.6844664075e+01    3.7405016367e+01    9.2930681183e+00   -1.9996247116e+02    2.0517000000e+04    7.9698278894e-01    9.4984876214e-01
       168   -7.6415568957e+01    5.8414994866e+03   -1.5386636262e+02    7.7450793663e+01    3.7403293570e+01    9.2930681183e+00   -2.0056272431e+02    2.0437000000e+04    7.7252237494e-01    9.5063005854e-01
       169   -7.6401031275e+01    5.8390421546e+03   -1.5256491902e+02    7.6163887747e+01    3.7466787293e+01    9.2930681183e+00   -1.9932477443e+02    2.0477000000e+04    7.6995621919e-01    9.5072327034e-01
       170   -7.6391845198e+01    5.8377392254e+03   -1.5043285590e+02    7.4041010700e+01    3.7362622711e+01    9.2930681183e+00   -1.9708854673e+02    2.0369000000e+04    7.7302636219e-01    9.5151052269e-01
       171   -7.6419000928e+01    5.8417752753e+03   -1.5071920236e+02    7.4300201428e+01    3.7342114376e+01    9.2930681183e+00   -1.9735438485e+02    2.0220000000e+04    7.6575749556e-01    9.5076394984e-01
       172   -7.6379857149e+01    5.8361524826e+03   -1.5354487897e+02    7.7165021820e+01    3.7412370948e+01    9.2930681183e+00   -2.0025031804e+02    2.0394000000e+04    7.6575414331e-01    9.4962402549e-01
       173   -7.6418142631e+01    5.8418999431e+03   -1.5204710393e+02    7.5628961297e+01    3.7394933660e+01    9.2930681183e+00   -1.9873510571e+02    2.0507000000e+04    7.7485967931e-01    9.5076054961e-01
       174   -7.6405470570e+01    5.8399323110e+03   -1.5256018910e+02    7.6154718527e+01    3.7416733370e+01    9.2930681183e+00   -1.9926999058e+02    2.0458000000e+04    7.5620511694e-01    9.5061179445e-01
       175   -7.6407246474e+01    5.8405348679e+03   -1.5510497074e+02    7.8697724271e+01    3.7323375843e+01    9.2930681183e+00   -2.0172141471e+02    2.0655000000e+04    7.6325246281e-01    9.5017916565e-01
       176   -7.6416418533e+01    5.8417640149e+03   -1.5253129609e+02    7.6114877554e+01    3.7301280298e+01    9.2930681183e+00   -1.9912564450e+02    2.0606000000e+04    7.8657321188e-01    9.4999474580e-01
       177   -7.6416204514e+01    5.8413080804e+03   -1.5219328266e+02    7.5777078149e+01    3.7290145209e+01    9.2930681183e+00   -1.9877649599e+02    2.0376000000e+04    7.7122717569e-01    9.5127420165e-01
       178   -7.6423228299e+01    5.8425847357e+03   -1.5205540084e+02    7.5632172538e+01    3.7309678129e+01    9.2930681183e+00   -1.9865814709e+02    2.0395000000e+04    7.7393442975e-01    9.5000401574e-01
       179   -7.6421612902e+01    5.8425006354e+03   -1.5513199591e+02    7.8710383012e+01    3.7239486275e+01    9.2930681183e+00   -2.0166455031e+02    2.0466000000e+04    7.6180811687e-01    9.4943610360e-01
       180   -7.6390583400e+01    5.8376492421e+03   -1.5420887220e+02    7.7818288804e+01    3.7189150098e+01    9.2930681183e+00   -2.0069109042e+02    2.0243000000e+04    7.6538701144e-01    9.5049541460e-01
       181   -7.6408357312e+01    5.8403019911e+03   -1.5175513690e+02    7.5346779588e+01    3.7094788425e+01    9.2930681183e+00   -1.9814299344e+02    2.0353000000e+04    7.7428377494e-01    9.5101555046e-01
       182   -7.6412895358e+01    5.8409376236e+03   -1.5423055380e+02    7.7817658445e+01    3.7079861574e+01    9.2930681183e+00   -2.0060348350e+02    2.0491000000e+04    8.0240184288e-01    9.5068055677e-01
       183   -7.6426519525e+01    5.8429438483e+03   -1.5229760363e+02    7.5871084102e+01    3.7231771985e+01    9.2930681183e+00   -1.9882244373e+02    2.0607000000e+04    7.6327812249e-01    9.5042532425e-01
       184   -7.6437493045e+01    5.8448289639e+03   -1.5364005148e+02    7.7202558438e+01    3.7264911697e+01    9.2930681183e+00   -2.0019803130e+02    2.0516000000e+04    7.8429508425e-01    9.5058266429e-01
       185   -7.6422049604e+01    5.8431475117e+03   -1.5509755963e+02    7.8675510029e+01    3.7201959773e+01    9.2930681183e+00   -2.0159258752e+02    2.0406000000e+04    7.8232515538e-01    9.4933292085e-01
       186   -7.6392947394e+01    5.8377984206e+03   -1.5172109948e+02    7.5328152091e+01    3.7211556721e+01    9.2930681183e+00   -1.9822572432e+02    2.0458000000e+04    7.8650734731e-01    9.5043268108e-01
       187   -7.6410055387e+01    5.8408361672e+03   -1.5396628440e+02    7.7556229011e+01    3.7207433551e+01    9.2930681183e+00   -2.0046678607e+02    2.0378000000e+04    7.8443750906e-01    9.4861055199e-01
       188   -7.6413084369e+01    5.8411515044e+03   -1.5395664347e+02    7.7543559097e+01    3.7315947511e+01    9.2930681183e+00   -2.0056565909e+02    2.0233000000e+04    7.8635563063e-01    9.5031444325e-01
       189   -7.6431098141e+01    5.8440019133e+03   -1.5585657214e+02    7.9425473996e+01    3.7379387985e+01    9.2930681183e+00   -2.0252902824e+02    2.0270000000e+04    7.7764185432e-01    9.4989370770e-01
       190   -7.6405315032e+01    5.8399465520e+03   -1.5504212409e+02    7.8636809060e+01    3.7248158721e+01    9.2930681183e+00   -2.0158335093e+02    2.0448000000e+04    7.7543906000e-01    9.4940810986e-01
       191   -7.6425246102e+01    5.8431479971e+03   -1.5194939305e+02    7.5524146952e+01    3.7324096481e+01    9.2930681183e+00   -1.9856655765e+02    2.0482000000e+04    7.5447715444e-01    9.5013164818e-01
       192   -7.6416474230e+01    5.8416268839e+03   -1.5047518840e+02    7.4058714167e+01    3.7311749556e+01    9.2930681183e+00   -1.9708000607e+02    2.0334000000e+04    7.9202738625e-01    9.5030034148e-01
       193   -7.6450322752e+01    5.8464241731e+03   -1.5149489023e+02    7.5044567478e+01    3.7241387405e+01    9.2930681183e+00   -1.9802934575e+02    2.0328000000e+04    7.6069240550e-01    9.5052439702e-01
       194   -7.6409431603e+01    5.8407079174e+03   -1.5158813598e+02    7.5178704373e+01    3.7356797153e+01    9.2930681183e+00   -1.9823800125e+02    2.0348000000e+04    7.7279876681e-01    9.5053534806e-01
       195   -7.6384074482e+01    5.8364401502e+03   -1.5211447642e+02    7.5730401942e+01    3.7282161811e+01    9.2930681183e+00   -1.9868970635e+02    2.0250000000e+04    7.6965433563e-01    9.5083902890e-01
       196   -7.6394934266e+01    5.8384489916e+03   -1.5279463484e+02    7.6399700578e+01    3.7308110453e+01    9.2930681183e+00   -1.9939581341e+02    2.0093000000e+04    7.7010409806e-01    9.5120868625e-01
       197   -7.6426387724e+01    5.8436391449e+03   -1.5233253655e+02    7.5906148831e+01    3.7333895177e+01    9.2930681183e+00   -1.9895949985e+02    2.0090000000e+04    7.7970010181e-01    9.5008349004e-01
       198   -7.6423213058e+01    5.8437380777e+03   -1.5048915975e+02    7.4065946689e+01    3.7131398471e+01    9.2930681183e+00   -1.9691362634e+02    2.0114000000e+04    7.5863584544e-01    9.5114207551e-01
       199   -7.6399038229e+01    5.8392922416e+03   -1.5299122038e+02    7.6592182150e+01    3.7304601553e+01    9.2930681183e+00   -1.9958889005e+02    2.0199000000e+04    7.5301562625e-01    9.5023163067e-01
