# Index          LocalEnergy            Variance              Weight        NumOfWalkers      AvgSentWalkers         TrialEnergy             DiffEff      LivingFraction
         0   -7.6348731131e+01    1.6671427657e+00    2.0530000000e+03    2.0480000000e+03    0.0000000000e+00   -7.6099053009e+01    8.6652052960e-01    9.9316406250e-01
         1   -7.6351047776e+01    1.6915756749e+00    2.0433974027e+03    2.0480000000e+03    0.0000000000e+00   -7.6470652674e+01    8.6274453998e-01    9.9121093750e-01
         2   -7.6377430261e+01    1.7902551251e+00    2.0490672314e+03    2.0540000000e+03    6.2500000000e-01   -7.6497317993e+01    8.6978924582e-01    9.9221032132e-01
         3   -7.6405111040e+01    1.9022269315e+00    2.0496203038e+03    2.0560000000e+03    3.1250000000e-01   -7.6572362282e+01    8.6402946972e-01    9.8784046693e-01
         4   -7.6409031978e+01    1.8230025064e+00    2.0471818604e+03    2.0410000000e+03    5.0000000000e-01   -7.6233919873e+01    8.6834632224e-01    9.9608035277e-01
         5   -7.6371716575e+01    2.1204239003e+00    2.0491048234e+03    2.0600000000e+03    2.5000000000e-01   -7.6701145760e+01    8.6721051979e-01    9.9077669903e-01
         6   -7.6371583355e+01    2.2811650350e+00    2.0484770681e+03    2.0530000000e+03    6.8750000000e-01   -7.6493638118e+01    8.6498299949e-01    9.9074525085e-01
         7   -7.6397334039e+01    1.8330040815e+00    2.0490316627e+03    2.0500000000e+03    4.3750000000e-01   -7.6420387654e+01    8.6891008129e-01    9.9268292683e-01
         8   -7.6400713290e+01    1.7087170195e+00    2.0477782389e+03    2.0460000000e+03    4.3750000000e-01   -7.6348482056e+01    8.6460654206e-01    9.9364613881e-01
         9   -7.6414755337e+01    1.5028134194e+00    2.0484562920e+03    2.0490000000e+03    3.7500000000e-01   -7.6425121394e+01    8.6529081065e-01    9.9560761347e-01
        10   -7.6427076766e+01    1.8012137505e+00    2.0490779476e+03    2.0550000000e+03    4.3750000000e-01   -7.6585362375e+01    8.6308057898e-01    9.9075425791e-01
        11   -7.6468102484e+01    1.7681174469e+00    2.0483206005e+03    2.0450000000e+03    3.7500000000e-01   -7.6353780882e+01    8.6641138841e-01    9.9315403423e-01
        12   -7.6430076920e+01    1.7827996429e+00    2.0466636159e+03    2.0440000000e+03    4.3750000000e-01   -7.6370350742e+01    8.5995517020e-01    9.9119373777e-01
        13   -7.6440299398e+01    2.4775400524e+00    2.0472737218e+03    2.0410000000e+03    3.1250000000e-01   -7.6258885752e+01    8.6610201783e-01    9.9216070554e-01
        14   -7.6355630868e+01    1.7361443014e+00    2.0457992925e+03    2.0430000000e+03    5.0000000000e-01   -7.6318079831e+01    8.6287602100e-01    9.9216837983e-01
        15   -7.6360466936e+01    2.1799809657e+00    2.0474354335e+03    2.0430000000e+03    2.5000000000e-01   -7.6233411301e+01    8.7108049571e-01    9.9608418992e-01
        16   -7.6424714825e+01    1.5505292065e+00    2.0491105660e+03    2.0490000000e+03    4.3750000000e-01   -7.6384875040e+01    8.6247180485e-01    9.9072718399e-01
        17   -7.6443209525e+01    2.1229449987e+00    2.0473456901e+03    2.0410000000e+03    6.2500000000e-01   -7.6253523658e+01    8.5919940884e-01    9.9412052915e-01
        18   -7.6432557174e+01    1.6018675215e+00    2.0482535507e+03    2.0480000000e+03    5.6250000000e-01   -7.6443209525e+01    8.6619561066e-01    9.9414062500e-01
        19   -7.6441205767e+01    1.7068454172e+00    2.0485478107e+03    2.0510000000e+03    4.3750000000e-01   -7.6505745769e+01    8.6684444570e-01    9.9414919551e-01
        20   -7.6454495543e+01    2.0658436548e+00    2.0492430507e+03    2.0560000000e+03    4.3750000000e-01   -7.6636137788e+01    8.6516926021e-01    9.9270428016e-01
        21   -7.6468602834e+01    2.2282166043e+00    2.0512692482e+03    2.0510000000e+03    5.0000000000e-01   -7.6442669539e+01    8.6146055566e-01    9.9366162847e-01
        22   -7.6412210717e+01    1.6865806261e+00    2.0492408050e+03    2.0500000000e+03    3.1250000000e-01   -7.6448826741e+01    8.5743695663e-01    9.9609756098e-01
        23   -7.6359761248e+01    2.3669466296e+00    2.0543020784e+03    2.0570000000e+03    4.3750000000e-01   -7.6459152951e+01    8.6323210476e-01    9.8979095771e-01
        24   -7.6386753552e+01    3.9082538959e+00    2.0452179001e+03    2.0480000000e+03    6.2500000000e-01   -7.6444128715e+01    8.6685845941e-01    9.8828125000e-01
        25   -7.6438997200e+01    1.7801101046e+00    2.0364056118e+03    2.0370000000e+03    3.7500000000e-01   -7.6421869652e+01    8.6045587711e-01    9.9067255768e-01
        26   -7.6443349771e+01    2.1323543427e+00    2.0319284352e+03    2.0310000000e+03    5.0000000000e-01   -7.6412169519e+01    8.6500532574e-01    9.9064500246e-01
        27   -7.6427126865e+01    1.7446882402e+00    2.0236782530e+03    2.0230000000e+03    3.7500000000e-01   -7.6410864545e+01    8.6344014231e-01    9.9357390015e-01
        28   -7.6404398211e+01    1.7065911386e+00    2.0309657538e+03    2.0310000000e+03    4.3750000000e-01   -7.6417336654e+01    8.6664818454e-01    9.9162973904e-01
        29   -7.6441656113e+01    1.9750106814e+00    2.0241431807e+03    2.0240000000e+03    5.6250000000e-01   -7.6414045766e+01    8.6127155342e-01    9.9308300395e-01
        30   -7.6435571450e+01    2.8080676094e+00    2.0295239200e+03    2.0290000000e+03    5.6250000000e-01   -7.6414369524e+01    8.6307166304e-01    9.9704287827e-01
        31   -7.6411873069e+01    2.0367535068e+00    2.0388956109e+03    2.0390000000e+03    3.7500000000e-01   -7.6420919223e+01    8.6854710886e-01    9.9313388916e-01
        32   -7.6456132465e+01    2.5811590873e+00    2.0402753696e+03    2.0400000000e+03    5.0000000000e-01   -7.6422263540e+01    8.6519349150e-01    9.9313725490e-01
        33   -7.6420425169e+01    1.7620227563e+00    2.0403386918e+03    2.0400000000e+03    3.7500000000e-01   -7.6421163204e+01    8.6704945278e-01    9.8921568627e-01
        34   -7.6435439980e+01    1.7923096117e+00    2.0362718106e+03    2.0360000000e+03    5.6250000000e-01   -7.6421418735e+01    8.7200118381e-01    9.9508840864e-01
        35   -7.6474623504e+01    2.8697934151e+00    2.0366288266e+03    2.0360000000e+03    4.3750000000e-01   -7.6420960723e+01    8.6338498375e-01    9.9165029470e-01
        36   -7.6430523614e+01    1.8624840510e+00    2.0385652932e+03    2.0380000000e+03    4.3750000000e-01   -7.6422480225e+01    8.6528642701e-01    9.9509322866e-01
        37   -7.6388228723e+01    2.1756935628e+00    2.0390768646e+03    2.0400000000e+03    3.1250000000e-01   -7.6426240422e+01    8.6322322729e-01    9.9460784314e-01
        38   -7.6405905920e+01    2.2358963663e+00    2.0419484921e+03    2.0430000000e+03    3.1250000000e-01   -7.6427730446e+01    8.6556852519e-01    9.9461576114e-01
        39   -7.6402405694e+01    1.6624504375e+00    2.0480900133e+03    2.0490000000e+03    3.7500000000e-01   -7.6428455309e+01    8.6810195438e-01    9.9267935578e-01
        40   -7.6425095425e+01    2.5260602097e+00    2.0465261921e+03    2.0470000000e+03    5.0000000000e-01   -7.6426375685e+01    8.6132523391e-01    9.9462628236e-01
        41   -7.6405180345e+01    4.2476986796e+00    2.0493321757e+03    2.0500000000e+03    4.3750000000e-01   -7.6426675486e+01    8.6157057129e-01    9.9073170732e-01
        42   -7.6441898649e+01    1.5952290977e+00    2.0485360434e+03    2.0480000000e+03    5.6250000000e-01   -7.6425671947e+01    8.6096944520e-01    9.9169921875e-01
        43   -7.6452623654e+01    5.4474890747e+00    2.0460516694e+03    2.0460000000e+03    5.6250000000e-01   -7.6423803968e+01    8.6195648792e-01    9.9315738025e-01
        44   -7.6445998298e+01    3.5044020714e+00    2.0392827533e+03    2.0400000000e+03    5.0000000000e-01   -7.6421580344e+01    8.7069064188e-01    9.9166666667e-01
        45   -7.6462310840e+01    4.4370520508e+00    2.0308553476e+03    2.0310000000e+03    3.1250000000e-01   -7.6418243995e+01    8.6153403391e-01    9.8966026588e-01
        46   -7.6483932369e+01    8.6249265295e+00    2.0174905327e+03    2.0170000000e+03    5.0000000000e-01   -7.6412073851e+01    8.6751812020e-01    9.9553792762e-01
        47   -7.6440423623e+01    1.8379673789e+00    2.0204764147e+03    2.0200000000e+03    1.8750000000e-01   -7.6414855827e+01    8.6634387800e-01    9.9702970297e-01
        48   -7.6403704264e+01    1.7351896809e+00    2.0249808608e+03    2.0250000000e+03    5.0000000000e-01   -7.6419303386e+01    8.6402914988e-01    9.9209876543e-01
        49   -7.6349724085e+01    1.6634607977e+00    2.0164276181e+03    2.0180000000e+03    6.8750000000e-01   -7.6416179443e+01    8.6687625785e-01    9.9405351833e-01
        50   -7.6363971911e+01    2.0887185840e+00    2.0158185656e+03    2.0180000000e+03    3.7500000000e-01   -7.6415271711e+01    8.6528128079e-01    9.9157581764e-01
        51   -7.6375161258e+01    2.2973915062e+00    2.0117710181e+03    2.0130000000e+03    3.1250000000e-01   -7.6410200470e+01    8.6531411361e-01    9.9403874814e-01
        52   -7.6369111953e+01    2.2129714123e+00    2.0125762358e+03    2.0140000000e+03    4.3750000000e-01   -7.6408713802e+01    8.6348037541e-01    9.9354518371e-01
        53   -7.6388006016e+01    3.6328109595e+00    2.0143932483e+03    2.0160000000e+03    3.7500000000e-01   -7.6408182314e+01    8.6370833325e-01    9.9305555556e-01
        54   -7.6407152006e+01    1.7834134134e+00    2.0137749627e+03    2.0140000000e+03    3.7500000000e-01   -7.6405577443e+01    8.6278786091e-01    9.9205561072e-01
        55   -7.6373995102e+01    1.9740752157e+00    2.0106168460e+03    2.0110000000e+03    4.3750000000e-01   -7.6403106406e+01    8.6347669984e-01    9.9453008454e-01
        56   -7.6346133539e+01    2.1179724024e+00    2.0173884371e+03    2.0190000000e+03    6.2500000000e-01   -7.6406682580e+01    8.6426087996e-01    9.9356116890e-01
        57   -7.6335890860e+01    1.6234647915e+00    2.0106940104e+03    2.0130000000e+03    3.1250000000e-01   -7.6402437499e+01    8.6194573516e-01    9.9155489319e-01
        58   -7.6320508153e+01    1.8272424545e+00    2.0125669604e+03    2.0150000000e+03    4.3750000000e-01   -7.6401495245e+01    8.6252623771e-01    9.9354838710e-01
        59   -7.6383629245e+01    2.1481717410e+00    2.0080796985e+03    2.0100000000e+03    3.1250000000e-01   -7.6396912082e+01    8.6686430849e-01    9.9502487562e-01
        60   -7.6396143791e+01    5.5700400274e+00    2.0106486511e+03    2.0120000000e+03    5.0000000000e-01   -7.6395528289e+01    8.6399037313e-01    9.9005964215e-01
        61   -7.6382796921e+01    2.4508375817e+00    2.0059898796e+03    2.0070000000e+03    5.6250000000e-01   -7.6392317338e+01    8.6570104221e-01    9.9252615845e-01
        62   -7.6415945257e+01    3.5899258160e+00    2.0008115791e+03    2.0010000000e+03    5.0000000000e-01   -7.6388932939e+01    8.6478690543e-01    9.9500249875e-01
        63   -7.6358488430e+01    1.8793383612e+00    2.0044006467e+03    2.0050000000e+03    4.3750000000e-01   -7.6390247324e+01    8.6221706506e-01    9.9152119701e-01
        64   -7.6343325520e+01    1.9307791648e+00    2.0045913464e+03    2.0060000000e+03    4.3750000000e-01   -7.6390847732e+01    8.5955518590e-01    9.9252243270e-01
        65   -7.6370674338e+01    1.8335196687e+00    1.9959341076e+03    1.9970000000e+03    2.5000000000e-01   -7.6385171534e+01    8.6630208169e-01    9.9399098648e-01
        66   -7.6395066246e+01    2.2136105321e+00    1.9998008101e+03    2.0000000000e+03    4.3750000000e-01   -7.6385214754e+01    8.6191663969e-01    9.9500000000e-01
        67   -7.6354809879e+01    1.7867686954e+00    2.0004054724e+03    2.0010000000e+03    5.0000000000e-01   -7.6384900652e+01    8.6160115172e-01    9.9400299850e-01
        68   -7.6349688273e+01    2.5689395303e+00    2.0027133426e+03    2.0040000000e+03    4.3750000000e-01   -7.6386126882e+01    8.6401151023e-01    9.9051896208e-01
        69   -7.6358917604e+01    2.9174221359e+00    1.9979574337e+03    1.9990000000e+03    4.3750000000e-01   -7.6382546397e+01    8.6632574233e-01    9.9349674837e-01
        70   -7.6405964972e+01    1.9993725787e+00    2.0027447426e+03    2.0030000000e+03    5.0000000000e-01   -7.6383403903e+01    8.6595336113e-01    9.9201198203e-01
        71   -7.6389508791e+01    2.1749667693e+00    1.9955990812e+03    1.9950000000e+03    2.5000000000e-01   -7.6378486133e+01    8.6155589833e-01    9.9398496241e-01
        72   -7.6406145503e+01    1.7137739118e+00    1.9945886066e+03    1.9940000000e+03    4.3750000000e-01   -7.6378008969e+01    8.6239180466e-01    9.8996990973e-01
        73   -7.6399185714e+01    2.1808521749e+00    1.9919907348e+03    1.9910000000e+03    5.0000000000e-01   -7.6376216130e+01    8.6809877206e-01    9.8945253641e-01
        74   -7.6425100932e+01    1.8836690619e+00    1.9845890562e+03    1.9830000000e+03    5.0000000000e-01   -7.6372221485e+01    8.6150498439e-01    9.9445284922e-01
        75   -7.6436214787e+01    1.9063190618e+00    1.9878530656e+03    1.9860000000e+03    3.7500000000e-01   -7.6373637045e+01    8.5867837833e-01    9.9345417925e-01
        76   -7.6415935669e+01    3.4355403427e+00    1.9882348040e+03    1.9870000000e+03    5.0000000000e-01   -7.6374510492e+01    8.5984058476e-01    9.9295420232e-01
        77   -7.6359328463e+01    2.5677502998e+00    1.9858852746e+03    1.9860000000e+03    3.7500000000e-01   -7.6374559138e+01    8.6007508235e-01    9.9446122860e-01
        78   -7.6370877150e+01    2.5466568073e+00    1.9850795658e+03    1.9860000000e+03    2.5000000000e-01   -7.6374742507e+01    8.6124851209e-01    9.9194360524e-01
        79   -7.6385792957e+01    3.8934825674e+00    1.9879880525e+03    1.9890000000e+03    5.0000000000e-01   -7.6375469650e+01    8.6639896012e-01    9.9597787833e-01
        80   -7.6370090886e+01    2.0720790986e+00    1.9920792677e+03    1.9930000000e+03    3.1250000000e-01   -7.6376914955e+01    8.6608522578e-01    9.9347717010e-01
        81   -7.6415233604e+01    2.5057025534e+00    1.9915094000e+03    1.9910000000e+03    4.3750000000e-01   -7.6375610206e+01    8.6390159335e-01    9.9347061778e-01
        82   -7.6425113331e+01    1.8008172216e+00    1.9926587511e+03    1.9910000000e+03    3.7500000000e-01   -7.6375065916e+01    8.5945098568e-01    9.9497739829e-01
        83   -7.6444088797e+01    5.2858444261e+00    1.9909750889e+03    1.9900000000e+03    3.1250000000e-01   -7.6374753069e+01    8.6139683943e-01    9.8944723618e-01
        84   -7.6402383086e+01    2.5957727271e+00    1.9848916060e+03    1.9840000000e+03    3.7500000000e-01   -7.6372071427e+01    8.6435581450e-01    9.8840725806e-01
        85   -7.6416664880e+01    1.7795858777e+00    1.9752770720e+03    1.9740000000e+03    5.6250000000e-01   -7.6367637877e+01    8.6521684096e-01    9.9392097264e-01
        86   -7.6410110810e+01    2.1507808586e+00    1.9844093314e+03    1.9830000000e+03    3.7500000000e-01   -7.6372155626e+01    8.5828855785e-01    9.9142713061e-01
        87   -7.6439870453e+01    2.1752819112e+00    1.9779776148e+03    1.9760000000e+03    5.0000000000e-01   -7.6368802307e+01    8.6389604357e-01    9.9342105263e-01
        88   -7.6403263029e+01    1.9636652255e+00    1.9807110537e+03    1.9790000000e+03    5.6250000000e-01   -7.6370400542e+01    8.6429603800e-01    9.9696816574e-01
        89   -7.6396313046e+01    2.2277286339e+00    1.9925656118e+03    1.9920000000e+03    3.7500000000e-01   -7.6377458148e+01    8.6132247753e-01    9.9447791165e-01
        90   -7.6451809977e+01    2.2084278098e+00    1.9943901415e+03    1.9930000000e+03    5.0000000000e-01   -7.6377932607e+01    8.6647410355e-01    9.9247365780e-01
        91   -7.6439510254e+01    2.0991165707e+00    1.9899881272e+03    1.9880000000e+03    3.7500000000e-01   -7.6375296135e+01    8.6280416313e-01    9.9446680080e-01
        92   -7.6437749124e+01    2.3261594320e+00    1.9916790216e+03    1.9900000000e+03    3.7500000000e-01   -7.6376951377e+01    8.6194403558e-01    9.9497487437e-01
        93   -7.6456577646e+01    1.7581267108e+00    1.9951348124e+03    1.9930000000e+03    2.5000000000e-01   -7.6378921202e+01    8.6409064982e-01    9.9397892624e-01
        94   -7.6406045821e+01    1.9641324937e+00    1.9946490291e+03    1.9930000000e+03    3.1250000000e-01   -7.6379348300e+01    8.6823717965e-01    9.9397892624e-01
        95   -7.6533624802e+01    4.5131987520e+00    1.9942162294e+03    1.9920000000e+03    3.1250000000e-01   -7.6379513174e+01    8.6564655136e-01    9.9447791165e-01
        96   -7.6416763704e+01    4.1708799300e+00    2.0017156247e+03    2.0000000000e+03    4.3750000000e-01   -7.6383505512e+01    8.6618575693e-01    9.9450000000e-01
        97   -7.6436758843e+01    2.0490385677e+00    2.0058842474e+03    2.0050000000e+03    3.7500000000e-01   -7.6387643987e+01    8.6563452236e-01    9.9401496259e-01
        98   -7.6441709761e+01    1.8832163378e+00    2.0088465979e+03    2.0070000000e+03    3.1250000000e-01   -7.6388742279e+01    8.5650389428e-01    9.9651220727e-01
        99   -7.6477038257e+01    1.9799051189e+00    2.0131654943e+03    2.0110000000e+03    3.7500000000e-01   -7.6391085141e+01    8.6047307216e-01    9.9104922924e-01
