#   index    LocalEnergy         LocalEnergy_sq      LocalPotential      Kinetic             ElecElec            IonIon              LocalECP            NonLocalECP         BlockWeight         BlockCPU            AcceptRatio         
         0   -2.1842309252e+01    4.7824664848e+02   -4.2318142396e+01    2.0475833144e+01   -5.4663116887e+00   -2.5551327033e+01   -1.3149163402e+01    1.8486597272e+00    8.0130000000e+03    3.4101499623e+00    9.9583214146e-01
         1   -2.1805064009e+01    4.7655377481e+02   -4.2036605260e+01    2.0231541251e+01   -5.4881016004e+00   -2.5551327033e+01   -1.3051763615e+01    2.0545869881e+00    8.0140000000e+03    3.4134237657e+00    9.9590653757e-01
         2   -2.1821459079e+01    4.7728314313e+02   -4.2148434246e+01    2.0326975167e+01   -5.4853759679e+00   -2.5551327033e+01   -1.3143484230e+01    2.0317529848e+00    7.9610000000e+03    3.4112120990e+00    9.9551447733e-01
         3   -2.1802802740e+01    4.7649732910e+02   -4.2082705505e+01    2.0279902765e+01   -5.4333622102e+00   -2.5551327033e+01   -1.3255253699e+01    2.1572374364e+00    7.9360000000e+03    3.3710549212e+00    9.9558125867e-01
         4   -2.1825682951e+01    4.7746342568e+02   -4.2124884250e+01    2.0299201299e+01   -5.4222618287e+00   -2.5551327033e+01   -1.3221005455e+01    2.0697100667e+00    7.9630000000e+03    3.3801132710e+00    9.9560111591e-01
         5   -2.1826005005e+01    4.7752172831e+02   -4.2177214119e+01    2.0351209114e+01   -5.4275317306e+00   -2.5551327033e+01   -1.3375877317e+01    2.1775219615e+00    8.0080000000e+03    3.4200278502e+00    9.9586480602e-01
         6   -2.1833030769e+01    4.7784803079e+02   -4.2297901840e+01    2.0464871071e+01   -5.4303476297e+00   -2.5551327033e+01   -1.3315614460e+01    1.9993872829e+00    7.9910000000e+03    3.4273215250e+00    9.9551608294e-01
         7   -2.1858757807e+01    4.7904527203e+02   -4.2461453537e+01    2.0602695731e+01   -5.3591610201e+00   -2.5551327033e+01   -1.3714971884e+01    2.1640063995e+00    8.0350000000e+03    3.5586331833e+00    9.9562292205e-01
         8   -2.1842664691e+01    4.7828388341e+02   -4.2524986322e+01    2.0682321631e+01   -5.4141620273e+00   -2.5551327033e+01   -1.3567153858e+01    2.0076565960e+00    8.1050000000e+03    3.4137670790e+00    9.9548008470e-01
         9   -2.1816814939e+01    4.7717605844e+02   -4.2318827874e+01    2.0502012935e+01   -5.4044731474e+00   -2.5551327033e+01   -1.3428486099e+01    2.0654584060e+00    8.0900000000e+03    3.4327498897e+00    9.9514676740e-01
        10   -2.1851770797e+01    4.7865742633e+02   -4.2161776559e+01    2.0310005763e+01   -5.4379866453e+00   -2.5551327033e+01   -1.3257380190e+01    2.0849173085e+00    7.9510000000e+03    3.3726881315e+00    9.9542327207e-01
        11   -2.1905845157e+01    4.8097506476e+02   -4.2103240643e+01    2.0197395486e+01   -5.4286502934e+00   -2.5551327033e+01   -1.3117972675e+01    1.9947093584e+00    8.0110000000e+03    3.3564238027e+00    9.9515663286e-01
        12   -2.1863155878e+01    4.7906695655e+02   -4.2361565791e+01    2.0498409913e+01   -5.4443629845e+00   -2.5551327033e+01   -1.3289553988e+01    1.9236782149e+00    8.1810000000e+03    3.4435295015e+00    9.9519982324e-01
        13   -2.1885340238e+01    4.8008210910e+02   -4.2434649896e+01    2.0549309659e+01   -5.4584027968e+00   -2.5551327033e+01   -1.3377323987e+01    1.9524039201e+00    8.2180000000e+03    3.4766361040e+00    9.9542013688e-01
        14   -2.1840503344e+01    4.7812876267e+02   -4.2360523399e+01    2.0520020055e+01   -5.4996464882e+00   -2.5551327033e+01   -1.3372131512e+01    2.0625816338e+00    8.2140000000e+03    3.5118564025e+00    9.9543235684e-01
        15   -2.1832958556e+01    4.7781577327e+02   -4.2269316110e+01    2.0436357553e+01   -5.5027233062e+00   -2.5551327033e+01   -1.3337347603e+01    2.1220818325e+00    8.1710000000e+03    3.4933699048e+00    9.9558402996e-01
        16   -2.1806119669e+01    4.7666568629e+02   -4.2099968832e+01    2.0293849164e+01   -5.4836142143e+00   -2.5551327033e+01   -1.3264005519e+01    2.1989779333e+00    8.1820000000e+03    3.4570216852e+00    9.9538169996e-01
        17   -2.1803026026e+01    4.7648324714e+02   -4.2199835314e+01    2.0396809288e+01   -5.4722781495e+00   -2.5551327033e+01   -1.3244812392e+01    2.0685822607e+00    8.1610000000e+03    3.4431005328e+00    9.9557517238e-01
        18   -2.1835216381e+01    4.7815352131e+02   -4.2482583748e+01    2.0647367367e+01   -5.4342656132e+00   -2.5551327033e+01   -1.3426004412e+01    1.9290133100e+00    8.1160000000e+03    3.4376340447e+00    9.9506339800e-01
        19   -2.1804834493e+01    4.7667463827e+02   -4.2275365700e+01    2.0470531207e+01   -5.3557905774e+00   -2.5551327033e+01   -1.3481233000e+01    2.1129849097e+00    8.0780000000e+03    3.4273791920e+00    9.9499109080e-01
        20   -2.1839468666e+01    4.7813289742e+02   -4.2251436067e+01    2.0411967401e+01   -5.3553064707e+00   -2.5551327033e+01   -1.3445292708e+01    2.1004901450e+00    8.1150000000e+03    3.4434369388e+00    9.9552416305e-01
        21   -2.1849339447e+01    4.7861194650e+02   -4.2330735146e+01    2.0481395699e+01   -5.4181569485e+00   -2.5551327033e+01   -1.3366424871e+01    2.0051737066e+00    8.1460000000e+03    3.4542467945e+00    9.9535701526e-01
        22   -2.1864952870e+01    4.7921730522e+02   -4.2333052788e+01    2.0468099918e+01   -5.5111201820e+00   -2.5551327033e+01   -1.3356232836e+01    2.0856272624e+00    8.1500000000e+03    3.4546573692e+00    9.9509869378e-01
        23   -2.1811543137e+01    4.7694108315e+02   -4.2202251876e+01    2.0390708739e+01   -5.4867551670e+00   -2.5551327033e+01   -1.3292801686e+01    2.1286320095e+00    8.1620000000e+03    3.4709135278e+00    9.9553071808e-01
        24   -2.1800013342e+01    4.7638544449e+02   -4.2242897381e+01    2.0442884040e+01   -5.4617801522e+00   -2.5551327033e+01   -1.3321153596e+01    2.0913633993e+00    8.0890000000e+03    3.4210416230e+00    9.9524031037e-01
        25   -2.1832929152e+01    4.7802626383e+02   -4.2317578103e+01    2.0484648952e+01   -5.4252515866e+00   -2.5551327033e+01   -1.3338075311e+01    1.9970758275e+00    8.0970000000e+03    3.4302806793e+00    9.9541970900e-01
        26   -2.1831695542e+01    4.7775990736e+02   -4.2212159791e+01    2.0380464249e+01   -5.3987642529e+00   -2.5551327033e+01   -1.3050959910e+01    1.7888914054e+00    8.0890000000e+03    3.4354870925e+00    9.9550763265e-01
        27   -2.1803200835e+01    4.7655208399e+02   -4.2270821010e+01    2.0467620175e+01   -5.4051577675e+00   -2.5551327033e+01   -1.3101602569e+01    1.7872663596e+00    8.0320000000e+03    3.3918761225e+00    9.9552880412e-01
        28   -2.1814897759e+01    4.7699266398e+02   -4.2470335425e+01    2.0655437666e+01   -5.4754625468e+00   -2.5551327033e+01   -1.3340248838e+01    1.8967029934e+00    7.9180000000e+03    3.3626836227e+00    9.9537539119e-01
        29   -2.1850735388e+01    4.7859174816e+02   -4.2311220940e+01    2.0460485552e+01   -5.4478558679e+00   -2.5551327033e+01   -1.3270699857e+01    1.9586618179e+00    7.8460000000e+03    3.3177712527e+00    9.9576358398e-01
        30   -2.1849263576e+01    4.7851947436e+02   -4.2364592914e+01    2.0515329337e+01   -5.4020892720e+00   -2.5551327033e+01   -1.3403162967e+01    1.9919863579e+00    7.9110000000e+03    3.3389156810e+00    9.9561738837e-01
        31   -2.1824417992e+01    4.7742786195e+02   -4.2139558305e+01    2.0315140314e+01   -5.4166050349e+00   -2.5551327033e+01   -1.3208011010e+01    2.0363847726e+00    7.9740000000e+03    3.3773948245e+00    9.9555304597e-01
        32   -2.1843961344e+01    4.7828681611e+02   -4.2140646671e+01    2.0296685327e+01   -5.4372130296e+00   -2.5551327033e+01   -1.3007605891e+01    1.8554992819e+00    8.0690000000e+03    3.4135926580e+00    9.9569574389e-01
        33   -2.1825514060e+01    4.7752009487e+02   -4.1688113001e+01    1.9862598941e+01   -5.3815675249e+00   -2.5551327033e+01   -1.2708424096e+01    1.9532056530e+00    8.0600000000e+03    3.4194177082e+00    9.9581852683e-01
        34   -2.1798691119e+01    4.7628428164e+02   -4.1976723858e+01    2.0178032739e+01   -5.4138686386e+00   -2.5551327033e+01   -1.2847494355e+01    1.8359661689e+00    8.0030000000e+03    3.3779370028e+00    9.9571972977e-01
        35   -2.1869724402e+01    4.7929990548e+02   -4.2132090698e+01    2.0262366296e+01   -5.4570303470e+00   -2.5551327033e+01   -1.2969497564e+01    1.8457642458e+00    7.9330000000e+03    3.3863431997e+00    9.9564631221e-01
        36   -2.1855073215e+01    4.7875222884e+02   -4.2202845959e+01    2.0347772743e+01   -5.4364569372e+00   -2.5551327033e+01   -1.2875155674e+01    1.6600936857e+00    7.9680000000e+03    3.3938309842e+00    9.9564353834e-01
        37   -2.1790394352e+01    4.7605256273e+02   -4.2217369386e+01    2.0426975034e+01   -5.4682826821e+00   -2.5551327033e+01   -1.3024337539e+01    1.8265778681e+00    7.9640000000e+03    3.3909112170e+00    9.9549280360e-01
        38   -2.1797857222e+01    4.7644557248e+02   -4.2307928504e+01    2.0510071282e+01   -5.3820282675e+00   -2.5551327033e+01   -1.3201567680e+01    1.8269944770e+00    8.0030000000e+03    3.4012848188e+00    9.9510944486e-01
        39   -2.1790525331e+01    4.7591331328e+02   -4.2194958096e+01    2.0404432764e+01   -5.4107220074e+00   -2.5551327033e+01   -1.3188245813e+01    1.9553367575e+00    7.9720000000e+03    3.3932477705e+00    9.9556230579e-01
        40   -2.1805330439e+01    4.7658846748e+02   -4.2238068701e+01    2.0432738262e+01   -5.3809557400e+00   -2.5551327033e+01   -1.3170983547e+01    1.8651976187e+00    7.9700000000e+03    3.4180582570e+00    9.9519078083e-01
        41   -2.1788103572e+01    4.7586324528e+02   -4.2189884315e+01    2.0401780743e+01   -5.3773192171e+00   -2.5551327033e+01   -1.3248346963e+01    1.9871088978e+00    7.9320000000e+03    3.3977039628e+00    9.9530316018e-01
        42   -2.1815083963e+01    4.7701596211e+02   -4.2387538657e+01    2.0572454695e+01   -5.3576402968e+00   -2.5551327033e+01   -1.3552590533e+01    2.0740192053e+00    7.9520000000e+03    3.4036224707e+00    9.9526337417e-01
        43   -2.1810397487e+01    4.7682627640e+02   -4.2482141622e+01    2.0671744135e+01   -5.4537992380e+00   -2.5551327033e+01   -1.3542991814e+01    2.0659764624e+00    7.9740000000e+03    3.3907150773e+00    9.9557029904e-01
        44   -2.1797030091e+01    4.7619208818e+02   -4.2399721974e+01    2.0602691883e+01   -5.4738782798e+00   -2.5551327033e+01   -1.3324010164e+01    1.9494935032e+00    7.9480000000e+03    3.3865807985e+00    9.9518326752e-01
        45   -2.1779030829e+01    4.7558813272e+02   -4.2446710904e+01    2.0667680075e+01   -5.4354548270e+00   -2.5551327033e+01   -1.3420575633e+01    1.9606465889e+00    8.1330000000e+03    3.4719561973e+00    9.9529600189e-01
        46   -2.1781726327e+01    4.7562460386e+02   -4.2308384314e+01    2.0526657987e+01   -5.4166520138e+00   -2.5551327033e+01   -1.3261419519e+01    1.9210142517e+00    8.0550000000e+03    3.4136419710e+00    9.9534456504e-01
        47   -2.1796176039e+01    4.7624269708e+02   -4.2158338776e+01    2.0362162736e+01   -5.4521791815e+00   -2.5551327033e+01   -1.3226454179e+01    2.0716216171e+00    8.0110000000e+03    3.3948627382e+00    9.9529581934e-01
        48   -2.1776686513e+01    4.7538977109e+02   -4.1953054745e+01    2.0176368232e+01   -5.5033446938e+00   -2.5551327033e+01   -1.3029389885e+01    2.1310068663e+00    8.0100000000e+03    3.4029459695e+00    9.9553185908e-01
        49   -2.1764938076e+01    4.7486538724e+02   -4.2313506434e+01    2.0548568358e+01   -5.5589176482e+00   -2.5551327033e+01   -1.3129002563e+01    1.9257408097e+00    7.9160000000e+03    3.3763742462e+00    9.9553966626e-01
        50   -2.1767720468e+01    4.7499457835e+02   -4.2104149164e+01    2.0336428697e+01   -5.4756822043e+00   -2.5551327033e+01   -1.3158818604e+01    2.0816786768e+00    7.7580000000e+03    3.3263919197e+00    9.9552489420e-01
        51   -2.1751414837e+01    4.7426200190e+02   -4.1916777123e+01    2.0165362287e+01   -5.4494725381e+00   -2.5551327033e+01   -1.2886901792e+01    1.9709242393e+00    7.7320000000e+03    3.2827556685e+00    9.9553646518e-01
        52   -2.1812391961e+01    4.7690084281e+02   -4.2048104308e+01    2.0235712346e+01   -5.4932833961e+00   -2.5551327033e+01   -1.2896252135e+01    1.8927582567e+00    7.8590000000e+03    3.3215692853e+00    9.9554211211e-01
        53   -2.1808289739e+01    4.7675822659e+02   -4.1943528223e+01    2.0135238483e+01   -5.5141893583e+00   -2.5551327033e+01   -1.2797720697e+01    1.9197088657e+00    7.7990000000e+03    3.3002707485e+00    9.9566962880e-01
        54   -2.1847435727e+01    4.7850151570e+02   -4.1954071369e+01    2.0106635642e+01   -5.4756664701e+00   -2.5551327033e+01   -1.2914318959e+01    1.9872410926e+00    7.7890000000e+03    3.3048005923e+00    9.9555261367e-01
        55   -2.1874750071e+01    4.7971498472e+02   -4.2120422175e+01    2.0245672104e+01   -5.4146667116e+00   -2.5551327033e+01   -1.3166305310e+01    2.0118768797e+00    7.8390000000e+03    3.3362978730e+00    9.9577721622e-01
        56   -2.1880080014e+01    4.7989767997e+02   -4.2056087986e+01    2.0176007972e+01   -5.4089814617e+00   -2.5551327033e+01   -1.3196749026e+01    2.1009695347e+00    7.8380000000e+03    3.3286092262e+00    9.9535503986e-01
        57   -2.1826348123e+01    4.7748455402e+02   -4.2206611095e+01    2.0380262973e+01   -5.4022067710e+00   -2.5551327033e+01   -1.3299032383e+01    2.0459550916e+00    7.8530000000e+03    3.3192259222e+00    9.9550855152e-01
        58   -2.1808090340e+01    4.7670540830e+02   -4.1890794081e+01    2.0082703741e+01   -5.4477069758e+00   -2.5551327033e+01   -1.2812335533e+01    1.9205754603e+00    7.8460000000e+03    3.3381578828e+00    9.9547697315e-01
        59   -2.1813247267e+01    4.7691153153e+02   -4.1690721402e+01    1.9877474136e+01   -5.4413331971e+00   -2.5551327033e+01   -1.2708188291e+01    2.0101271180e+00    7.8550000000e+03    3.3471237185e+00    9.9554425508e-01
        60   -2.1863753773e+01    4.7912508886e+02   -4.1705546452e+01    1.9841792679e+01   -5.4726853577e+00   -2.5551327033e+01   -1.2705714983e+01    2.0241809213e+00    7.9520000000e+03    3.3625589135e+00    9.9579216236e-01
        61   -2.1834598818e+01    4.7783113989e+02   -4.1869363608e+01    2.0034764790e+01   -5.5098018962e+00   -2.5551327033e+01   -1.2727879403e+01    1.9196447243e+00    8.0720000000e+03    3.4438323495e+00    9.9544737618e-01
        62   -2.1842799536e+01    4.7820224111e+02   -4.2121114611e+01    2.0278315075e+01   -5.4594308821e+00   -2.5551327033e+01   -1.3011198775e+01    1.9008420786e+00    8.0780000000e+03    3.4416035103e+00    9.9550456097e-01
        63   -2.1848485806e+01    4.7850272601e+02   -4.2068987322e+01    2.0220501517e+01   -5.4907143337e+00   -2.5551327033e+01   -1.3066940626e+01    2.0399946701e+00    8.0480000000e+03    3.4274991500e+00    9.9554466669e-01
        64   -2.1862865701e+01    4.7900894521e+02   -4.2076110030e+01    2.0213244329e+01   -5.4521839062e+00   -2.5551327033e+01   -1.3065921351e+01    1.9933222598e+00    7.9940000000e+03    3.3836847520e+00    9.9538464391e-01
        65   -2.1821600644e+01    4.7744598722e+02   -4.2037524337e+01    2.0215923693e+01   -5.4660970319e+00   -2.5551327033e+01   -1.3059794344e+01    2.0396940727e+00    7.9300000000e+03    3.3796271685e+00    9.9565964047e-01
        66   -2.1796781244e+01    4.7623463457e+02   -4.1948379783e+01    2.0151598539e+01   -5.4209429842e+00   -2.5551327033e+01   -1.2956373308e+01    1.9802635422e+00    7.8910000000e+03    3.3501399223e+00    9.9577764468e-01
        67   -2.1795539232e+01    4.7624505004e+02   -4.1932371697e+01    2.0136832465e+01   -5.3787458277e+00   -2.5551327033e+01   -1.2927246709e+01    1.9249478724e+00    7.9640000000e+03    3.3666268960e+00    9.9540126338e-01
        68   -2.1817174662e+01    4.7744797844e+02   -4.1895845912e+01    2.0078671249e+01   -5.4232677682e+00   -2.5551327033e+01   -1.2849830706e+01    1.9285795954e+00    8.0740000000e+03    3.4202100293e+00    9.9533091401e-01
        69   -2.1812376266e+01    4.7689455470e+02   -4.1790831148e+01    1.9978454882e+01   -5.4923728528e+00   -2.5551327033e+01   -1.2923018531e+01    2.1758872689e+00    8.0880000000e+03    3.4198646925e+00    9.9541441754e-01
        70   -2.1806661626e+01    4.7656508774e+02   -4.1597269849e+01    1.9790608223e+01   -5.4563602064e+00   -2.5551327033e+01   -1.2710621582e+01    2.1210389721e+00    8.2120000000e+03    3.4789515760e+00    9.9552637081e-01
        71   -2.1806874338e+01    4.7659815650e+02   -4.1751546339e+01    1.9944672002e+01   -5.4400603233e+00   -2.5551327033e+01   -1.2869810266e+01    2.1096512833e+00    8.2210000000e+03    3.5052564905e+00    9.9559241680e-01
        72   -2.1818536538e+01    4.7721641340e+02   -4.1839564764e+01    2.0021028226e+01   -5.4215693119e+00   -2.5551327033e+01   -1.2818101873e+01    1.9514334536e+00    8.1610000000e+03    3.4888150698e+00    9.9575166546e-01
        73   -2.1859053110e+01    4.7893731815e+02   -4.2054689254e+01    2.0195636144e+01   -5.4660700768e+00   -2.5551327033e+01   -1.3036576700e+01    1.9992845556e+00    8.2140000000e+03    3.5016414138e+00    9.9580826051e-01
        74   -2.1830892183e+01    4.7763869892e+02   -4.2104284493e+01    2.0273392310e+01   -5.4812466594e+00   -2.5551327033e+01   -1.3327507755e+01    2.2557969548e+00    8.1040000000e+03    3.4568226510e+00    9.9559977602e-01
        75   -2.1863386382e+01    4.7905798168e+02   -4.2243069685e+01    2.0379683303e+01   -5.4897638598e+00   -2.5551327033e+01   -1.3300907155e+01    2.0989283629e+00    8.1010000000e+03    3.4333098148e+00    9.9557037302e-01
        76   -2.1902823546e+01    4.8092764249e+02   -4.2182701744e+01    2.0279878198e+01   -5.4491805228e+00   -2.5551327033e+01   -1.3222702272e+01    2.0405080830e+00    8.1340000000e+03    3.4500672890e+00    9.9584362615e-01
        77   -2.1851252648e+01    4.7858166440e+02   -4.2103184336e+01    2.0251931688e+01   -5.5056287307e+00   -2.5551327033e+01   -1.2986894614e+01    1.9406660414e+00    8.0710000000e+03    3.4651123968e+00    9.9597532317e-01
        78   -2.1852316694e+01    4.7867321491e+02   -4.2240237893e+01    2.0387921199e+01   -5.4393452893e+00   -2.5551327033e+01   -1.3043415552e+01    1.7938499817e+00    8.0370000000e+03    3.4313196102e+00    9.9520711186e-01
        79   -2.1830636965e+01    4.7771356532e+02   -4.2338761937e+01    2.0508124972e+01   -5.4600436567e+00   -2.5551327033e+01   -1.3183887220e+01    1.8564959728e+00    8.0420000000e+03    3.4117137043e+00    9.9518422406e-01
        80   -2.1816050035e+01    4.7705221800e+02   -4.2694286726e+01    2.0878236690e+01   -5.4615062168e+00   -2.5551327033e+01   -1.3416083971e+01    1.7346304956e+00    8.0500000000e+03    3.4061416830e+00    9.9552571521e-01
        81   -2.1832563053e+01    4.7779859706e+02   -4.2389274469e+01    2.0556711416e+01   -5.4251442974e+00   -2.5551327033e+01   -1.3203584993e+01    1.7907818544e+00    8.0970000000e+03    3.4474103018e+00    9.9569964531e-01
        82   -2.1808668291e+01    4.7671446269e+02   -4.2461397200e+01    2.0652728909e+01   -5.3781262057e+00   -2.5551327033e+01   -1.3429342926e+01    1.8973989647e+00    8.0640000000e+03    3.4398641593e+00    9.9540658381e-01
        83   -2.1768367797e+01    4.7503303543e+02   -4.2190664899e+01    2.0422297102e+01   -5.3306684627e+00   -2.5551327033e+01   -1.3243922470e+01    1.9352530661e+00    8.0140000000e+03    3.4402755565e+00    9.9565314465e-01
        84   -2.1830969165e+01    4.7782237923e+02   -4.2138928654e+01    2.0307959489e+01   -5.3115285412e+00   -2.5551327033e+01   -1.3319202542e+01    2.0431294624e+00    7.9740000000e+03    3.3826273257e+00    9.9557608349e-01
        85   -2.1815002393e+01    4.7701861432e+02   -4.2319718820e+01    2.0504716427e+01   -5.3486569542e+00   -2.5551327033e+01   -1.3576532924e+01    2.1567980910e+00    8.0650000000e+03    3.4611518658e+00    9.9557180587e-01
        86   -2.1783316574e+01    4.7560250038e+02   -4.2327418824e+01    2.0544102250e+01   -5.3328922055e+00   -2.5551327033e+01   -1.3635395590e+01    2.1921960050e+00    8.0430000000e+03    3.4265748443e+00    9.9525321692e-01
        87   -2.1810268770e+01    4.7682576610e+02   -4.2360913653e+01    2.0550644882e+01   -5.3832562492e+00   -2.5551327033e+01   -1.3422497286e+01    1.9961669153e+00    8.0920000000e+03    3.4466380003e+00    9.9526997033e-01
        88   -2.1812349285e+01    4.7688033452e+02   -4.2274134798e+01    2.0461785513e+01   -5.3953649996e+00   -2.5551327033e+01   -1.3221293573e+01    1.8938508075e+00    8.0710000000e+03    3.4589229930e+00    9.9563641016e-01
        89   -2.1797745525e+01    4.7630349951e+02   -4.2314545425e+01    2.0516799900e+01   -5.4318035404e+00   -2.5551327033e+01   -1.3318932596e+01    1.9875177437e+00    7.9550000000e+03    3.4064285178e+00    9.9586374519e-01
        90   -2.1787145404e+01    4.7579481283e+02   -4.2333086646e+01    2.0545941241e+01   -5.4493259542e+00   -2.5551327033e+01   -1.3389830965e+01    2.0573973061e+00    7.8550000000e+03    3.3339001990e+00    9.9524120497e-01
        91   -2.1823222981e+01    4.7731633867e+02   -4.2289760210e+01    2.0466537229e+01   -5.5077572002e+00   -2.5551327033e+01   -1.3167331923e+01    1.9366559462e+00    7.7350000000e+03    3.3269570623e+00    9.9531005819e-01
        92   -2.1798215498e+01    4.7624521931e+02   -4.2496136821e+01    2.0697921323e+01   -5.5528879750e+00   -2.5551327033e+01   -1.3359872664e+01    1.9679508516e+00    7.7160000000e+03    3.3198195138e+00    9.9545668918e-01
        93   -2.1833298179e+01    4.7780894303e+02   -4.2453973952e+01    2.0620675773e+01   -5.5563130915e+00   -2.5551327033e+01   -1.3211769940e+01    1.8654361126e+00    7.8170000000e+03    3.3506437855e+00    9.9554030611e-01
        94   -2.1883536572e+01    4.7998009122e+02   -4.2387096497e+01    2.0503559925e+01   -5.5348788566e+00   -2.5551327033e+01   -1.3210299760e+01    1.9094091526e+00    7.9270000000e+03    3.4094435730e+00    9.9591082675e-01
        95   -2.1879158027e+01    4.7972353036e+02   -4.2098760051e+01    2.0219602024e+01   -5.5023282509e+00   -2.5551327033e+01   -1.2966778576e+01    1.9216738091e+00    7.9830000000e+03    3.4034411128e+00    9.9569863437e-01
        96   -2.1910271361e+01    4.8114021111e+02   -4.2065669249e+01    2.0155397888e+01   -5.4982273598e+00   -2.5551327033e+01   -1.2924663046e+01    1.9085481892e+00    8.0950000000e+03    3.4295000437e+00    9.9547974211e-01
        97   -2.1850221326e+01    4.7846572344e+02   -4.2069010754e+01    2.0218789428e+01   -5.5476055179e+00   -2.5551327033e+01   -1.3050786542e+01    2.0807083387e+00    8.1970000000e+03    3.4765197880e+00    9.9548585315e-01
        98   -2.1866694959e+01    4.7932686106e+02   -4.2360575598e+01    2.0493880639e+01   -5.5532852613e+00   -2.5551327033e+01   -1.3171442305e+01    1.9154790015e+00    8.2790000000e+03    3.5094263610e+00    9.9559994216e-01
        99   -2.1857950923e+01    4.7921535052e+02   -4.2375433620e+01    2.0517482697e+01   -5.4879926689e+00   -2.5551327033e+01   -1.3321188770e+01    1.9850748518e+00    8.3790000000e+03    3.5717681805e+00    9.9502491459e-01
       100   -2.1863337574e+01    4.7916910950e+02   -4.2220763243e+01    2.0357425669e+01   -5.4643799635e+00   -2.5551327033e+01   -1.3073652502e+01    1.8685962557e+00    8.3150000000e+03    3.5387524585e+00    9.9528365576e-01
       101   -2.1841329793e+01    4.7819699695e+02   -4.2127354337e+01    2.0286024544e+01   -5.4608954364e+00   -2.5551327033e+01   -1.2944186677e+01    1.8290548097e+00    8.2980000000e+03    3.5400222320e+00    9.9550616345e-01
       102   -2.1840007994e+01    4.7804453356e+02   -4.2353480484e+01    2.0513472490e+01   -5.4678610568e+00   -2.5551327033e+01   -1.3244180305e+01    1.9098879101e+00    8.2580000000e+03    3.5152948772e+00    9.9549248866e-01
       103   -2.1804159265e+01    4.7652949646e+02   -4.2532199427e+01    2.0728040162e+01   -5.4291199409e+00   -2.5551327033e+01   -1.3543496677e+01    1.9917442245e+00    8.2640000000e+03    3.5221685718e+00    9.9530845003e-01
       104   -2.1808372811e+01    4.7672737936e+02   -4.2313239918e+01    2.0504867107e+01   -5.4403615469e+00   -2.5551327033e+01   -1.3430292345e+01    2.1087410069e+00    8.3780000000e+03    3.5543172650e+00    9.9529416208e-01
       105   -2.1793903295e+01    4.7624231200e+02   -4.2248872662e+01    2.0454969367e+01   -5.4534907265e+00   -2.5551327033e+01   -1.3310751845e+01    2.0666969431e+00    8.3640000000e+03    3.5238672570e+00    9.9534227589e-01
       106   -2.1860358347e+01    4.7907437029e+02   -4.2362607677e+01    2.0502249330e+01   -5.3944965836e+00   -2.5551327033e+01   -1.3416597730e+01    1.9998136695e+00    8.3290000000e+03    3.5120709193e+00    9.9536690775e-01
       107   -2.1859427102e+01    4.7901274767e+02   -4.2413562887e+01    2.0554135785e+01   -5.4485921314e+00   -2.5551327033e+01   -1.3253300927e+01    1.8396572043e+00    8.4790000000e+03    3.5889838360e+00    9.9566627477e-01
       108   -2.1857284106e+01    4.7891754851e+02   -4.2402373028e+01    2.0545088922e+01   -5.4661177246e+00   -2.5551327033e+01   -1.3198143745e+01    1.8132154738e+00    8.4780000000e+03    3.6107537800e+00    9.9558476707e-01
       109   -2.1854150151e+01    4.7870081466e+02   -4.2334371075e+01    2.0480220924e+01   -5.4880287878e+00   -2.5551327033e+01   -1.3177226759e+01    1.8822115039e+00    8.3960000000e+03    3.5705736850e+00    9.9568092987e-01
       110   -2.1809157229e+01    4.7671206182e+02   -4.2584936668e+01    2.0775779438e+01   -5.5387938436e+00   -2.5551327033e+01   -1.3563666566e+01    2.0688507743e+00    8.3140000000e+03    3.5339617197e+00    9.9556493426e-01
       111   -2.1859583254e+01    4.8005910033e+02   -4.2706308261e+01    2.0846725007e+01   -5.5490728638e+00   -2.5551327033e+01   -1.3433078657e+01    1.8271702934e+00    8.3040000000e+03    3.5196745473e+00    9.9556361683e-01
       112   -2.1842111663e+01    4.7830355597e+02   -4.2539437285e+01    2.0697325622e+01   -5.4712853887e+00   -2.5551327033e+01   -1.3490956617e+01    1.9741317533e+00    8.2880000000e+03    3.5381570673e+00    9.9511048047e-01
       113   -2.1846721686e+01    4.7838085538e+02   -4.2374794826e+01    2.0528073140e+01   -5.4657639973e+00   -2.5551327033e+01   -1.3433577997e+01    2.0758742019e+00    8.2560000000e+03    3.5154172340e+00    9.9565008833e-01
       114   -2.1853201532e+01    4.7894106876e+02   -4.2285375109e+01    2.0432173576e+01   -5.4709475558e+00   -2.5551327033e+01   -1.3352027608e+01    2.0889270886e+00    8.3200000000e+03    3.5225353730e+00    9.9550657977e-01
       115   -2.1841499550e+01    4.7820830492e+02   -4.2473297543e+01    2.0631797993e+01   -5.5067584587e+00   -2.5551327033e+01   -1.3442280024e+01    2.0270679727e+00    8.3880000000e+03    3.5695379140e+00    9.9555132311e-01
       116   -2.1838909135e+01    4.7804599870e+02   -4.2429976002e+01    2.0591066867e+01   -5.4983778840e+00   -2.5551327033e+01   -1.3450258859e+01    2.0699877741e+00    8.3200000000e+03    3.5216894955e+00    9.9533786166e-01
       117   -2.1853958727e+01    4.7873174384e+02   -4.2345709328e+01    2.0491750601e+01   -5.4702980225e+00   -2.5551327033e+01   -1.3223909694e+01    1.8998254216e+00    8.3280000000e+03    3.5246926688e+00    9.9556582503e-01
       118   -2.1879847847e+01    4.7987965815e+02   -4.2513706083e+01    2.0633858236e+01   -5.4775766977e+00   -2.5551327033e+01   -1.3243649746e+01    1.7588473938e+00    8.3290000000e+03    3.5288400660e+00    9.9537140330e-01
       119   -2.1912936457e+01    4.8130376389e+02   -4.2654199321e+01    2.0741262864e+01   -5.3770484816e+00   -2.5551327033e+01   -1.3641580765e+01    1.9157569588e+00    8.3920000000e+03    3.5673864205e+00    9.9498028281e-01
       120   -2.1904518541e+01    4.8099354835e+02   -4.2478491430e+01    2.0573972889e+01   -5.3575549212e+00   -2.5551327033e+01   -1.3419735750e+01    1.8501262747e+00    8.3340000000e+03    3.5435346225e+00    9.9504463530e-01
       121   -2.1848685131e+01    4.7848588823e+02   -4.2068741632e+01    2.0220056501e+01   -5.4520084519e+00   -2.5551327033e+01   -1.3004481336e+01    1.9390751894e+00    8.3520000000e+03    3.5189535817e+00    9.9536742727e-01
       122   -2.1812330587e+01    4.7692057132e+02   -4.2141864833e+01    2.0329534246e+01   -5.4699741593e+00   -2.5551327033e+01   -1.3115613124e+01    1.9950494830e+00    8.3580000000e+03    3.5575218712e+00    9.9533335175e-01
       123   -2.1810856243e+01    4.7685898131e+02   -4.2094497249e+01    2.0283641006e+01   -5.4247917046e+00   -2.5551327033e+01   -1.3131199922e+01    2.0128214098e+00    8.3360000000e+03    3.5591561383e+00    9.9545893702e-01
       124   -2.1848329794e+01    4.7843932662e+02   -4.2146001015e+01    2.0297671221e+01   -5.3640393676e+00   -2.5551327033e+01   -1.3185729351e+01    1.9550947367e+00    8.2720000000e+03    3.5216242275e+00    9.9569927625e-01
       125   -2.1807144348e+01    4.7665391664e+02   -4.2255722290e+01    2.0448577942e+01   -5.3774618745e+00   -2.5551327033e+01   -1.3289434450e+01    1.9625010682e+00    8.1430000000e+03    3.4772050190e+00    9.9567265827e-01
       126   -2.1788135418e+01    4.7582531460e+02   -4.2268200678e+01    2.0480065260e+01   -5.4539921475e+00   -2.5551327033e+01   -1.3195038048e+01    1.9321565501e+00    8.1240000000e+03    3.4683042917e+00    9.9547884810e-01
       127   -2.1819298556e+01    4.7715461504e+02   -4.2012890941e+01    2.0193592385e+01   -5.4617769341e+00   -2.5551327033e+01   -1.2949173321e+01    1.9493863471e+00    8.1680000000e+03    3.4639364888e+00    9.9535012895e-01
       128   -2.1829519788e+01    4.7777989621e+02   -4.2309659914e+01    2.0480140126e+01   -5.4206760827e+00   -2.5551327033e+01   -1.3223290102e+01    1.8856333038e+00    8.1770000000e+03    3.4818495125e+00    9.9552476197e-01
       129   -2.1815803434e+01    4.7704959011e+02   -4.2538597356e+01    2.0722793922e+01   -5.3650861560e+00   -2.5551327033e+01   -1.3590456626e+01    1.9682724586e+00    8.0830000000e+03    3.4838935795e+00    9.9505080339e-01
       130   -2.1824943887e+01    4.7750463197e+02   -4.2526551085e+01    2.0701607199e+01   -5.4188049633e+00   -2.5551327033e+01   -1.3510446368e+01    1.9540272786e+00    7.9390000000e+03    3.3913827552e+00    9.9532134822e-01
       131   -2.1815377041e+01    4.7705449663e+02   -4.2464359534e+01    2.0648982493e+01   -5.4311592636e+00   -2.5551327033e+01   -1.3458160651e+01    1.9762874132e+00    7.9010000000e+03    3.3653654288e+00    9.9552773459e-01
       132   -2.1845418060e+01    4.7835650108e+02   -4.2143563907e+01    2.0298145848e+01   -5.4563767242e+00   -2.5551327033e+01   -1.3199841376e+01    2.0639812262e+00    7.9180000000e+03    3.3625316698e+00    9.9557432404e-01
       133   -2.1831945530e+01    4.7770220282e+02   -4.1971052076e+01    2.0139106546e+01   -5.4440373187e+00   -2.5551327033e+01   -1.2998866680e+01    2.0231789559e+00    7.9020000000e+03    3.3672643927e+00    9.9559344554e-01
       134   -2.1829356574e+01    4.7761633143e+02   -4.2199713943e+01    2.0370357369e+01   -5.4715377912e+00   -2.5551327033e+01   -1.3128276839e+01    1.9514277200e+00    7.8230000000e+03    3.3319513328e+00    9.9559188898e-01
       135   -2.1780346298e+01    4.7553064635e+02   -4.2376664378e+01    2.0596318080e+01   -5.4467302715e+00   -2.5551327033e+01   -1.3501185299e+01    2.1225782253e+00    7.7470000000e+03    3.3215484542e+00    9.9552303663e-01
       136   -2.1823386771e+01    4.7733407950e+02   -4.2504813187e+01    2.0681426415e+01   -5.4273359634e+00   -2.5551327033e+01   -1.3564146422e+01    2.0379962314e+00    7.7230000000e+03    3.2854841910e+00    9.9555819773e-01
       137   -2.1860944340e+01    4.7906484784e+02   -4.2300901063e+01    2.0439956724e+01   -5.3584938681e+00   -2.5551327033e+01   -1.3558873878e+01    2.1677937153e+00    7.7410000000e+03    3.2856552217e+00    9.9598603451e-01
       138   -2.1809195129e+01    4.7677244865e+02   -4.2176108141e+01    2.0366913012e+01   -5.3901751790e+00   -2.5551327033e+01   -1.3499871572e+01    2.2652656430e+00    7.7610000000e+03    3.2942159040e+00    9.9559014246e-01
       139   -2.1773818096e+01    4.7520126241e+02   -4.2400879670e+01    2.0627061574e+01   -5.3960976730e+00   -2.5551327033e+01   -1.3703371256e+01    2.2499162922e+00    7.7740000000e+03    3.3051487275e+00    9.9545728908e-01
       140   -2.1815147076e+01    4.7705210202e+02   -4.2339356922e+01    2.0524209845e+01   -5.4327515111e+00   -2.5551327033e+01   -1.3387971095e+01    2.0326927178e+00    7.7510000000e+03    3.2837114362e+00    9.9585545835e-01
       141   -2.1792084549e+01    4.7607354220e+02   -4.2216096334e+01    2.0424011785e+01   -5.3816006239e+00   -2.5551327033e+01   -1.3464300763e+01    2.1811320854e+00    7.7330000000e+03    3.2973168913e+00    9.9543284612e-01
       142   -2.1819001378e+01    4.7725143806e+02   -4.2186375403e+01    2.0367374025e+01   -5.4191321864e+00   -2.5551327033e+01   -1.3401906343e+01    2.1859901588e+00    7.6780000000e+03    3.2649153335e+00    9.9543399607e-01
       143   -2.1816782746e+01    4.7704819748e+02   -4.2102212778e+01    2.0285430032e+01   -5.4442574956e+00   -2.5551327033e+01   -1.3160603816e+01    2.0539755660e+00    7.7320000000e+03    3.2880187235e+00    9.9525702331e-01
       144   -2.1854173787e+01    4.7878098612e+02   -4.2223944691e+01    2.0369770904e+01   -5.3854401875e+00   -2.5551327033e+01   -1.3242587908e+01    1.9554104374e+00    7.8260000000e+03    3.3307160403e+00    9.9577187615e-01
       145   -2.1828433609e+01    4.7783770945e+02   -4.1996240413e+01    2.0167806804e+01   -5.3997512932e+00   -2.5551327033e+01   -1.3221792970e+01    2.1766308834e+00    7.8440000000e+03    3.3372298318e+00    9.9558233583e-01
       146   -2.1812503666e+01    4.7686025246e+02   -4.1923681155e+01    2.0111177489e+01   -5.3919888314e+00   -2.5551327033e+01   -1.3127927203e+01    2.1475619117e+00    7.8360000000e+03    3.3368853168e+00    9.9559645039e-01
       147   -2.1833821297e+01    4.7781294504e+02   -4.1877642868e+01    2.0043821571e+01   -5.3958376004e+00   -2.5551327033e+01   -1.3031091549e+01    2.1006133145e+00    7.8020000000e+03    3.3380323327e+00    9.9532203001e-01
       148   -2.1847828165e+01    4.7845340582e+02   -4.1964992291e+01    2.0117164126e+01   -5.4351608619e+00   -2.5551327033e+01   -1.2956493930e+01    1.9779895337e+00    7.8130000000e+03    3.3106505942e+00    9.9564589081e-01
       149   -2.1808062215e+01    4.7672421771e+02   -4.2097019846e+01    2.0288957630e+01   -5.4560896843e+00   -2.5551327033e+01   -1.3012521488e+01    1.9229183600e+00    7.8070000000e+03    3.2923083057e+00    9.9562902807e-01
       150   -2.1823622744e+01    4.7733052250e+02   -4.1990428433e+01    2.0166805689e+01   -5.4917143090e+00   -2.5551327033e+01   -1.2857981808e+01    1.9105947166e+00    7.7220000000e+03    3.2612512560e+00    9.9550031409e-01
       151   -2.1863117984e+01    4.7911755294e+02   -4.1984598931e+01    2.0121480947e+01   -5.4994766193e+00   -2.5551327033e+01   -1.2962956376e+01    2.0291610974e+00    7.7290000000e+03    3.2859734342e+00    9.9534602113e-01
       152   -2.1832495385e+01    4.7795964602e+02   -4.1962678769e+01    2.0130183385e+01   -5.5090461035e+00   -2.5551327033e+01   -1.2946766557e+01    2.0444609244e+00    7.7630000000e+03    3.2953357700e+00    9.9562346410e-01
       153   -2.1843592962e+01    4.7824673730e+02   -4.2121040039e+01    2.0277447076e+01   -5.4429405397e+00   -2.5551327033e+01   -1.3084496136e+01    1.9577236696e+00    7.7930000000e+03    3.3248719000e+00    9.9555985752e-01
       154   -2.1845275876e+01    4.7840497699e+02   -4.2122976573e+01    2.0277700698e+01   -5.3929074623e+00   -2.5551327033e+01   -1.3068075011e+01    1.8893329334e+00    7.8050000000e+03    3.3051968843e+00    9.9531926417e-01
       155   -2.1829342071e+01    4.7758367782e+02   -4.1933871310e+01    2.0104529238e+01   -5.3880535484e+00   -2.5551327033e+01   -1.2968507364e+01    1.9740166359e+00    7.7870000000e+03    3.3002510465e+00    9.9566238253e-01
       156   -2.1777240401e+01    4.7540413194e+02   -4.1973867121e+01    2.0196626720e+01   -5.4223307700e+00   -2.5551327033e+01   -1.3136015233e+01    2.1358059147e+00    7.7090000000e+03    3.2741345990e+00    9.9571772326e-01
       157   -2.1780035222e+01    4.7541356550e+02   -4.1973916997e+01    2.0193881775e+01   -5.4717777342e+00   -2.5551327033e+01   -1.2998491624e+01    2.0476793938e+00    7.5990000000e+03    3.2344846765e+00    9.9579990787e-01
       158   -2.1816713769e+01    4.7719861439e+02   -4.2023883718e+01    2.0207169949e+01   -5.4224881207e+00   -2.5551327033e+01   -1.2874956322e+01    1.8248877574e+00    7.6660000000e+03    3.2464466475e+00    9.9562167742e-01
       159   -2.1779505921e+01    4.7561964358e+02   -4.1975412884e+01    2.0195906963e+01   -5.4771154306e+00   -2.5551327033e+01   -1.2990960408e+01    2.0439899873e+00    7.7970000000e+03    3.3169266278e+00    9.9591577337e-01
       160   -2.1772533823e+01    4.7523164749e+02   -4.2102857083e+01    2.0330323260e+01   -5.4508000749e+00   -2.5551327033e+01   -1.3273163761e+01    2.1724337858e+00    7.7880000000e+03    3.3211120030e+00    9.9561532341e-01
       161   -2.1850006844e+01    4.7865352620e+02   -4.2097451781e+01    2.0247444936e+01   -5.5229859308e+00   -2.5551327033e+01   -1.3030111009e+01    2.0069721920e+00    7.7330000000e+03    3.3341524447e+00    9.9583660232e-01
       162   -2.1830475383e+01    4.7768174667e+02   -4.2234510327e+01    2.0404034944e+01   -5.5097545491e+00   -2.5551327033e+01   -1.3246239099e+01    2.0728103537e+00    7.7030000000e+03    3.2717857502e+00    9.9580140511e-01
       163   -2.1853686510e+01    4.7865146614e+02   -4.2329362389e+01    2.0475675878e+01   -5.5241748046e+00   -2.5551327033e+01   -1.3305623335e+01    2.0517627835e+00    7.6980000000e+03    3.2616709427e+00    9.9538106127e-01
       164   -2.1916842946e+01    4.8144573983e+02   -4.2338341071e+01    2.0421498125e+01   -5.5582601919e+00   -2.5551327033e+01   -1.3094860010e+01    1.8661061642e+00    7.8060000000e+03    3.2828892818e+00    9.9552188761e-01
       165   -2.1905497135e+01    4.8097125138e+02   -4.2194510499e+01    2.0289013364e+01   -5.5095362928e+00   -2.5551327033e+01   -1.2948093991e+01    1.8144468171e+00    7.8830000000e+03    3.3473957248e+00    9.9578709651e-01
       166   -2.1842101988e+01    4.7819709260e+02   -4.2049430517e+01    2.0207328530e+01   -5.5138996380e+00   -2.5551327033e+01   -1.2957750786e+01    1.9735469394e+00    7.9040000000e+03    3.3478764747e+00    9.9601370488e-01
       167   -2.1882009047e+01    4.7991602585e+02   -4.2440680756e+01    2.0558671709e+01   -5.4682999915e+00   -2.5551327033e+01   -1.3590739020e+01    2.1696852884e+00    7.9830000000e+03    3.3713019470e+00    9.9520840394e-01
       168   -2.1836685861e+01    4.7795738073e+02   -4.2305917572e+01    2.0469231712e+01   -5.4685576535e+00   -2.5551327033e+01   -1.3481524546e+01    2.1954916604e+00    8.0350000000e+03    3.4007403177e+00    9.9557780949e-01
       169   -2.1806287002e+01    4.7666640562e+02   -4.2101444712e+01    2.0295157710e+01   -5.5225281027e+00   -2.5551327033e+01   -1.3201573270e+01    2.1739836933e+00    7.9520000000e+03    3.3498290017e+00    9.9546926105e-01
       170   -2.1839316391e+01    4.7800268356e+02   -4.2203995699e+01    2.0364679309e+01   -5.5106230404e+00   -2.5551327033e+01   -1.3243601056e+01    2.1015554300e+00    7.8130000000e+03    3.3277100600e+00    9.9601499941e-01
       171   -2.1845104255e+01    4.7833235762e+02   -4.2206505090e+01    2.0361400835e+01   -5.5250921868e+00   -2.5551327033e+01   -1.3210454233e+01    2.0803683623e+00    7.8290000000e+03    3.2965725878e+00    9.9588231663e-01
       172   -2.1855474884e+01    4.7872945798e+02   -4.2414721969e+01    2.0559247085e+01   -5.5439392402e+00   -2.5551327033e+01   -1.3330764966e+01    2.0113092696e+00    7.8680000000e+03    3.3429156335e+00    9.9556381932e-01
       173   -2.1830109005e+01    4.7764595900e+02   -4.2489726362e+01    2.0659617357e+01   -5.5138137285e+00   -2.5551327033e+01   -1.3394876207e+01    1.9702906065e+00    7.8890000000e+03    3.3703768755e+00    9.9560673534e-01
       174   -2.1815197641e+01    4.7706861738e+02   -4.2225639404e+01    2.0410441763e+01   -5.4934329012e+00   -2.5551327033e+01   -1.3361910873e+01    2.1810314036e+00    7.8790000000e+03    3.3514358607e+00    9.9564261735e-01
       175   -2.1802638452e+01    4.7641621676e+02   -4.2150277147e+01    2.0347638694e+01   -5.4389369107e+00   -2.5551327033e+01   -1.3205981247e+01    2.0459680438e+00    7.8110000000e+03    3.3174617767e+00    9.9560683410e-01
       176   -2.1803789403e+01    4.7652988400e+02   -4.2015460146e+01    2.0211670743e+01   -5.4118287423e+00   -2.5551327033e+01   -1.3122261061e+01    2.0699566905e+00    7.7980000000e+03    3.3157800000e+00    9.9540780051e-01
       177   -2.1760251666e+01    4.7459357712e+02   -4.1999759860e+01    2.0239508193e+01   -5.4365709646e+00   -2.5551327033e+01   -1.3149526480e+01    2.1376646177e+00    7.7960000000e+03    3.3178571178e+00    9.9560832938e-01
       178   -2.1782415197e+01    4.7549469889e+02   -4.2153872534e+01    2.0371457337e+01   -5.4560018918e+00   -2.5551327033e+01   -1.3246255404e+01    2.0997117950e+00    7.7110000000e+03    3.2607413927e+00    9.9538775113e-01
       179   -2.1850173172e+01    4.7848401808e+02   -4.1936830245e+01    2.0086657073e+01   -5.4839146338e+00   -2.5551327033e+01   -1.2956143944e+01    2.0545553659e+00    7.5890000000e+03    3.2265175170e+00    9.9573577968e-01
       180   -2.1822061726e+01    4.7731066509e+02   -4.1989482854e+01    2.0167421127e+01   -5.4268363347e+00   -2.5551327033e+01   -1.3049568130e+01    2.0382486440e+00    7.6000000000e+03    3.2369183997e+00    9.9579684925e-01
       181   -2.1808696096e+01    4.7685513240e+02   -4.2186961612e+01    2.0378265516e+01   -5.4466505809e+00   -2.5551327033e+01   -1.3193629816e+01    2.0046458177e+00    7.6280000000e+03    3.2834430618e+00    9.9571384076e-01
       182   -2.1812429398e+01    4.7688071062e+02   -4.2036906582e+01    2.0224477184e+01   -5.4693030019e+00   -2.5551327033e+01   -1.2949552807e+01    1.9332762601e+00    7.7750000000e+03    3.3032343385e+00    9.9551866483e-01
       183   -2.1848783821e+01    4.7854998724e+02   -4.1955265270e+01    2.0106481450e+01   -5.4727201400e+00   -2.5551327033e+01   -1.2907818772e+01    1.9766006745e+00    7.8300000000e+03    3.3362072365e+00    9.9513787407e-01
       184   -2.1822337720e+01    4.7743646747e+02   -4.1895761425e+01    2.0073423705e+01   -5.4850902304e+00   -2.5551327033e+01   -1.2766078012e+01    1.9067338501e+00    7.8410000000e+03    3.3330998535e+00    9.9562774624e-01
       185   -2.1828212153e+01    4.7758163285e+02   -4.2042880252e+01    2.0214668099e+01   -5.5776056539e+00   -2.5551327033e+01   -1.2839270858e+01    1.9253232926e+00    7.7510000000e+03    3.2844034307e+00    9.9582349103e-01
       186   -2.1803838565e+01    4.7661855408e+02   -4.2145500953e+01    2.0341662387e+01   -5.5246112045e+00   -2.5551327033e+01   -1.3002451061e+01    1.9328883460e+00    7.7950000000e+03    3.2958271140e+00    9.9544429471e-01
       187   -2.1776050056e+01    4.7536677191e+02   -4.2165295256e+01    2.0389245200e+01   -5.4559693100e+00   -2.5551327033e+01   -1.3256172122e+01    2.0981732094e+00    7.8130000000e+03    3.3268727015e+00    9.9547393028e-01
       188   -2.1764787204e+01    4.7481954125e+02   -4.2058854850e+01    2.0294067645e+01   -5.4411275333e+00   -2.5551327033e+01   -1.3197951952e+01    2.1315516684e+00    7.8330000000e+03    3.3138921300e+00    9.9550471729e-01
       189   -2.1744779786e+01    4.7402309116e+02   -4.2077410066e+01    2.0332630280e+01   -5.4074302245e+00   -2.5551327033e+01   -1.3224537436e+01    2.1058846271e+00    7.7950000000e+03    3.3220600220e+00    9.9553509781e-01
       190   -2.1763137376e+01    4.7469928226e+02   -4.2119459121e+01    2.0356321745e+01   -5.4223391940e+00   -2.5551327033e+01   -1.3194557752e+01    2.0487648573e+00    7.7620000000e+03    3.3052852420e+00    9.9561338728e-01
       191   -2.1783178472e+01    4.7560504307e+02   -4.2154417044e+01    2.0371238573e+01   -5.3403129221e+00   -2.5551327033e+01   -1.3226023770e+01    1.9632466808e+00    7.7870000000e+03    3.2990480855e+00    9.9551510891e-01
       192   -2.1832594895e+01    4.7783776905e+02   -4.2172108031e+01    2.0339513136e+01   -5.3994922401e+00   -2.5551327033e+01   -1.3173827466e+01    1.9525387083e+00    7.7660000000e+03    3.2763985472e+00    9.9559545096e-01
       193   -2.1846780017e+01    4.7839238401e+02   -4.2315916008e+01    2.0469135991e+01   -5.3939754735e+00   -2.5551327033e+01   -1.3286579122e+01    1.9159656198e+00    7.8490000000e+03    3.2917010415e+00    9.9497420018e-01
       194   -2.1841874980e+01    4.7826384892e+02   -4.2423549887e+01    2.0581674907e+01   -5.4696437603e+00   -2.5551327033e+01   -1.3515590312e+01    2.1130112176e+00    7.9190000000e+03    3.3293630867e+00    9.9542422111e-01
       195   -2.1834080716e+01    4.7789772427e+02   -4.2422492547e+01    2.0588411831e+01   -5.4436777289e+00   -2.5551327033e+01   -1.3387254995e+01    1.9597672104e+00    7.8240000000e+03    3.3038509697e+00    9.9513664890e-01
       196   -2.1839793229e+01    4.7813601094e+02   -4.2197474667e+01    2.0357681438e+01   -5.4971027559e+00   -2.5551327033e+01   -1.3053538679e+01    1.9044938012e+00    7.7170000000e+03    3.2633049482e+00    9.9536603920e-01
       197   -2.1873559136e+01    4.7962082293e+02   -4.2037586446e+01    2.0164027309e+01   -5.4929428360e+00   -2.5551327033e+01   -1.2967357613e+01    1.9740410365e+00    7.8690000000e+03    3.3160928855e+00    9.9535551940e-01
       198   -2.1848716700e+01    4.7843674908e+02   -4.2197345148e+01    2.0348628448e+01   -5.4750171310e+00   -2.5551327033e+01   -1.3163055154e+01    1.9920541705e+00    7.9140000000e+03    3.3563936742e+00    9.9567306736e-01
       199   -2.1890134521e+01    4.8029338317e+02   -4.2385791166e+01    2.0495656645e+01   -5.4688090617e+00   -2.5551327033e+01   -1.3378144753e+01    2.0124896813e+00    7.9250000000e+03    3.3541255495e+00    9.9547800473e-01
