#   index    LocalEnergy         LocalEnergy_sq      LocalPotential      Kinetic             ElecElec            IonIon              IonElec             BlockWeight         BlockCPU            AcceptRatio         
         0   -7.6342683491e+01    5.8336905859e+03   -1.5274339371e+02    7.6400710218e+01    3.7504500813e+01    9.1895337630e+00   -1.9943742829e+02    8.1920000000e+03    1.2909550824e-01    3.0813964844e-01
         1   -7.6372731342e+01    5.8377626290e+03   -1.5236596384e+02    7.5993232502e+01    3.7345509319e+01    9.1895337630e+00   -1.9890100693e+02    8.1920000000e+03    1.2906937843e-01    3.0839111328e-01
         2   -7.6409483419e+01    5.8436618241e+03   -1.5246293633e+02    7.6053452914e+01    3.7347052477e+01    9.1895337630e+00   -1.9899952257e+02    8.1920000000e+03    1.2907214008e-01    3.0689208984e-01
         3   -7.6371754726e+01    5.8379951340e+03   -1.5214420041e+02    7.5772445680e+01    3.7247003539e+01    9.1895337630e+00   -1.9858073771e+02    8.1920000000e+03    1.2906743787e-01    3.0783203125e-01
         4   -7.6384849911e+01    5.8396103852e+03   -1.5204701576e+02    7.5662165844e+01    3.7274375884e+01    9.1895337630e+00   -1.9851092540e+02    8.1920000000e+03    1.2905797600e-01    3.1051513672e-01
         5   -7.6365260431e+01    5.8371405500e+03   -1.5240124447e+02    7.6035984035e+01    3.7297719370e+01    9.1895337630e+00   -1.9888849760e+02    8.1920000000e+03    1.2906352581e-01    3.0831298828e-01
         6   -7.6364715979e+01    5.8365570421e+03   -1.5254361309e+02    7.6178897108e+01    3.7289265765e+01    9.1895337630e+00   -1.9902241262e+02    8.1920000000e+03    1.2907749302e-01    3.0965087891e-01
         7   -7.6332828707e+01    5.8317723250e+03   -1.5249462474e+02    7.6161796034e+01    3.7312824473e+01    9.1895337630e+00   -1.9899698298e+02    8.1920000000e+03    1.2906623339e-01    3.0905029297e-01
         8   -7.6338738598e+01    5.8328432031e+03   -1.5240795278e+02    7.6069214183e+01    3.7324377409e+01    9.1895337630e+00   -1.9892186395e+02    8.1920000000e+03    1.2906319154e-01    3.0835693359e-01
         9   -7.6329973168e+01    5.8315224592e+03   -1.5277930318e+02    7.6449330014e+01    3.7419877324e+01    9.1895337630e+00   -1.9938871427e+02    8.1920000000e+03    1.2907583261e-01    3.0929931641e-01
        10   -7.6368550516e+01    5.8377276075e+03   -1.5274703367e+02    7.6378483151e+01    3.7256482590e+01    9.1895337630e+00   -1.9919305002e+02    8.1920000000e+03    1.2906096349e-01    3.0729003906e-01
        11   -7.6361880895e+01    5.8367217062e+03   -1.5302664928e+02    7.6664768389e+01    3.7355881210e+01    9.1895337630e+00   -1.9957206426e+02    8.1920000000e+03    1.2907057791e-01    3.0836914063e-01
        12   -7.6391019215e+01    5.8413844462e+03   -1.5317391329e+02    7.6782894071e+01    3.7386954757e+01    9.1895337630e+00   -1.9975040181e+02    8.1920000000e+03    1.2908399762e-01    3.0749755859e-01
        13   -7.6365903201e+01    5.8369249347e+03   -1.5305136657e+02    7.6685463365e+01    3.7335357507e+01    9.1895337630e+00   -1.9957625784e+02    8.1920000000e+03    1.2907318424e-01    3.0831054688e-01
        14   -7.6356698700e+01    5.8356471212e+03   -1.5327299649e+02    7.6916297791e+01    3.7331297025e+01    9.1895337630e+00   -1.9979382728e+02    8.1920000000e+03    1.2906397381e-01    3.0792236328e-01
        15   -7.6338209624e+01    5.8332536834e+03   -1.5295933866e+02    7.6621129031e+01    3.7266755450e+01    9.1895337630e+00   -1.9941562787e+02    8.1920000000e+03    1.2907554693e-01    3.0940429688e-01
        16   -7.6358252366e+01    5.8360604151e+03   -1.5312912683e+02    7.6770874463e+01    3.7189515899e+01    9.1895337630e+00   -1.9950817649e+02    8.1920000000e+03    1.2907542303e-01    3.0976318359e-01
        17   -7.6337906742e+01    5.8326350887e+03   -1.5309542636e+02    7.6757519619e+01    3.7192113390e+01    9.1895337630e+00   -1.9947707351e+02    8.1920000000e+03    1.2908061128e-01    3.1018310547e-01
        18   -7.6361934167e+01    5.8362232448e+03   -1.5309176733e+02    7.6729833159e+01    3.7140784009e+01    9.1895337630e+00   -1.9942208510e+02    8.1920000000e+03    1.2908678270e-01    3.0755371094e-01
        19   -7.6325721624e+01    5.8309723889e+03   -1.5383080849e+02    7.7505086866e+01    3.7353813287e+01    9.1895337630e+00   -2.0037415554e+02    8.1920000000e+03    1.2907077609e-01    3.0856689453e-01
        20   -7.6328212078e+01    5.8311815500e+03   -1.5334109025e+02    7.7012878175e+01    3.7298420201e+01    9.1895337630e+00   -1.9982904422e+02    8.1920000000e+03    1.2906368243e-01    3.0811035156e-01
        21   -7.6314244939e+01    5.8295837570e+03   -1.5313738363e+02    7.6823138695e+01    3.7255557018e+01    9.1895337630e+00   -1.9958247441e+02    8.1920000000e+03    1.2908042134e-01    3.0845458984e-01
        22   -7.6350244027e+01    5.8364629235e+03   -1.5292078156e+02    7.6570537533e+01    3.7401064549e+01    9.1895337630e+00   -1.9951137987e+02    8.1920000000e+03    1.2921820060e-01    3.0718750000e-01
        23   -7.6356302551e+01    5.8358553741e+03   -1.5301437452e+02    7.6658071968e+01    3.7306842416e+01    9.1895337630e+00   -1.9951075070e+02    8.1920000000e+03    1.2907434946e-01    3.0851562500e-01
        24   -7.6343979391e+01    5.8349776158e+03   -1.5329718550e+02    7.6953206112e+01    3.7439440103e+01    9.1895337630e+00   -1.9992615937e+02    8.1920000000e+03    1.2907269989e-01    3.0857666016e-01
        25   -7.6371118101e+01    5.8383261307e+03   -1.5339736974e+02    7.7026251644e+01    3.7365824600e+01    9.1895337630e+00   -1.9995272811e+02    8.1920000000e+03    1.2905348431e-01    3.0846923828e-01
        26   -7.6356490274e+01    5.8363782626e+03   -1.5316977356e+02    7.6813283287e+01    3.7355197081e+01    9.1895337630e+00   -1.9971450441e+02    8.1920000000e+03    1.2906633646e-01    3.0873779297e-01
        27   -7.6345827970e+01    5.8338568060e+03   -1.5276918955e+02    7.6423361579e+01    3.7249016505e+01    9.1895337630e+00   -1.9920773982e+02    8.1920000000e+03    1.2907545219e-01    3.0839111328e-01
        28   -7.6399893537e+01    5.8423932006e+03   -1.5263229534e+02    7.6232401802e+01    3.7256877333e+01    9.1895337630e+00   -1.9907870644e+02    8.1920000000e+03    1.2906526942e-01    3.0770507813e-01
        29   -7.6379304105e+01    5.8389063464e+03   -1.5228488199e+02    7.5905577884e+01    3.7309192824e+01    9.1895337630e+00   -1.9878360858e+02    8.1920000000e+03    1.2906714160e-01    3.0812744141e-01
        30   -7.6358205945e+01    5.8361147594e+03   -1.5240795869e+02    7.6049752742e+01    3.7377215319e+01    9.1895337630e+00   -1.9897470777e+02    8.1920000000e+03    1.2906821866e-01    3.0901611328e-01
        31   -7.6367466973e+01    5.8368539724e+03   -1.5246465599e+02    7.6097189014e+01    3.7358236227e+01    9.1895337630e+00   -1.9901242598e+02    8.1920000000e+03    1.2908003748e-01    3.0696777344e-01
        32   -7.6351034492e+01    5.8345299518e+03   -1.5219916809e+02    7.5848133594e+01    3.7259430372e+01    9.1895337630e+00   -1.9864813222e+02    8.1920000000e+03    1.2906583375e-01    3.0866210938e-01
        33   -7.6338383658e+01    5.8327297764e+03   -1.5264129869e+02    7.6302915036e+01    3.7224274191e+01    9.1895337630e+00   -1.9905510665e+02    8.1920000000e+03    1.2905709632e-01    3.0887695313e-01
        34   -7.6359372387e+01    5.8363998563e+03   -1.5235663495e+02    7.5997262567e+01    3.7209422901e+01    9.1895337630e+00   -1.9875559162e+02    8.1920000000e+03    1.2906596321e-01    3.0968994141e-01
        35   -7.6330560370e+01    5.8321417725e+03   -1.5249968854e+02    7.6169128168e+01    3.7286888409e+01    9.1895337630e+00   -1.9897611071e+02    8.1920000000e+03    1.2906519070e-01    3.0943603516e-01
        36   -7.6354827869e+01    5.8356694752e+03   -1.5247503097e+02    7.6120203097e+01    3.7308120582e+01    9.1895337630e+00   -1.9897268531e+02    8.1920000000e+03    1.2906296929e-01    3.0715820313e-01
        37   -7.6341644745e+01    5.8334241544e+03   -1.5246057451e+02    7.6118929762e+01    3.7185974346e+01    9.1895337630e+00   -1.9883608262e+02    8.1920000000e+03    1.2907108538e-01    3.0856689453e-01
        38   -7.6397863157e+01    5.8425174098e+03   -1.5268638883e+02    7.6288525669e+01    3.7275291755e+01    9.1895337630e+00   -1.9915121434e+02    8.1920000000e+03    1.2907332408e-01    3.0764648437e-01
        39   -7.6398465430e+01    5.8423660644e+03   -1.5274240917e+02    7.6343943736e+01    3.7353133477e+01    9.1895337630e+00   -1.9928507641e+02    8.1920000000e+03    1.2907570966e-01    3.0881347656e-01
        40   -7.6384827317e+01    5.8403121692e+03   -1.5281769488e+02    7.6432867560e+01    3.7283686924e+01    9.1895337630e+00   -1.9929091556e+02    8.1920000000e+03    1.2907837212e-01    3.0900390625e-01
        41   -7.6371493778e+01    5.8378490383e+03   -1.5275876660e+02    7.6387272818e+01    3.7449214736e+01    9.1895337630e+00   -1.9939751510e+02    8.1920000000e+03    1.2906623019e-01    3.0880126953e-01
        42   -7.6331010416e+01    5.8322162331e+03   -1.5270597243e+02    7.6374962019e+01    3.7324241444e+01    9.1895337630e+00   -1.9921974764e+02    8.1920000000e+03    1.2907120765e-01    3.0847412109e-01
        43   -7.6397376329e+01    5.8416006671e+03   -1.5275593855e+02    7.6358562224e+01    3.7298664251e+01    9.1895337630e+00   -1.9924413657e+02    8.1920000000e+03    1.2909239239e-01    3.0829345703e-01
        44   -7.6358824647e+01    5.8363445131e+03   -1.5283059875e+02    7.6471774101e+01    3.7396025813e+01    9.1895337630e+00   -1.9941615832e+02    8.1920000000e+03    1.2905658885e-01    3.0724853516e-01
        45   -7.6369332933e+01    5.8370775150e+03   -1.5307200225e+02    7.6702669315e+01    3.7255271620e+01    9.1895337630e+00   -1.9951680763e+02    8.1920000000e+03    1.2907395259e-01    3.0812988281e-01
        46   -7.6328300333e+01    5.8317954573e+03   -1.5316420763e+02    7.6835907300e+01    3.7374827136e+01    9.1895337630e+00   -1.9972856853e+02    8.1920000000e+03    1.2907307656e-01    3.0847656250e-01
        47   -7.6384302449e+01    5.8401662453e+03   -1.5341024460e+02    7.7025942151e+01    3.7319783573e+01    9.1895337630e+00   -1.9991956194e+02    8.1920000000e+03    1.2906629344e-01    3.0832763672e-01
        48   -7.6378272738e+01    5.8400646694e+03   -1.5311208749e+02    7.6733814747e+01    3.7341456259e+01    9.1895337630e+00   -1.9964307751e+02    8.1920000000e+03    1.2907037017e-01    3.0973876953e-01
        49   -7.6434112277e+01    5.8497006373e+03   -1.5309043933e+02    7.6656327055e+01    3.7319747271e+01    9.1895337630e+00   -1.9959972037e+02    8.1920000000e+03    1.2906551245e-01    3.0863037109e-01
        50   -7.6415337825e+01    5.8448178826e+03   -1.5371964987e+02    7.7304312050e+01    3.7465706659e+01    9.1895337630e+00   -2.0037489030e+02    8.1920000000e+03    1.2906064607e-01    3.0912597656e-01
        51   -7.6388865580e+01    5.8403248760e+03   -1.5360931358e+02    7.7220447997e+01    3.7333938168e+01    9.1895337630e+00   -2.0013278551e+02    8.1920000000e+03    1.2907585893e-01    3.0813720703e-01
        52   -7.6394100545e+01    5.8417712403e+03   -1.5356259982e+02    7.7168499274e+01    3.7343365099e+01    9.1895337630e+00   -2.0009549868e+02    8.1920000000e+03    1.2907739261e-01    3.0927001953e-01
        53   -7.6362199633e+01    5.8361052432e+03   -1.5350199792e+02    7.7139798283e+01    3.7360269101e+01    9.1895337630e+00   -2.0005180078e+02    8.1920000000e+03    1.2906107973e-01    3.0994140625e-01
        54   -7.6375238359e+01    5.8387191073e+03   -1.5360845484e+02    7.7233216486e+01    3.7455426696e+01    9.1895337630e+00   -2.0025341530e+02    8.1920000000e+03    1.2906802874e-01    3.0821777344e-01
        55   -7.6387656521e+01    5.8415845447e+03   -1.5325518304e+02    7.6867526515e+01    3.7332951257e+01    9.1895337630e+00   -1.9977766806e+02    8.1920000000e+03    1.2908797595e-01    3.0834472656e-01
        56   -7.6360721145e+01    5.8365302716e+03   -1.5307992576e+02    7.6719204617e+01    3.7397391262e+01    9.1895337630e+00   -1.9966685079e+02    8.1920000000e+03    1.2906673855e-01    3.0839355469e-01
        57   -7.6379798528e+01    5.8396745672e+03   -1.5322218091e+02    7.6842382382e+01    3.7459663622e+01    9.1895337630e+00   -1.9987137830e+02    8.1920000000e+03    1.2906190370e-01    3.0874023438e-01
        58   -7.6372720462e+01    5.8384254009e+03   -1.5314456011e+02    7.6771839651e+01    3.7397829632e+01    9.1895337630e+00   -1.9973192351e+02    8.1920000000e+03    1.2907390134e-01    3.0696533203e-01
        59   -7.6355527553e+01    5.8359596790e+03   -1.5317063761e+02    7.6815110058e+01    3.7407377576e+01    9.1895337630e+00   -1.9976754895e+02    8.1920000000e+03    1.2907821876e-01    3.0891113281e-01
        60   -7.6352887246e+01    5.8352874378e+03   -1.5364441629e+02    7.7291529049e+01    3.7459388484e+01    9.1895337630e+00   -2.0029333854e+02    8.1920000000e+03    1.2906534640e-01    3.0801025391e-01
        61   -7.6339503814e+01    5.8339028092e+03   -1.5373583573e+02    7.7396331919e+01    3.7429020121e+01    9.1895337630e+00   -2.0035438962e+02    8.1920000000e+03    1.2906304470e-01    3.0897705078e-01
        62   -7.6336274673e+01    5.8331983505e+03   -1.5353640304e+02    7.7200128363e+01    3.7329149714e+01    9.1895337630e+00   -2.0005508651e+02    8.1920000000e+03    1.2907605270e-01    3.0818359375e-01
        63   -7.6373954290e+01    5.8401434459e+03   -1.5371134794e+02    7.7337393646e+01    3.7468793953e+01    9.1895337630e+00   -2.0036967565e+02    8.1920000000e+03    1.2907757965e-01    3.0752685547e-01
        64   -7.6358994068e+01    5.8371112064e+03   -1.5375667587e+02    7.7397681804e+01    3.7413440698e+01    9.1895337630e+00   -2.0035965033e+02    8.1920000000e+03    1.2906583126e-01    3.0889404297e-01
        65   -7.6328533668e+01    5.8327178924e+03   -1.5367213362e+02    7.7343599949e+01    3.7375339154e+01    9.1895337630e+00   -2.0023700653e+02    8.1920000000e+03    1.2907902302e-01    3.0977539063e-01
        66   -7.6390520540e+01    5.8407346749e+03   -1.5384057898e+02    7.7450058439e+01    3.7365295023e+01    9.1895337630e+00   -2.0039540777e+02    8.1920000000e+03    1.2906567354e-01    3.0790527344e-01
        67   -7.6375633132e+01    5.8388213851e+03   -1.5359384350e+02    7.7218210367e+01    3.7402135894e+01    9.1895337630e+00   -2.0018551316e+02    8.1920000000e+03    1.2905957544e-01    3.0864257813e-01
        68   -7.6337369713e+01    5.8328719665e+03   -1.5338246757e+02    7.7045097862e+01    3.7285391007e+01    9.1895337630e+00   -1.9985739234e+02    8.1920000000e+03    1.2907951521e-01    3.0900146484e-01
        69   -7.6346301860e+01    5.8340056067e+03   -1.5312009928e+02    7.6773797416e+01    3.7287944448e+01    9.1895337630e+00   -1.9959757749e+02    8.1920000000e+03    1.2906644102e-01    3.0696289063e-01
        70   -7.6387725708e+01    5.8406330464e+03   -1.5308337840e+02    7.6695652697e+01    3.7212745050e+01    9.1895337630e+00   -1.9948565722e+02    8.1920000000e+03    1.2906040641e-01    3.0865722656e-01
        71   -7.6376262541e+01    5.8399658977e+03   -1.5338193323e+02    7.7005670691e+01    3.7212169118e+01    9.1895337630e+00   -1.9978363611e+02    8.1920000000e+03    1.2908337771e-01    3.0871826172e-01
        72   -7.6393714820e+01    5.8415975879e+03   -1.5316348262e+02    7.6769767796e+01    3.7331274559e+01    9.1895337630e+00   -1.9968429094e+02    8.1920000000e+03    1.2906292708e-01    3.0857666016e-01
        73   -7.6371156528e+01    5.8383530061e+03   -1.5291408372e+02    7.6542927194e+01    3.7221397286e+01    9.1895337630e+00   -1.9932501477e+02    8.1920000000e+03    1.2907498846e-01    3.0971191406e-01
        74   -7.6324815899e+01    5.8310595366e+03   -1.5257273344e+02    7.6247917545e+01    3.7379733954e+01    9.1895337630e+00   -1.9914200116e+02    8.1920000000e+03    1.2907542481e-01    3.0729492188e-01
        75   -7.6374880108e+01    5.8382444325e+03   -1.5255193349e+02    7.6177053383e+01    3.7361771095e+01    9.1895337630e+00   -1.9910323835e+02    8.1920000000e+03    1.2906712494e-01    3.0873779297e-01
        76   -7.6345515594e+01    5.8337794641e+03   -1.5256639074e+02    7.6220875145e+01    3.7304727525e+01    9.1895337630e+00   -1.9906065203e+02    8.1920000000e+03    1.2906526821e-01    3.0759033203e-01
        77   -7.6339854344e+01    5.8334358366e+03   -1.5254094766e+02    7.6201093318e+01    3.7296489914e+01    9.1895337630e+00   -1.9902697134e+02    8.1920000000e+03    1.2907935149e-01    3.0911132813e-01
        78   -7.6357095902e+01    5.8357114782e+03   -1.5213115102e+02    7.5774055116e+01    3.7338492304e+01    9.1895337630e+00   -1.9865917709e+02    8.1920000000e+03    1.2905868221e-01    3.0868652344e-01
        79   -7.6341137060e+01    5.8329422030e+03   -1.5223346739e+02    7.5892330333e+01    3.7313771122e+01    9.1895337630e+00   -1.9873677228e+02    8.1920000000e+03    1.2906667281e-01    3.0816894531e-01
