#   index    LocalEnergy         LocalEnergy_sq      LocalPotential      Kinetic             ElecElec            IonIon              IonElec             BlockWeight         BlockCPU            AcceptRatio         
         0   -7.6263214877e+01    5.8218872233e+03   -1.5045971892e+02    7.4196504047e+01    3.7229853280e+01    9.1895337630e+00   -1.9687910597e+02    8.1920000000e+03    1.2908048154e-01    3.0939697266e-01
         1   -7.6273529826e+01    5.8236831762e+03   -1.5019900898e+02    7.3925479158e+01    3.7263940894e+01    9.1895337630e+00   -1.9665248364e+02    8.1920000000e+03    1.2908590371e-01    3.0915039063e-01
         2   -7.6319140233e+01    5.8318887214e+03   -1.5042924314e+02    7.4110102905e+01    3.7299735898e+01    9.1895337630e+00   -1.9691851280e+02    8.1920000000e+03    1.2906717809e-01    3.0892822266e-01
         3   -7.6277284790e+01    5.8252996276e+03   -1.5043124659e+02    7.4153961803e+01    3.7373018092e+01    9.1895337630e+00   -1.9699379845e+02    8.1920000000e+03    1.2908057930e-01    3.0940185547e-01
         4   -7.6336211713e+01    5.8359360332e+03   -1.5032342496e+02    7.3987213246e+01    3.7371012008e+01    9.1895337630e+00   -1.9688397073e+02    8.1920000000e+03    1.2908998669e-01    3.0873291016e-01
         5   -7.6297862103e+01    5.8272269024e+03   -1.5069035255e+02    7.4392490446e+01    3.7368010350e+01    9.1895337630e+00   -1.9724789666e+02    8.1920000000e+03    1.2906816981e-01    3.0940185547e-01
         6   -7.6334005396e+01    5.8369350613e+03   -1.5123415461e+02    7.4900149215e+01    3.7489518608e+01    9.1895337630e+00   -1.9791320698e+02    8.1920000000e+03    1.2907005162e-01    3.0912841797e-01
         7   -7.6290233698e+01    5.8278651321e+03   -1.5094562888e+02    7.4655395187e+01    3.7362243578e+01    9.1895337630e+00   -1.9749740623e+02    8.1920000000e+03    1.2908138692e-01    3.0900634766e-01
         8   -7.6269268261e+01    5.8228051669e+03   -1.5087745229e+02    7.4608184032e+01    3.7384590332e+01    9.1895337630e+00   -1.9745157639e+02    8.1920000000e+03    1.2907433162e-01    3.1034179688e-01
         9   -7.6302820466e+01    5.8280300144e+03   -1.5056657756e+02    7.4263757089e+01    3.7297696038e+01    9.1895337630e+00   -1.9705380736e+02    8.1920000000e+03    1.2907643632e-01    3.0930175781e-01
        10   -7.6277688620e+01    5.8248756071e+03   -1.5089751125e+02    7.4619822628e+01    3.7495930976e+01    9.1895337630e+00   -1.9758297599e+02    8.1920000000e+03    1.2907818748e-01    3.0891113281e-01
        11   -7.6314164443e+01    5.8302317049e+03   -1.5098958029e+02    7.4675415848e+01    3.7388232461e+01    9.1895337630e+00   -1.9756734652e+02    8.1920000000e+03    1.2907455825e-01    3.0895263672e-01
        12   -7.6286014421e+01    5.8267982787e+03   -1.5086570691e+02    7.4579692488e+01    3.7398083418e+01    9.1895337630e+00   -1.9745332409e+02    8.1920000000e+03    1.2907289770e-01    3.0889892578e-01
        13   -7.6250469107e+01    5.8207604723e+03   -1.5131189715e+02    7.5061428046e+01    3.7496480531e+01    9.1895337630e+00   -1.9799791145e+02    8.1920000000e+03    1.2907905891e-01    3.0886962891e-01
        14   -7.6271765300e+01    5.8235086668e+03   -1.5126078430e+02    7.4989019001e+01    3.7481727092e+01    9.1895337630e+00   -1.9793204516e+02    8.1920000000e+03    1.2907487101e-01    3.0928466797e-01
        15   -7.6274239541e+01    5.8241479529e+03   -1.5127126603e+02    7.4997026488e+01    3.7363853091e+01    9.1895337630e+00   -1.9782465288e+02    8.1920000000e+03    1.2908197811e-01    3.0852539063e-01
        16   -7.6305320701e+01    5.8291643805e+03   -1.5158358760e+02    7.5278266901e+01    3.7496420873e+01    9.1895337630e+00   -1.9826954224e+02    8.1920000000e+03    1.2908446728e-01    3.0941162109e-01
        17   -7.6306106598e+01    5.8285613393e+03   -1.5167107750e+02    7.5364970906e+01    3.7455518967e+01    9.1895337630e+00   -1.9831613023e+02    8.1920000000e+03    1.2907730248e-01    3.0950683594e-01
        18   -7.6260547625e+01    5.8219142119e+03   -1.5149427260e+02    7.5233724975e+01    3.7451578171e+01    9.1895337630e+00   -1.9813538453e+02    8.1920000000e+03    1.2906660261e-01    3.0937011719e-01
        19   -7.6312600862e+01    5.8296253258e+03   -1.5115176811e+02    7.4839167246e+01    3.7380574558e+01    9.1895337630e+00   -1.9772187643e+02    8.1920000000e+03    1.2908072509e-01    3.0930664063e-01
        20   -7.6319730508e+01    5.8304049402e+03   -1.5092957053e+02    7.4609840024e+01    3.7333354784e+01    9.1895337630e+00   -1.9745245908e+02    8.1920000000e+03    1.2906948857e-01    3.0787353516e-01
        21   -7.6258251311e+01    5.8212960977e+03   -1.5113801937e+02    7.4879768064e+01    3.7478978233e+01    9.1895337630e+00   -1.9780653137e+02    8.1920000000e+03    1.2907446653e-01    3.0849853516e-01
        22   -7.6269070116e+01    5.8226590105e+03   -1.5103883921e+02    7.4769769095e+01    3.7267409745e+01    9.1895337630e+00   -1.9749578272e+02    8.1920000000e+03    1.2907558242e-01    3.0907226563e-01
        23   -7.6291675465e+01    5.8261723191e+03   -1.5136488697e+02    7.5073211502e+01    3.7324310140e+01    9.1895337630e+00   -1.9787873087e+02    8.1920000000e+03    1.2907945085e-01    3.0894042969e-01
        24   -7.6301252101e+01    5.8275913711e+03   -1.5150750738e+02    7.5206255279e+01    3.7323005742e+01    9.1895337630e+00   -1.9802004688e+02    8.1920000000e+03    1.2906672130e-01    3.0914794922e-01
        25   -7.6257083252e+01    5.8214385126e+03   -1.5172464111e+02    7.5467557854e+01    3.7281456197e+01    9.1895337630e+00   -1.9819563107e+02    8.1920000000e+03    1.2906642277e-01    3.1000488281e-01
        26   -7.6254324147e+01    5.8208679502e+03   -1.5146165644e+02    7.5207332291e+01    3.7289412462e+01    9.1895337630e+00   -1.9794060266e+02    8.1920000000e+03    1.2907714335e-01    3.0912841797e-01
        27   -7.6315706661e+01    5.8307730159e+03   -1.5129966711e+02    7.4983960445e+01    3.7294587479e+01    9.1895337630e+00   -1.9778378835e+02    8.1920000000e+03    1.2907749821e-01    3.1014160156e-01
        28   -7.6264197006e+01    5.8224425455e+03   -1.5118126141e+02    7.4917064402e+01    3.7326088113e+01    9.1895337630e+00   -1.9769688328e+02    8.1920000000e+03    1.2906734267e-01    3.0861083984e-01
        29   -7.6255716067e+01    5.8208128993e+03   -1.5149463379e+02    7.5238917719e+01    3.7375336259e+01    9.1895337630e+00   -1.9805950381e+02    8.1920000000e+03    1.2908026387e-01    3.1013427734e-01
        30   -7.6257976995e+01    5.8210152382e+03   -1.5154285106e+02    7.5284874063e+01    3.7406276518e+01    9.1895337630e+00   -1.9813866134e+02    8.1920000000e+03    1.2907296998e-01    3.0912597656e-01
        31   -7.6223881038e+01    5.8156839436e+03   -1.5148203658e+02    7.5258155547e+01    3.7375456306e+01    9.1895337630e+00   -1.9804702665e+02    8.1920000000e+03    1.2908066465e-01    3.0745361328e-01
        32   -7.6280730082e+01    5.8256924340e+03   -1.5174432706e+02    7.5463596973e+01    3.7316275397e+01    9.1895337630e+00   -1.9825013622e+02    8.1920000000e+03    1.2909285564e-01    3.0944091797e-01
        33   -7.6290556357e+01    5.8262671163e+03   -1.5158083796e+02    7.5290281604e+01    3.7287451365e+01    9.1895337630e+00   -1.9805782309e+02    8.1920000000e+03    1.2906706985e-01    3.0895263672e-01
        34   -7.6326142949e+01    5.8379384231e+03   -1.5213415201e+02    7.5808009065e+01    3.7431210344e+01    9.1895337630e+00   -1.9875489612e+02    8.1920000000e+03    1.2907874698e-01    3.1010253906e-01
        35   -7.6286674657e+01    5.8367559743e+03   -1.5214757548e+02    7.5860900825e+01    3.7371750449e+01    9.1895337630e+00   -1.9870885969e+02    8.1920000000e+03    1.2908499591e-01    3.0926513672e-01
        36   -7.6241896815e+01    5.8183041700e+03   -1.5232439742e+02    7.6082500600e+01    3.7357330801e+01    9.1895337630e+00   -1.9887126198e+02    8.1920000000e+03    1.2907408568e-01    3.0989257813e-01
        37   -7.6256462223e+01    5.8205613534e+03   -1.5285830094e+02    7.6601838719e+01    3.7480785585e+01    9.1895337630e+00   -1.9952862029e+02    8.1920000000e+03    1.2907195751e-01    3.0980224609e-01
        38   -7.6244263446e+01    5.8192752865e+03   -1.5288467656e+02    7.6640413112e+01    3.7515095335e+01    9.1895337630e+00   -1.9958930566e+02    8.1920000000e+03    1.2906907699e-01    3.0928955078e-01
        39   -7.6269788543e+01    5.8246587817e+03   -1.5279902158e+02    7.6529233036e+01    3.7419811758e+01    9.1895337630e+00   -1.9940836710e+02    8.1920000000e+03    1.2906679302e-01    3.0868164063e-01
