#   index    LocalEnergy         LocalEnergy_sq      LocalPotential      Kinetic             ElecElec            IonIon              IonElec             BlockWeight         BlockCPU            AcceptRatio         
         0   -7.6350823433e+01    5.8352919770e+03   -1.5328910542e+02    7.6938281990e+01    3.7135761958e+01    9.1895337630e+00   -1.9961440114e+02    8.1920000000e+03    1.2907691281e-01    3.1146240234e-01
         1   -7.6396472030e+01    5.8420620234e+03   -1.5333876983e+02    7.6942297798e+01    3.7265376122e+01    9.1895337630e+00   -1.9979367971e+02    8.1920000000e+03    1.2907174180e-01    3.0995605469e-01
         2   -7.6411946808e+01    5.8442165953e+03   -1.5354524698e+02    7.7133300171e+01    3.7253337657e+01    9.1895337630e+00   -1.9998811840e+02    8.1920000000e+03    1.2906888534e-01    3.0997070313e-01
         3   -7.6399174640e+01    5.8420299422e+03   -1.5348560586e+02    7.7086431220e+01    3.7196272151e+01    9.1895337630e+00   -1.9987141177e+02    8.1920000000e+03    1.2906678295e-01    3.1057128906e-01
         4   -7.6398701065e+01    5.8418334959e+03   -1.5345675265e+02    7.7058051583e+01    3.7219692365e+01    9.1895337630e+00   -1.9986597878e+02    8.1920000000e+03    1.2906707782e-01    3.0945800781e-01
         5   -7.6414327193e+01    5.8442615081e+03   -1.5332918642e+02    7.6914859230e+01    3.7218863034e+01    9.1895337630e+00   -1.9973758322e+02    8.1920000000e+03    1.2905169150e-01    3.0953369141e-01
         6   -7.6374848887e+01    5.8385497497e+03   -1.5250929322e+02    7.6134444337e+01    3.7144382870e+01    9.1895337630e+00   -1.9884320986e+02    8.1920000000e+03    1.2906977212e-01    3.0914794922e-01
         7   -7.6392172582e+01    5.8424181356e+03   -1.5265896206e+02    7.6266789481e+01    3.7228228876e+01    9.1895337630e+00   -1.9907672470e+02    8.1920000000e+03    1.2907922353e-01    3.0937988281e-01
         8   -7.6427054452e+01    5.8466565855e+03   -1.5239377327e+02    7.5966718821e+01    3.7105458518e+01    9.1895337630e+00   -1.9868876555e+02    8.1920000000e+03    1.2906423456e-01    3.1034423828e-01
         9   -7.6387480489e+01    5.8416015659e+03   -1.5245079706e+02    7.6063316566e+01    3.7082516549e+01    9.1895337630e+00   -1.9872284737e+02    8.1920000000e+03    1.2907138291e-01    3.1018554687e-01
        10   -7.6392589364e+01    5.8409499416e+03   -1.5209072321e+02    7.5698133844e+01    3.7106841770e+01    9.1895337630e+00   -1.9838709874e+02    8.1920000000e+03    1.2906686865e-01    3.1099853516e-01
        11   -7.6411489572e+01    5.8459787907e+03   -1.5229058349e+02    7.5879093922e+01    3.7145647236e+01    9.1895337630e+00   -1.9862576449e+02    8.1920000000e+03    1.2907160035e-01    3.1062988281e-01
        12   -7.6382856150e+01    5.8395186212e+03   -1.5202983714e+02    7.5646980986e+01    3.7059494245e+01    9.1895337630e+00   -1.9827886514e+02    8.1920000000e+03    1.2906202029e-01    3.1021972656e-01
        13   -7.6395830418e+01    5.8422326540e+03   -1.5215489907e+02    7.5759068648e+01    3.7086588351e+01    9.1895337630e+00   -1.9843102118e+02    8.1920000000e+03    1.2907083220e-01    3.1065673828e-01
        14   -7.6398078798e+01    5.8424829870e+03   -1.5218108879e+02    7.5783009990e+01    3.7152260228e+01    9.1895337630e+00   -1.9852288278e+02    8.1920000000e+03    1.2905393082e-01    3.1067871094e-01
        15   -7.6432013951e+01    5.8476080067e+03   -1.5231929886e+02    7.5887284913e+01    3.7080312515e+01    9.1895337630e+00   -1.9858914514e+02    8.1920000000e+03    1.2907019505e-01    3.1057861328e-01
        16   -7.6385114479e+01    5.8398533551e+03   -1.5227363863e+02    7.5888524154e+01    3.7082114529e+01    9.1895337630e+00   -1.9854528693e+02    8.1920000000e+03    1.2906206822e-01    3.0989501953e-01
        17   -7.6394257347e+01    5.8411123443e+03   -1.5226615426e+02    7.5871896909e+01    3.7095767693e+01    9.1895337630e+00   -1.9855145571e+02    8.1920000000e+03    1.2907090576e-01    3.0969970703e-01
        18   -7.6382738415e+01    5.8398523849e+03   -1.5247528109e+02    7.6092542671e+01    3.7142975171e+01    9.1895337630e+00   -1.9880779002e+02    8.1920000000e+03    1.2905763565e-01    3.0937011719e-01
        19   -7.6389894340e+01    5.8408743596e+03   -1.5237094972e+02    7.5981055382e+01    3.7177751862e+01    9.1895337630e+00   -1.9873823535e+02    8.1920000000e+03    1.2906732430e-01    3.1012451172e-01
        20   -7.6378931597e+01    5.8398380506e+03   -1.5256448053e+02    7.6185548935e+01    3.7120700833e+01    9.1895337630e+00   -1.9887471513e+02    8.1920000000e+03    1.2907062054e-01    3.1247802734e-01
        21   -7.6369116114e+01    5.8376603744e+03   -1.5278926990e+02    7.6420153787e+01    3.7155057685e+01    9.1895337630e+00   -1.9913386135e+02    8.1920000000e+03    1.2906352029e-01    3.0984619141e-01
        22   -7.6361561790e+01    5.8366732648e+03   -1.5258466817e+02    7.6223106376e+01    3.7281228464e+01    9.1895337630e+00   -1.9905543039e+02    8.1920000000e+03    1.2906711306e-01    3.0998046875e-01
        23   -7.6370156373e+01    5.8381988888e+03   -1.5255185031e+02    7.6181693942e+01    3.7183634658e+01    9.1895337630e+00   -1.9892501874e+02    8.1920000000e+03    1.2908535619e-01    3.0900146484e-01
        24   -7.6371092544e+01    5.8374203798e+03   -1.5265659314e+02    7.6285500601e+01    3.7326713473e+01    9.1895337630e+00   -1.9917284038e+02    8.1920000000e+03    1.2907159819e-01    3.1081542969e-01
        25   -7.6374131374e+01    5.8382543509e+03   -1.5284732891e+02    7.6473197532e+01    3.7294034729e+01    9.1895337630e+00   -1.9933089740e+02    8.1920000000e+03    1.2906661437e-01    3.0945312500e-01
        26   -7.6387568426e+01    5.8401558234e+03   -1.5285329612e+02    7.6465727691e+01    3.7273473004e+01    9.1895337630e+00   -1.9931630288e+02    8.1920000000e+03    1.2907538357e-01    3.0992431641e-01
        27   -7.6378118822e+01    5.8385770051e+03   -1.5284447442e+02    7.6466355597e+01    3.7136818650e+01    9.1895337630e+00   -1.9917082683e+02    8.1920000000e+03    1.2906145723e-01    3.1038085938e-01
        28   -7.6378057751e+01    5.8403655776e+03   -1.5295052421e+02    7.6572466455e+01    3.7150398742e+01    9.1895337630e+00   -1.9929045671e+02    8.1920000000e+03    1.2905284491e-01    3.0965820313e-01
        29   -7.6410052259e+01    5.8450259543e+03   -1.5309010623e+02    7.6680053975e+01    3.7127670075e+01    9.1895337630e+00   -1.9940731007e+02    8.1920000000e+03    1.2907551401e-01    3.0982666016e-01
        30   -7.6381696585e+01    5.8403290284e+03   -1.5340025424e+02    7.7018557655e+01    3.7228036356e+01    9.1895337630e+00   -1.9981782436e+02    8.1920000000e+03    1.2907389677e-01    3.1060302734e-01
        31   -7.6382533233e+01    5.8404385888e+03   -1.5313985500e+02    7.6757321765e+01    3.7215267915e+01    9.1895337630e+00   -1.9954465668e+02    8.1920000000e+03    1.2907094587e-01    3.0994873047e-01
        32   -7.6383845254e+01    5.8398372455e+03   -1.5249996500e+02    7.6116119742e+01    3.7171490696e+01    9.1895337630e+00   -1.9886098945e+02    8.1920000000e+03    1.2907128692e-01    3.1030273438e-01
        33   -7.6398968163e+01    5.8419724827e+03   -1.5291719555e+02    7.6518227390e+01    3.7205520638e+01    9.1895337630e+00   -1.9931224995e+02    8.1920000000e+03    1.2905938379e-01    3.1048339844e-01
        34   -7.6382263153e+01    5.8393845836e+03   -1.5308071278e+02    7.6698449631e+01    3.7281899793e+01    9.1895337630e+00   -1.9955214634e+02    8.1920000000e+03    1.2905893270e-01    3.1013427734e-01
        35   -7.6408439919e+01    5.8433412832e+03   -1.5308649718e+02    7.6678057257e+01    3.7204293103e+01    9.1895337630e+00   -1.9948032404e+02    8.1920000000e+03    1.2907629100e-01    3.1126220703e-01
        36   -7.6388926639e+01    5.8405377374e+03   -1.5306332348e+02    7.6674396845e+01    3.7172164018e+01    9.1895337630e+00   -1.9942502126e+02    8.1920000000e+03    1.2905929557e-01    3.1045898438e-01
        37   -7.6375432512e+01    5.8383433703e+03   -1.5312032002e+02    7.6744887513e+01    3.7161377317e+01    9.1895337630e+00   -1.9947123110e+02    8.1920000000e+03    1.2906555267e-01    3.0994384766e-01
        38   -7.6358668195e+01    5.8368613505e+03   -1.5332270065e+02    7.6964032451e+01    3.7257760859e+01    9.1895337630e+00   -1.9976999527e+02    8.1920000000e+03    1.2906688565e-01    3.0970214844e-01
        39   -7.6350235425e+01    5.8350781064e+03   -1.5362893683e+02    7.7278701408e+01    3.7284154182e+01    9.1895337630e+00   -2.0010262478e+02    8.1920000000e+03    1.2906255312e-01    3.0975830078e-01
        40   -7.6408705066e+01    5.8445132342e+03   -1.5373623002e+02    7.7327524950e+01    3.7182754828e+01    9.1895337630e+00   -2.0010851861e+02    8.1920000000e+03    1.2906791696e-01    3.0962646484e-01
        41   -7.6392367876e+01    5.8414462530e+03   -1.5415863709e+02    7.7766269213e+01    3.7201321571e+01    9.1895337630e+00   -2.0054949242e+02    8.1920000000e+03    1.2906187904e-01    3.1022460938e-01
        42   -7.6360903684e+01    5.8370730175e+03   -1.5385860339e+02    7.7497699704e+01    3.7113399975e+01    9.1895337630e+00   -2.0016153713e+02    8.1920000000e+03    1.2907360524e-01    3.0952636719e-01
        43   -7.6353431961e+01    5.8354845165e+03   -1.5388714577e+02    7.7533713805e+01    3.7113181952e+01    9.1895337630e+00   -2.0018986148e+02    8.1920000000e+03    1.2906851858e-01    3.1096435547e-01
        44   -7.6387495870e+01    5.8403859717e+03   -1.5394576826e+02    7.7558272389e+01    3.7184975322e+01    9.1895337630e+00   -2.0032027734e+02    8.1920000000e+03    1.2905004049e-01    3.1103515625e-01
        45   -7.6393741003e+01    5.8412712780e+03   -1.5389140977e+02    7.7497668768e+01    3.7151108349e+01    9.1895337630e+00   -2.0023205188e+02    8.1920000000e+03    1.2906840534e-01    3.0985595703e-01
        46   -7.6416974678e+01    5.8450047451e+03   -1.5402283635e+02    7.7605861673e+01    3.7129568600e+01    9.1895337630e+00   -2.0034193871e+02    8.1920000000e+03    1.2906114812e-01    3.0941162109e-01
        47   -7.6386651393e+01    5.8408135366e+03   -1.5408385135e+02    7.7697199961e+01    3.7276675586e+01    9.1895337630e+00   -2.0055006070e+02    8.1920000000e+03    1.2907258785e-01    3.0908691406e-01
        48   -7.6421593381e+01    5.8453544474e+03   -1.5379927779e+02    7.7377684404e+01    3.7191917549e+01    9.1895337630e+00   -2.0018072910e+02    8.1920000000e+03    1.2907543543e-01    3.0990478516e-01
        49   -7.6451275776e+01    5.8518307129e+03   -1.5380287985e+02    7.7351604078e+01    3.7177647849e+01    9.1895337630e+00   -2.0017006147e+02    8.1920000000e+03    1.2907013277e-01    3.1013427734e-01
        50   -7.6404462489e+01    5.8426143335e+03   -1.5330855052e+02    7.6904088034e+01    3.7187381102e+01    9.1895337630e+00   -1.9968546539e+02    8.1920000000e+03    1.2906430854e-01    3.0959472656e-01
        51   -7.6388852011e+01    5.8446547014e+03   -1.5361799403e+02    7.7229142015e+01    3.7162596142e+01    9.1895337630e+00   -1.9997012393e+02    8.1920000000e+03    1.2907343614e-01    3.0928710938e-01
        52   -7.6395576229e+01    5.8431200360e+03   -1.5383023404e+02    7.7434657807e+01    3.7186083659e+01    9.1895337630e+00   -2.0020585146e+02    8.1920000000e+03    1.2906777394e-01    3.1031494141e-01
        53   -7.6400937714e+01    5.8428472413e+03   -1.5293370470e+02    7.6532766985e+01    3.7121887934e+01    9.1895337630e+00   -1.9924512640e+02    8.1920000000e+03    1.2906279543e-01    3.1129394531e-01
        54   -7.6419349679e+01    5.8459139160e+03   -1.5314888256e+02    7.6729532878e+01    3.7138145056e+01    9.1895337630e+00   -1.9947656138e+02    8.1920000000e+03    1.2907660667e-01    3.1123046875e-01
        55   -7.6427421461e+01    5.8478701446e+03   -1.5324107900e+02    7.6813657535e+01    3.7184244883e+01    9.1895337630e+00   -1.9961485764e+02    8.1920000000e+03    1.2907376200e-01    3.1019775391e-01
        56   -7.6367093187e+01    5.8378713538e+03   -1.5314957266e+02    7.6782479472e+01    3.7299521305e+01    9.1895337630e+00   -1.9963862773e+02    8.1920000000e+03    1.2906205883e-01    3.1081542969e-01
        57   -7.6397282722e+01    5.8413732239e+03   -1.5281500291e+02    7.6417720186e+01    3.7197189567e+01    9.1895337630e+00   -1.9920172624e+02    8.1920000000e+03    1.2906564282e-01    3.1039794922e-01
        58   -7.6353151403e+01    5.8347166814e+03   -1.5291629954e+02    7.6563148142e+01    3.7145585927e+01    9.1895337630e+00   -1.9925141923e+02    8.1920000000e+03    1.2906829688e-01    3.0967773438e-01
        59   -7.6404575207e+01    5.8429070091e+03   -1.5289552656e+02    7.6490951349e+01    3.7023386077e+01    9.1895337630e+00   -1.9910844640e+02    8.1920000000e+03    1.2905801528e-01    3.0977539063e-01
        60   -7.6371388619e+01    5.8381281836e+03   -1.5286950161e+02    7.6498112989e+01    3.6997741958e+01    9.1895337630e+00   -1.9905677733e+02    8.1920000000e+03    1.2906808362e-01    3.0965576172e-01
        61   -7.6400619634e+01    5.8433688910e+03   -1.5265947280e+02    7.6258853165e+01    3.7063528706e+01    9.1895337630e+00   -1.9891253527e+02    8.1920000000e+03    1.2906107038e-01    3.1078125000e-01
        62   -7.6353814766e+01    5.8354707420e+03   -1.5282307046e+02    7.6469255695e+01    3.7130284528e+01    9.1895337630e+00   -1.9914288875e+02    8.1920000000e+03    1.2907281373e-01    3.0988769531e-01
        63   -7.6383122055e+01    5.8400711594e+03   -1.5313276338e+02    7.6749641330e+01    3.7173690490e+01    9.1895337630e+00   -1.9949598764e+02    8.1920000000e+03    1.2908137754e-01    3.1001464844e-01
        64   -7.6375156890e+01    5.8395948322e+03   -1.5303266988e+02    7.6657512989e+01    3.7148342242e+01    9.1895337630e+00   -1.9937054588e+02    8.1920000000e+03    1.2905580005e-01    3.1001464844e-01
        65   -7.6361732677e+01    5.8361151024e+03   -1.5284276162e+02    7.6481028941e+01    3.7020343752e+01    9.1895337630e+00   -1.9905263913e+02    8.1920000000e+03    1.2906049344e-01    3.1178710938e-01
        66   -7.6363910245e+01    5.8370133700e+03   -1.5286220283e+02    7.6498292585e+01    3.7100384731e+01    9.1895337630e+00   -1.9915212132e+02    8.1920000000e+03    1.2905394580e-01    3.1080322266e-01
        67   -7.6363068149e+01    5.8365887142e+03   -1.5283006494e+02    7.6466996789e+01    3.7045808235e+01    9.1895337630e+00   -1.9906540694e+02    8.1920000000e+03    1.2906954052e-01    3.0928222656e-01
        68   -7.6371293027e+01    5.8379142464e+03   -1.5292456182e+02    7.6553268790e+01    3.7093977881e+01    9.1895337630e+00   -1.9920807346e+02    8.1920000000e+03    1.2907087223e-01    3.1069335937e-01
        69   -7.6361325505e+01    5.8368437461e+03   -1.5284554424e+02    7.6484218733e+01    3.7159234003e+01    9.1895337630e+00   -1.9919431200e+02    8.1920000000e+03    1.2906993826e-01    3.0964355469e-01
        70   -7.6367807346e+01    5.8380251767e+03   -1.5277592191e+02    7.6408114567e+01    3.7211766479e+01    9.1895337630e+00   -1.9917722215e+02    8.1920000000e+03    1.2906781904e-01    3.0969970703e-01
        71   -7.6360248858e+01    5.8359117859e+03   -1.5273475632e+02    7.6374507459e+01    3.7162375835e+01    9.1895337630e+00   -1.9908666592e+02    8.1920000000e+03    1.2906935142e-01    3.1049072266e-01
        72   -7.6391371159e+01    5.8407467208e+03   -1.5289155384e+02    7.6500182685e+01    3.7276533038e+01    9.1895337630e+00   -1.9935762065e+02    8.1920000000e+03    1.2907527175e-01    3.1063720703e-01
        73   -7.6359776114e+01    5.8358723371e+03   -1.5273172318e+02    7.6371947062e+01    3.7209253036e+01    9.1895337630e+00   -1.9913050997e+02    8.1920000000e+03    1.2907719812e-01    3.0881835938e-01
        74   -7.6377169239e+01    5.8399605199e+03   -1.5313038213e+02    7.6753212886e+01    3.7318976348e+01    9.1895337630e+00   -1.9963889224e+02    8.1920000000e+03    1.2906332139e-01    3.0935791016e-01
        75   -7.6396244840e+01    5.8425554412e+03   -1.5289802006e+02    7.6501775218e+01    3.7234302827e+01    9.1895337630e+00   -1.9932185665e+02    8.1920000000e+03    1.2905877057e-01    3.1037109375e-01
        76   -7.6381900555e+01    5.8396370391e+03   -1.5314754693e+02    7.6765646377e+01    3.7157100487e+01    9.1895337630e+00   -1.9949418118e+02    8.1920000000e+03    1.2907481696e-01    3.1025146484e-01
        77   -7.6385217062e+01    5.8406581146e+03   -1.5322850273e+02    7.6843285669e+01    3.7140688956e+01    9.1895337630e+00   -1.9955872545e+02    8.1920000000e+03    1.2906350569e-01    3.1024414063e-01
        78   -7.6400667015e+01    5.8430427987e+03   -1.5347879524e+02    7.7078128220e+01    3.7248148385e+01    9.1895337630e+00   -1.9991647738e+02    8.1920000000e+03    1.2906525475e-01    3.1154541016e-01
        79   -7.6386951240e+01    5.8403829781e+03   -1.5351060105e+02    7.7123649805e+01    3.7222016928e+01    9.1895337630e+00   -1.9992215174e+02    8.1920000000e+03    1.2908010635e-01    3.0869140625e-01
