#   index    LocalEnergy         LocalEnergy_sq      LocalPotential      Kinetic             ElecElec            IonIon              IonElec             BlockWeight         BlockCPU            AcceptRatio         
         0   -7.6391307002e+01    5.8419197926e+03   -1.5298442427e+02    7.6593117265e+01    3.7160155082e+01    9.1895337630e+00   -1.9933411311e+02    8.1920000000e+03    1.2914410163e-01    3.1051513672e-01
         1   -7.6374422078e+01    5.8389140059e+03   -1.5313281789e+02    7.6758395815e+01    3.7183665641e+01    9.1895337630e+00   -1.9950601730e+02    8.1920000000e+03    1.2912615071e-01    3.0930419922e-01
         2   -7.6402881103e+01    5.8430568877e+03   -1.5285319151e+02    7.6450310409e+01    3.7171102085e+01    9.1895337630e+00   -1.9921382736e+02    8.1920000000e+03    1.2912487388e-01    3.0969970703e-01
         3   -7.6353881466e+01    5.8348948312e+03   -1.5280149936e+02    7.6447617896e+01    3.7128030287e+01    9.1895337630e+00   -1.9911906341e+02    8.1920000000e+03    1.2914284322e-01    3.1016601563e-01
         4   -7.6373388229e+01    5.8381860403e+03   -1.5318162325e+02    7.6808235023e+01    3.7149010525e+01    9.1895337630e+00   -1.9952016754e+02    8.1920000000e+03    1.2913445106e-01    3.1097656250e-01
         5   -7.6392127646e+01    5.8418388385e+03   -1.5303990802e+02    7.6647780377e+01    3.7127365151e+01    9.1895337630e+00   -1.9935680694e+02    8.1920000000e+03    1.2913847054e-01    3.1059082031e-01
         6   -7.6379907986e+01    5.8389831250e+03   -1.5287100726e+02    7.6491099277e+01    3.7099724284e+01    9.1895337630e+00   -1.9916026531e+02    8.1920000000e+03    1.2914144499e-01    3.0941650391e-01
         7   -7.6395412745e+01    5.8415783223e+03   -1.5295525561e+02    7.6559842863e+01    3.7066159921e+01    9.1895337630e+00   -1.9921094929e+02    8.1920000000e+03    1.2913408871e-01    3.0956787109e-01
         8   -7.6391163477e+01    5.8411194698e+03   -1.5308096792e+02    7.6689804442e+01    3.7248965716e+01    9.1895337630e+00   -1.9951946740e+02    8.1920000000e+03    1.2913194864e-01    3.0992675781e-01
         9   -7.6389020920e+01    5.8412101624e+03   -1.5318236549e+02    7.6793344572e+01    3.7212178546e+01    9.1895337630e+00   -1.9958407780e+02    8.1920000000e+03    1.2914124638e-01    3.0963378906e-01
        10   -7.6387169414e+01    5.8406586796e+03   -1.5310138198e+02    7.6714212565e+01    3.7164799643e+01    9.1895337630e+00   -1.9945571538e+02    8.1920000000e+03    1.2912396653e-01    3.1084472656e-01
        11   -7.6340821942e+01    5.8353960688e+03   -1.5294600428e+02    7.6605182343e+01    3.7071558203e+01    9.1895337630e+00   -1.9920709625e+02    8.1920000000e+03    1.2912679609e-01    3.1002197266e-01
        12   -7.6401479671e+01    5.8442585727e+03   -1.5285911760e+02    7.6457637931e+01    3.7160975944e+01    9.1895337630e+00   -1.9920962731e+02    8.1920000000e+03    1.2913731901e-01    3.1037841797e-01
        13   -7.6392933107e+01    5.8416943837e+03   -1.5275029391e+02    7.6357360807e+01    3.7147275428e+01    9.1895337630e+00   -1.9908710311e+02    8.1920000000e+03    1.2911937359e-01    3.0933349609e-01
        14   -7.6381681339e+01    5.8396657113e+03   -1.5261592301e+02    7.6234241674e+01    3.7126676505e+01    9.1895337630e+00   -1.9893213328e+02    8.1920000000e+03    1.2912576985e-01    3.0941894531e-01
        15   -7.6374062086e+01    5.8382850892e+03   -1.5244215230e+02    7.6068090209e+01    3.7108214925e+01    9.1895337630e+00   -1.9873990098e+02    8.1920000000e+03    1.2913840063e-01    3.1066894531e-01
        16   -7.6358026174e+01    5.8413171263e+03   -1.5255470086e+02    7.6196674686e+01    3.7137584235e+01    9.1895337630e+00   -1.9888181886e+02    8.1920000000e+03    1.2911554794e-01    3.0892089844e-01
        17   -7.6448160648e+01    5.8505275499e+03   -1.5268159035e+02    7.6233429703e+01    3.7064764790e+01    9.1895337630e+00   -1.9893588890e+02    8.1920000000e+03    1.2913118698e-01    3.1054687500e-01
        18   -7.6415557343e+01    5.8447112172e+03   -1.5253544931e+02    7.6119891968e+01    3.7115482766e+01    9.1895337630e+00   -1.9884046584e+02    8.1920000000e+03    1.2914035812e-01    3.1067871094e-01
        19   -7.6410246017e+01    5.8441240870e+03   -1.5254448162e+02    7.6134235601e+01    3.7235168878e+01    9.1895337630e+00   -1.9896918426e+02    8.1920000000e+03    1.2914076052e-01    3.1022216797e-01
        20   -7.6404647174e+01    5.8434793270e+03   -1.5241447030e+02    7.6009823126e+01    3.7158760201e+01    9.1895337630e+00   -1.9876276426e+02    8.1920000000e+03    1.2913873637e-01    3.0984375000e-01
        21   -7.6386247936e+01    5.8397724899e+03   -1.5219064167e+02    7.5804393736e+01    3.7143642580e+01    9.1895337630e+00   -1.9852381802e+02    8.1920000000e+03    1.2913400188e-01    3.0873046875e-01
        22   -7.6424728627e+01    5.8469425152e+03   -1.5244863256e+02    7.6023903937e+01    3.7249277001e+01    9.1895337630e+00   -1.9888744333e+02    8.1920000000e+03    1.2913489674e-01    3.1000732422e-01
        23   -7.6381892047e+01    5.8401673704e+03   -1.5233497122e+02    7.5953079175e+01    3.7190210492e+01    9.1895337630e+00   -1.9871471548e+02    8.1920000000e+03    1.2913230525e-01    3.1050537109e-01
        24   -7.6389709219e+01    5.8409353139e+03   -1.5220792631e+02    7.5818217090e+01    3.7135252170e+01    9.1895337630e+00   -1.9853271224e+02    8.1920000000e+03    1.2914742775e-01    3.1005615234e-01
        25   -7.6384039299e+01    5.8397745873e+03   -1.5226484691e+02    7.5880807606e+01    3.7133472098e+01    9.1895337630e+00   -1.9858785277e+02    8.1920000000e+03    1.2912902455e-01    3.0961425781e-01
        26   -7.6347851946e+01    5.8339604484e+03   -1.5222736761e+02    7.5879515661e+01    3.7225466894e+01    9.1895337630e+00   -1.9864236826e+02    8.1920000000e+03    1.2912416020e-01    3.1083251953e-01
        27   -7.6371138609e+01    5.8377316385e+03   -1.5231973267e+02    7.5948594059e+01    3.7123353574e+01    9.1895337630e+00   -1.9863262001e+02    8.1920000000e+03    1.2914472875e-01    3.0924072266e-01
        28   -7.6394342292e+01    5.8408599277e+03   -1.5223031760e+02    7.5835975306e+01    3.7010080928e+01    9.1895337630e+00   -1.9842993229e+02    8.1920000000e+03    1.2912482126e-01    3.0871093750e-01
        29   -7.6422671544e+01    5.8454604806e+03   -1.5215046329e+02    7.5727791743e+01    3.7071148313e+01    9.1895337630e+00   -1.9841114536e+02    8.1920000000e+03    1.2912766919e-01    3.1170166016e-01
        30   -7.6383524039e+01    5.8397553322e+03   -1.5222357587e+02    7.5840051830e+01    3.7094259372e+01    9.1895337630e+00   -1.9850736900e+02    8.1920000000e+03    1.2914061168e-01    3.1018554687e-01
        31   -7.6401064500e+01    5.8421493276e+03   -1.5211884077e+02    7.5717776271e+01    3.7182468395e+01    9.1895337630e+00   -1.9849084293e+02    8.1920000000e+03    1.2914877200e-01    3.1189453125e-01
        32   -7.6398137659e+01    5.8417949705e+03   -1.5209155026e+02    7.5693412599e+01    3.7136010743e+01    9.1895337630e+00   -1.9841709476e+02    8.1920000000e+03    1.2913353902e-01    3.1004150391e-01
        33   -7.6384143221e+01    5.8397466165e+03   -1.5200175991e+02    7.5617616693e+01    3.7136994469e+01    9.1895337630e+00   -1.9832828815e+02    8.1920000000e+03    1.2913212187e-01    3.0934570313e-01
        34   -7.6394668937e+01    5.8410474645e+03   -1.5218192792e+02    7.5787258983e+01    3.7163302063e+01    9.1895337630e+00   -1.9853476375e+02    8.1920000000e+03    1.2913585389e-01    3.1103515625e-01
        35   -7.6427851441e+01    5.8462786627e+03   -1.5199826139e+02    7.5570409953e+01    3.7169160254e+01    9.1895337630e+00   -1.9835695541e+02    8.1920000000e+03    1.2912590619e-01    3.1110107422e-01
        36   -7.6419184378e+01    5.8451400059e+03   -1.5205455425e+02    7.5635369870e+01    3.7245594806e+01    9.1895337630e+00   -1.9848968282e+02    8.1920000000e+03    1.2912408726e-01    3.0942871094e-01
        37   -7.6415915442e+01    5.8454670556e+03   -1.5209724633e+02    7.5681330889e+01    3.7126825218e+01    9.1895337630e+00   -1.9841360531e+02    8.1920000000e+03    1.2913242892e-01    3.0965576172e-01
        38   -7.6409473269e+01    5.8436579745e+03   -1.5235207274e+02    7.5942599470e+01    3.7204239366e+01    9.1895337630e+00   -1.9874584587e+02    8.1920000000e+03    1.2913469471e-01    3.0912353516e-01
        39   -7.6391354760e+01    5.8408328282e+03   -1.5200890865e+02    7.5617553887e+01    3.7113518655e+01    9.1895337630e+00   -1.9831196107e+02    8.1920000000e+03    1.2912912904e-01    3.1015869141e-01
        40   -7.6400729299e+01    5.8425202957e+03   -1.5225303019e+02    7.5852300894e+01    3.7254503773e+01    9.1895337630e+00   -1.9869706773e+02    8.1920000000e+03    1.2913652399e-01    3.1099121094e-01
        41   -7.6367270574e+01    5.8372462987e+03   -1.5215811926e+02    7.5790848688e+01    3.7195676117e+01    9.1895337630e+00   -1.9854332914e+02    8.1920000000e+03    1.2913397876e-01    3.1035156250e-01
        42   -7.6381632268e+01    5.8392961536e+03   -1.5200590282e+02    7.5624270555e+01    3.7172348860e+01    9.1895337630e+00   -1.9836778545e+02    8.1920000000e+03    1.2912775527e-01    3.1036621094e-01
        43   -7.6416576070e+01    5.8456771593e+03   -1.5198445368e+02    7.5567877606e+01    3.7133047184e+01    9.1895337630e+00   -1.9830703462e+02    8.1920000000e+03    1.2913917134e-01    3.1084960938e-01
        44   -7.6408793535e+01    5.8438294935e+03   -1.5210782565e+02    7.5699032112e+01    3.7258408540e+01    9.1895337630e+00   -1.9855576795e+02    8.1920000000e+03    1.2913553810e-01    3.1055664062e-01
        45   -7.6383729762e+01    5.8395986335e+03   -1.5238935992e+02    7.6005630157e+01    3.7203294714e+01    9.1895337630e+00   -1.9878218839e+02    8.1920000000e+03    1.2913041768e-01    3.1044189453e-01
        46   -7.6413968344e+01    5.8441022472e+03   -1.5232326735e+02    7.5909299008e+01    3.7159851830e+01    9.1895337630e+00   -1.9867265295e+02    8.1920000000e+03    1.2913787684e-01    3.0991455078e-01
        47   -7.6401998225e+01    5.8425921490e+03   -1.5258038092e+02    7.6178382695e+01    3.7141961953e+01    9.1895337630e+00   -1.9891187664e+02    8.1920000000e+03    1.2912851969e-01    3.1019531250e-01
        48   -7.6429557928e+01    5.8490938420e+03   -1.5292369103e+02    7.6494133106e+01    3.7214977155e+01    9.1895337630e+00   -1.9932820195e+02    8.1920000000e+03    1.2913313510e-01    3.0965820313e-01
        49   -7.6426374542e+01    5.8471700583e+03   -1.5298258790e+02    7.6556213357e+01    3.7202880776e+01    9.1895337630e+00   -1.9937500244e+02    8.1920000000e+03    1.2913717803e-01    3.1008544922e-01
        50   -7.6404223838e+01    5.8430948522e+03   -1.5309113095e+02    7.6686907109e+01    3.7166368496e+01    9.1895337630e+00   -1.9944703321e+02    8.1920000000e+03    1.2913838335e-01    3.1030029297e-01
        51   -7.6414410866e+01    5.8441370348e+03   -1.5316872393e+02    7.6754313064e+01    3.7209170127e+01    9.1895337630e+00   -1.9956742782e+02    8.1920000000e+03    1.2914398675e-01    3.0821044922e-01
        52   -7.6403401855e+01    5.8427285172e+03   -1.5306941773e+02    7.6666015871e+01    3.7210011473e+01    9.1895337630e+00   -1.9946896296e+02    8.1920000000e+03    1.2914754472e-01    3.0912353516e-01
        53   -7.6381188734e+01    5.8391347169e+03   -1.5312234525e+02    7.6741156517e+01    3.7198788559e+01    9.1895337630e+00   -1.9951066757e+02    8.1920000000e+03    1.2913120998e-01    3.1019042969e-01
        54   -7.6415730993e+01    5.8443090353e+03   -1.5269209809e+02    7.6276367098e+01    3.7087660058e+01    9.1895337630e+00   -1.9896929191e+02    8.1920000000e+03    1.2912962742e-01    3.1061035156e-01
        55   -7.6412057105e+01    5.8439329200e+03   -1.5256713273e+02    7.6155075626e+01    3.7166377567e+01    9.1895337630e+00   -1.9892304406e+02    8.1920000000e+03    1.2913875812e-01    3.1019287109e-01
        56   -7.6423185022e+01    5.8461788353e+03   -1.5285677029e+02    7.6433585267e+01    3.7178096229e+01    9.1895337630e+00   -1.9922440028e+02    8.1920000000e+03    1.2913271027e-01    3.0894287109e-01
        57   -7.6368209778e+01    5.8373342469e+03   -1.5292079737e+02    7.6552587591e+01    3.7215202814e+01    9.1895337630e+00   -1.9932553395e+02    8.1920000000e+03    1.2912767813e-01    3.1005859375e-01
        58   -7.6388831873e+01    5.8400169356e+03   -1.5279344217e+02    7.6404610296e+01    3.7265276022e+01    9.1895337630e+00   -1.9924825195e+02    8.1920000000e+03    1.2912858578e-01    3.0971191406e-01
        59   -7.6402366527e+01    5.8439780184e+03   -1.5271616742e+02    7.6313800891e+01    3.7245262541e+01    9.1895337630e+00   -1.9915096372e+02    8.1920000000e+03    1.2914777646e-01    3.1052001953e-01
        60   -7.6415757617e+01    5.8455087658e+03   -1.5260759702e+02    7.6191839405e+01    3.7165435154e+01    9.1895337630e+00   -1.9896256594e+02    8.1920000000e+03    1.2913180224e-01    3.0926025391e-01
        61   -7.6415740382e+01    5.8444757876e+03   -1.5274356754e+02    7.6327827156e+01    3.7146051480e+01    9.1895337630e+00   -1.9907915278e+02    8.1920000000e+03    1.2913442399e-01    3.0909423828e-01
        62   -7.6386920198e+01    5.8397908686e+03   -1.5250868423e+02    7.6121764033e+01    3.7116624577e+01    9.1895337630e+00   -1.9881484257e+02    8.1920000000e+03    1.2913351548e-01    3.0998046875e-01
        63   -7.6395559721e+01    5.8414813766e+03   -1.5261315809e+02    7.6217598369e+01    3.7137513658e+01    9.1895337630e+00   -1.9894020551e+02    8.1920000000e+03    1.2930292033e-01    3.1010742188e-01
        64   -7.6390505220e+01    5.8406403855e+03   -1.5279239565e+02    7.6401890428e+01    3.7325211225e+01    9.1895337630e+00   -1.9930714064e+02    8.1920000000e+03    1.2914998721e-01    3.1103515625e-01
        65   -7.6368673283e+01    5.8377146681e+03   -1.5311760506e+02    7.6748931778e+01    3.7292327760e+01    9.1895337630e+00   -1.9959946658e+02    8.1920000000e+03    1.2913395788e-01    3.1055419922e-01
        66   -7.6410057496e+01    5.8435411496e+03   -1.5270105520e+02    7.6290997704e+01    3.7266933997e+01    9.1895337630e+00   -1.9915752296e+02    8.1920000000e+03    1.2912087025e-01    3.0992187500e-01
        67   -7.6374323363e+01    5.8387805966e+03   -1.5284463336e+02    7.6470310001e+01    3.7282701376e+01    9.1895337630e+00   -1.9931686850e+02    8.1920000000e+03    1.2911928491e-01    3.0903076172e-01
        68   -7.6395598556e+01    5.8418715825e+03   -1.5285742588e+02    7.6461827322e+01    3.7299013636e+01    9.1895337630e+00   -1.9934597328e+02    8.1920000000e+03    1.2913884507e-01    3.0897460937e-01
        69   -7.6393114896e+01    5.8412767508e+03   -1.5263606547e+02    7.6242950575e+01    3.7255730429e+01    9.1895337630e+00   -1.9908132966e+02    8.1920000000e+03    1.2912842938e-01    3.1096923828e-01
        70   -7.6416878313e+01    5.8448171110e+03   -1.5289047857e+02    7.6473600261e+01    3.7177671422e+01    9.1895337630e+00   -1.9925768376e+02    8.1920000000e+03    1.2911922913e-01    3.0923583984e-01
        71   -7.6373384527e+01    5.8379080179e+03   -1.5286331700e+02    7.6489932469e+01    3.7186439154e+01    9.1895337630e+00   -1.9923928991e+02    8.1920000000e+03    1.2915324078e-01    3.1043212891e-01
        72   -7.6376434033e+01    5.8386033407e+03   -1.5311636843e+02    7.6739934399e+01    3.7250438231e+01    9.1895337630e+00   -1.9955634043e+02    8.1920000000e+03    1.2913019168e-01    3.1105224609e-01
        73   -7.6395406855e+01    5.8412270821e+03   -1.5318822454e+02    7.6792817681e+01    3.7215580566e+01    9.1895337630e+00   -1.9959333887e+02    8.1920000000e+03    1.2912661415e-01    3.1014404297e-01
        74   -7.6362605108e+01    5.8384609709e+03   -1.5336368615e+02    7.7001081038e+01    3.7211337100e+01    9.1895337630e+00   -1.9976455701e+02    8.1920000000e+03    1.2914456079e-01    3.0998779297e-01
        75   -7.6362436514e+01    5.8373134808e+03   -1.5330564631e+02    7.6943209798e+01    3.7153179908e+01    9.1895337630e+00   -1.9964835998e+02    8.1920000000e+03    1.2913711287e-01    3.0863281250e-01
        76   -7.6402892354e+01    5.8424933863e+03   -1.5340908337e+02    7.7006191021e+01    3.7268498019e+01    9.1895337630e+00   -1.9986711516e+02    8.1920000000e+03    1.2913631833e-01    3.1027587891e-01
        77   -7.6365060941e+01    5.8367696033e+03   -1.5310322482e+02    7.6738163874e+01    3.7265320920e+01    9.1895337630e+00   -1.9955807950e+02    8.1920000000e+03    1.2913727045e-01    3.0914062500e-01
        78   -7.6422395950e+01    5.8460296502e+03   -1.5337865820e+02    7.6956262251e+01    3.7196627621e+01    9.1895337630e+00   -1.9976481958e+02    8.1920000000e+03    1.2912142370e-01    3.0948974609e-01
        79   -7.6394111718e+01    5.8410378680e+03   -1.5289578176e+02    7.6501670043e+01    3.7162375020e+01    9.1895337630e+00   -1.9924769054e+02    8.1920000000e+03    1.2912600270e-01    3.0937744141e-01
